Australia, Life tables (period 5x5), Total     Last modified: 12-Oct-2016, MPv5 (May07)

  Year          Age         mx       qx    ax      lx      dx      Lx       Tx     ex
1921-1924        0      0.06135  0.05854  0.22  100000    5854   95423  6199774  62.00
1921-1924      1-4      0.00548  0.02161  1.36   94146    2035  371212  6104351  64.84
1921-1924      5-9      0.00169  0.00841  2.28   92111     774  458453  5733139  62.24
1921-1924     10-14     0.00136  0.00677  2.60   91337     619  455197  5274687  57.75
1921-1924     15-19     0.00207  0.01028  2.73   90718     933  451476  4819489  53.13
1921-1924     20-24     0.00294  0.01460  2.59   89786    1311  445773  4368013  48.65
1921-1924     25-29     0.00347  0.01719  2.57   88475    1521  438675  3922240  44.33
1921-1924     30-34     0.00396  0.01960  2.58   86954    1704  430652  3483565  40.06
1921-1924     35-39     0.00505  0.02495  2.59   85250    2127  421122  3052913  35.81
1921-1924     40-44     0.00610  0.03003  2.54   83123    2496  409476  2631791  31.66
1921-1924     45-49     0.00828  0.04060  2.55   80626    3273  395101  2222314  27.56
1921-1924     50-54     0.01126  0.05480  2.60   77353    4239  376591  1827213  23.62
1921-1924     55-59     0.01582  0.07620  2.61   73114    5572  352244  1450622  19.84
1921-1924     60-64     0.02435  0.11507  2.61   67542    7772  319145  1098378  16.26
1921-1924     65-69     0.03681  0.16880  2.55   59771   10089  274091   779233  13.04
1921-1924     70-74     0.05709  0.25086  2.59   49681   12463  218314   505142  10.17
1921-1924     75-79     0.09313  0.37700  2.47   37218   14031  150656   286828   7.71
1921-1924     80-84     0.13401  0.49773  2.42   23187   11541   86122   136172   5.87
1921-1924     85-89     0.21111  0.66131  2.18   11646    7702   36482    50050   4.30
1921-1924     90-94     0.26692  0.74264  2.01    3944    2929   10975    13568   3.44
1921-1924     95-99     0.37905  0.86506  1.86    1015     878    2317     2594   2.56
1921-1924    100-104    0.48733  0.92570  1.65     137     127     260      277   2.02
1921-1924    105-109    0.59701  0.95959  1.46      10      10      16       17   1.67
1921-1924    110+       0.68318  1.00000  1.46       0       0       1        1   1.46
1925-1929        0      0.05526  0.05293  0.20  100000    5293   95773  6298028  62.98
1925-1929      1-4      0.00485  0.01917  1.37   94707    1815  374059  6202256  65.49
1925-1929      5-9      0.00152  0.00759  2.27   92892     705  462533  5828197  62.74
1925-1929     10-14     0.00121  0.00603  2.57   92187     556  459587  5365664  58.20
1925-1929     15-19     0.00192  0.00954  2.74   91632     874  456180  4906076  53.54
1925-1929     20-24     0.00281  0.01394  2.61   90758    1265  450766  4449897  49.03
1925-1929     25-29     0.00326  0.01615  2.54   89493    1445  443900  3999131  44.69
1925-1929     30-34     0.00368  0.01822  2.56   88047    1604  436314  3555231  40.38
1925-1929     35-39     0.00466  0.02306  2.58   86443    1993  427399  3118917  36.08
1925-1929     40-44     0.00580  0.02859  2.59   84450    2414  416433  2691518  31.87
1925-1929     45-49     0.00801  0.03929  2.61   82036    3223  402472  2275085  27.73
1925-1929     50-54     0.01103  0.05371  2.60   78812    4233  383907  1872613  23.76
1925-1929     55-59     0.01543  0.07442  2.64   74580    5550  359815  1488705  19.96
1925-1929     60-64     0.02341  0.11094  2.65   69029    7658  327128  1128891  16.35
1925-1929     65-69     0.03631  0.16669  2.55   61371   10230  281771   801762  13.06
1925-1929     70-74     0.05681  0.25009  2.61   51141   12790  225115   519992  10.17
1925-1929     75-79     0.09267  0.37507  2.46   38351   14384  155220   294877   7.69
1925-1929     80-84     0.13566  0.50308  2.43   23967   12057   88880   139657   5.83
1925-1929     85-89     0.21102  0.66199  2.19   11909    7884   37361    50776   4.26
1925-1929     90-94     0.27703  0.76307  2.06    4026    3072   11088    13415   3.33
1925-1929     95-99     0.39835  0.87928  1.82     954     839    2105     2327   2.44
1925-1929    100-104    0.51378  0.93628  1.61     115     108     210      221   1.92
1925-1929    105-109    0.62808  0.96627  1.42       7       7      11       12   1.59
1925-1929    110+       0.71605  1.00000  1.40       0       0       0        0   1.40
1930-1934        0      0.04379  0.04226  0.17  100000    4226   96490  6519531  65.20
1930-1934      1-4      0.00402  0.01591  1.44   95774    1524  379202  6423041  67.06
1930-1934      5-9      0.00137  0.00681  2.27   94251     642  469502  6043839  64.13
1930-1934     10-14     0.00106  0.00530  2.57   93609     497  466837  5574337  59.55
1930-1934     15-19     0.00160  0.00798  2.74   93112     743  463880  5107501  54.85
1930-1934     20-24     0.00230  0.01146  2.58   92370    1058  459283  4643620  50.27
1930-1934     25-29     0.00269  0.01334  2.54   91311    1218  453562  4184337  45.82
1930-1934     30-34     0.00306  0.01518  2.56   90093    1368  447131  3730775  41.41
1930-1934     35-39     0.00385  0.01909  2.60   88725    1694  439565  3283644  37.01
1930-1934     40-44     0.00486  0.02404  2.60   87031    2092  430133  2844080  32.68
1930-1934     45-49     0.00694  0.03414  2.63   84939    2900  417823  2413947  28.42
1930-1934     50-54     0.01001  0.04891  2.67   82039    4013  400848  1996124  24.33
1930-1934     55-59     0.01442  0.06972  2.62   78026    5440  377207  1595276  20.45
1930-1934     60-64     0.02186  0.10393  2.64   72586    7544  345151  1218069  16.78
1930-1934     65-69     0.03451  0.15930  2.59   65042   10361  300266   872918  13.42
1930-1934     70-74     0.05420  0.23991  2.61   54681   13118  242053   572653  10.47
1930-1934     75-79     0.08848  0.36197  2.49   41562   15044  170036   330600   7.95
1930-1934     80-84     0.12865  0.48519  2.47   26518   12866  100014   160564   6.05
1930-1934     85-89     0.19956  0.64316  2.24   13652    8780   43998    60550   4.44
1930-1934     90-94     0.27003  0.75344  2.07    4872    3670   13592    16553   3.40
1930-1934     95-99     0.39357  0.87661  1.84    1201    1053    2675     2960   2.46
1930-1934    100-104    0.51404  0.93676  1.61     148     139     270      285   1.92
1930-1934    105-109    0.63350  0.96750  1.41       9       9      14       15   1.57
1930-1934    110+       0.72498  1.00000  1.38       0       0       0        0   1.38
1935-1939        0      0.04068  0.03934  0.16  100000    3934   96700  6549929  65.50
1935-1939      1-4      0.00350  0.01389  1.50   96066    1334  380930  6453230  67.17
1935-1939      5-9      0.00134  0.00668  2.22   94732     633  471903  6072300  64.10
1935-1939     10-14     0.00103  0.00515  2.61   94099     485  469337  5600397  59.52
1935-1939     15-19     0.00158  0.00787  2.73   93614     737  466402  5131061  54.81
1935-1939     20-24     0.00217  0.01079  2.57   92877    1002  461952  4664659  50.22
1935-1939     25-29     0.00250  0.01245  2.56   91876    1143  456594  4202707  45.74
1935-1939     30-34     0.00278  0.01383  2.60   90732    1255  450645  3746113  41.29
1935-1939     35-39     0.00375  0.01857  2.60   89477    1661  443405  3295468  36.83
1935-1939     40-44     0.00473  0.02338  2.60   87816    2053  434159  2852062  32.48
1935-1939     45-49     0.00688  0.03385  2.64   85763    2904  421966  2417903  28.19
1935-1939     50-54     0.01008  0.04924  2.65   82860    4080  404692  1995936  24.09
1935-1939     55-59     0.01484  0.07170  2.66   78780    5649  380705  1591244  20.20
1935-1939     60-64     0.02267  0.10765  2.67   73131    7872  347281  1210539  16.55
1935-1939     65-69     0.03542  0.16314  2.59   65259   10646  300599   863258  13.23
1935-1939     70-74     0.05531  0.24431  2.62   54613   13342  241246   562659  10.30
1935-1939     75-79     0.09040  0.36840  2.49   41270   15204  168181   321413   7.79
1935-1939     80-84     0.13360  0.49880  2.46   26066   13002   97321   153233   5.88
1935-1939     85-89     0.20910  0.66110  2.22   13065    8637   41305    55912   4.28
1935-1939     90-94     0.27867  0.76670  2.07    4428    3395   12182    14607   3.30
1935-1939     95-99     0.41476  0.89071  1.80    1033     920    2218     2425   2.35
1935-1939    100-104    0.54045  0.94570  1.56     113     107     198      207   1.83
1935-1939    105-109    0.66214  0.97246  1.37       6       6       9        9   1.51
1935-1939    110+       0.75340  1.00000  1.33       0       0       0        0   1.33
1940-1944        0      0.03881  0.03757  0.16  100000    3757   96828  6646649  66.47
1940-1944      1-4      0.00304  0.01205  1.48   96243    1160  382052  6549822  68.06
1940-1944      5-9      0.00120  0.00598  2.25   95082     569  473849  6167770  64.87
1940-1944     10-14     0.00095  0.00472  2.51   94514     446  471458  5693920  60.24
1940-1944     15-19     0.00128  0.00637  2.61   94068     599  468906  5222462  55.52
1940-1944     20-24     0.00158  0.00789  2.61   93468     738  465578  4753556  50.86
1940-1944     25-29     0.00184  0.00915  2.58   92731     848  461603  4287978  46.24
1940-1944     30-34     0.00220  0.01095  2.59   91882    1006  456984  3826375  41.64
1940-1944     35-39     0.00298  0.01480  2.62   90876    1345  451186  3369391  37.08
1940-1944     40-44     0.00416  0.02061  2.66   89531    1845  443337  2918205  32.59
1940-1944     45-49     0.00639  0.03148  2.69   87686    2760  432044  2474868  28.22
1940-1944     50-54     0.00973  0.04758  2.68   84926    4041  415258  2042824  24.05
1940-1944     55-59     0.01457  0.07044  2.66   80885    5697  391103  1627565  20.12
1940-1944     60-64     0.02314  0.10975  2.67   75187    8252  356678  1236462  16.45
1940-1944     65-69     0.03596  0.16549  2.59   66936   11077  308004   879784  13.14
1940-1944     70-74     0.05618  0.24749  2.60   55858   13825  246068   571780  10.24
1940-1944     75-79     0.09081  0.37008  2.50   42034   15556  171310   325712   7.75
1940-1944     80-84     0.13450  0.50143  2.46   26478   13277   98713   154402   5.83
1940-1944     85-89     0.21081  0.66222  2.19   13201    8742   41468    55690   4.22
1940-1944     90-94     0.29038  0.78397  2.07    4459    3496   12039    14221   3.19
1940-1944     95-99     0.43076  0.90052  1.77     963     867    2014     2183   2.27
1940-1944    100-104    0.56222  0.95224  1.53      96      91     162      169   1.76
1940-1944    105-109    0.68683  0.97618  1.33       5       4       7        7   1.45
1940-1944    110+       0.77820  1.00000  1.29       0       0       0        0   1.29
1945-1949        0      0.02912  0.02840  0.13  100000    2840   97526  6848774  68.49
1945-1949      1-4      0.00181  0.00719  1.56   97160     699  386936  6751247  69.49
1945-1949      5-9      0.00079  0.00395  2.29   96461     381  481276  6364311  65.98
1945-1949     10-14     0.00067  0.00332  2.58   96081     319  479631  5883035  61.23
1945-1949     15-19     0.00105  0.00522  2.69   95761     500  477651  5403403  56.43
1945-1949     20-24     0.00132  0.00658  2.55   95262     627  474770  4925753  51.71
1945-1949     25-29     0.00153  0.00760  2.58   94634     719  471433  4450982  47.03
1945-1949     30-34     0.00184  0.00914  2.60   93915     858  467516  3979549  42.37
1945-1949     35-39     0.00251  0.01248  2.64   93057    1161  462548  3512033  37.74
1945-1949     40-44     0.00367  0.01822  2.65   91896    1674  455549  3049485  33.18
1945-1949     45-49     0.00589  0.02907  2.67   90222    2623  444994  2593935  28.75
1945-1949     50-54     0.00920  0.04502  2.68   87599    3943  428856  2148941  24.53
1945-1949     55-59     0.01394  0.06753  2.68   83655    5649  405166  1720085  20.56
1945-1949     60-64     0.02175  0.10348  2.66   78006    8072  371114  1314919  16.86
1945-1949     65-69     0.03401  0.15727  2.61   69934   10999  323359   943805  13.50
1945-1949     70-74     0.05363  0.23765  2.61   58936   14006  261167   620446  10.53
1945-1949     75-79     0.08576  0.35328  2.51   44930   15873  185089   359279   8.00
1945-1949     80-84     0.12833  0.48363  2.45   29057   14053  109502   174191   5.99
1945-1949     85-89     0.20519  0.65490  2.24   15004    9826   47889    64689   4.31
1945-1949     90-94     0.28521  0.77597  2.06    5178    4018   14088    16799   3.24
1945-1949     95-99     0.41645  0.89217  1.80    1160    1035    2485     2712   2.34
1945-1949    100-104    0.54657  0.94781  1.55     125     119     217      227   1.81
1945-1949    105-109    0.67185  0.97407  1.36       7       6       9       10   1.48
1945-1949    110+       0.76496  1.00000  1.31       0       0       0        0   1.31
1950-1954        0      0.02444  0.02393  0.12  100000    2393   97885  6927996  69.28
1950-1954      1-4      0.00161  0.00640  1.51   97607     625  388873  6830111  69.98
1950-1954      5-9      0.00065  0.00323  2.30   96983     313  484066  6441238  66.42
1950-1954     10-14     0.00057  0.00285  2.63   96669     276  482692  5957172  61.62
1950-1954     15-19     0.00109  0.00543  2.80   96393     523  480815  5474480  56.79
1950-1954     20-24     0.00142  0.00706  2.51   95870     677  477664  4993665  52.09
1950-1954     25-29     0.00137  0.00685  2.52   95193     652  474351  4516001  47.44
1950-1954     30-34     0.00157  0.00784  2.62   94541     741  470943  4041650  42.75
1950-1954     35-39     0.00222  0.01107  2.67   93800    1038  466582  3570707  38.07
1950-1954     40-44     0.00336  0.01665  2.67   92762    1544  460208  3104125  33.46
1950-1954     45-49     0.00547  0.02700  2.70   91218    2463  450418  2643917  28.98
1950-1954     50-54     0.00890  0.04360  2.69   88755    3870  434820  2193499  24.71
1950-1954     55-59     0.01354  0.06564  2.70   84885    5572  411584  1758679  20.72
1950-1954     60-64     0.02137  0.10177  2.67   79313    8072  377788  1347095  16.98
1950-1954     65-69     0.03327  0.15407  2.60   71241   10976  329918   969307  13.61
1950-1954     70-74     0.05265  0.23392  2.62   60265   14097  267758   639390  10.61
1950-1954     75-79     0.08510  0.35115  2.51   46168   16212  190495   371632   8.05
1950-1954     80-84     0.12630  0.47872  2.47   29956   14340  113540   181137   6.05
1950-1954     85-89     0.20356  0.65131  2.24   15615   10170   49964    67597   4.33
1950-1954     90-94     0.28549  0.77767  2.07    5445    4234   14832    17633   3.24
1950-1954     95-99     0.42091  0.89519  1.79    1211    1084    2575     2801   2.31
1950-1954    100-104    0.55501  0.95047  1.54     127     121     217      226   1.78
1950-1954    105-109    0.68327  0.97581  1.34       6       6       9        9   1.46
1950-1954    110+       0.77757  1.00000  1.29       0       0       0        0   1.29
1955-1959        0      0.02199  0.02157  0.11  100000    2157   98079  7036489  70.36
1955-1959      1-4      0.00130  0.00517  1.54   97843     506  390130  6938410  70.91
1955-1959      5-9      0.00049  0.00244  2.34   97338     238  486057  6548280  67.27
1955-1959     10-14     0.00044  0.00222  2.58   97100     216  484977  6062223  62.43
1955-1959     15-19     0.00098  0.00487  2.81   96884     472  483386  5577246  57.57
1955-1959     20-24     0.00123  0.00613  2.42   96412     591  480541  5093860  52.83
1955-1959     25-29     0.00118  0.00588  2.50   95822     563  477703  4613320  48.14
1955-1959     30-34     0.00146  0.00728  2.59   95259     694  474622  4135616  43.41
1955-1959     35-39     0.00198  0.00983  2.68   94565     930  470666  3660995  38.71
1955-1959     40-44     0.00298  0.01481  2.63   93635    1386  464889  3190329  34.07
1955-1959     45-49     0.00501  0.02474  2.71   92249    2283  456026  2725439  29.54
1955-1959     50-54     0.00802  0.03939  2.69   89966    3544  441661  2269413  25.23
1955-1959     55-59     0.01283  0.06231  2.68   86422    5385  419600  1827752  21.15
1955-1959     60-64     0.01987  0.09501  2.69   81037    7699  387384  1408152  17.38
1955-1959     65-69     0.03207  0.14893  2.61   73338   10922  340627  1020768  13.92
1955-1959     70-74     0.05078  0.22663  2.63   62416   14146  278577   680141  10.90
1955-1959     75-79     0.08036  0.33504  2.52   48270   16173  201255   401564   8.32
1955-1959     80-84     0.12084  0.46349  2.49   32098   14877  123117   200308   6.24
1955-1959     85-89     0.19436  0.63491  2.27   17221   10934   56255    77192   4.48
1955-1959     90-94     0.27632  0.76735  2.10    6287    4824   17459    20936   3.33
1955-1959     95-99     0.40866  0.88777  1.81    1463    1299    3177     3477   2.38
1955-1959    100-104    0.54221  0.94678  1.56     164     155     287      300   1.83
1955-1959    105-109    0.67167  0.97419  1.36       9       9      13       13   1.48
1955-1959    110+       0.76783  1.00000  1.30       0       0       0        0   1.30
1960-1964        0      0.02004  0.01968  0.10  100000    1968   98236  7088053  70.88
1960-1964      1-4      0.00103  0.00412  1.58   98032     404  391147  6989817  71.30
1960-1964      5-9      0.00045  0.00224  2.29   97628     219  487544  6598670  67.59
1960-1964     10-14     0.00040  0.00200  2.66   97409     195  486588  6111125  62.74
1960-1964     15-19     0.00088  0.00439  2.86   97214     427  485156  5624538  57.86
1960-1964     20-24     0.00115  0.00571  2.46   96787     553  482530  5139382  53.10
1960-1964     25-29     0.00109  0.00545  2.56   96234     524  479892  4656852  48.39
1960-1964     30-34     0.00135  0.00674  2.63   95710     645  477019  4176960  43.64
1960-1964     35-39     0.00192  0.00957  2.67   95064     910  473204  3699941  38.92
1960-1964     40-44     0.00304  0.01507  2.67   94154    1419  467461  3226737  34.27
1960-1964     45-49     0.00493  0.02440  2.71   92735    2262  458488  2759276  29.75
1960-1964     50-54     0.00799  0.03925  2.70   90473    3551  444211  2300788  25.43
1960-1964     55-59     0.01267  0.06156  2.69   86921    5351  422226  1856577  21.36
1960-1964     60-64     0.02026  0.09667  2.65   81570    7885  389287  1434352  17.58
1960-1964     65-69     0.03088  0.14386  2.63   73685   10600  343314  1045065  14.18
1960-1964     70-74     0.04919  0.22027  2.63   63085   13896  282521   701751  11.12
1960-1964     75-79     0.07775  0.32610  2.53   49189   16041  206302   419230   8.52
1960-1964     80-84     0.11666  0.45113  2.49   33148   14954  128191   212928   6.42
1960-1964     85-89     0.18302  0.61100  2.28   18194   11117   60741    84738   4.66
1960-1964     90-94     0.27189  0.76088  2.11    7077    5385   19806    23997   3.39
1960-1964     95-99     0.39080  0.87582  1.85    1692    1482    3793     4191   2.48
1960-1964    100-104    0.52161  0.94016  1.60     210     198     379      398   1.89
1960-1964    105-109    0.65129  0.97102  1.39      13      12      19       19   1.53
1960-1964    110+       0.74945  1.00000  1.33       0       0       0        0   1.33
1965-1969        0      0.01855  0.01825  0.10  100000    1825   98357  7085231  70.85
1965-1969      1-4      0.00093  0.00370  1.57   98175     364  391818  6986873  71.17
1965-1969      5-9      0.00040  0.00201  2.34   97812     197  488535  6595056  67.43
1965-1969     10-14     0.00037  0.00185  2.70   97615     181  487657  6106521  62.56
1965-1969     15-19     0.00098  0.00487  2.94   97434     474  486192  5618864  57.67
1965-1969     20-24     0.00117  0.00583  2.38   96959     566  483317  5132672  52.94
1965-1969     25-29     0.00109  0.00545  2.56   96394     525  480686  4649355  48.23
1965-1969     30-34     0.00129  0.00644  2.66   95868     617  477897  4168669  43.48
1965-1969     35-39     0.00196  0.00974  2.68   95251     928  474101  3690772  38.75
1965-1969     40-44     0.00307  0.01526  2.68   94323    1439  468275  3216672  34.10
1965-1969     45-49     0.00503  0.02487  2.71   92884    2310  459138  2748397  29.59
1965-1969     50-54     0.00817  0.04011  2.71   90574    3633  444567  2289258  25.27
1965-1969     55-59     0.01300  0.06312  2.69   86942    5488  422044  1844691  21.22
1965-1969     60-64     0.02066  0.09856  2.66   81454    8028  388521  1422647  17.47
1965-1969     65-69     0.03211  0.14903  2.60   73426   10943  340824  1034126  14.08
1965-1969     70-74     0.04945  0.22117  2.62   62483   13819  279482   693302  11.10
1965-1969     75-79     0.07863  0.32898  2.52   48664   16010  203611   413820   8.50
1965-1969     80-84     0.11663  0.45043  2.47   32654   14708  126112   210209   6.44
1965-1969     85-89     0.18323  0.61190  2.29   17946   10981   59932    84097   4.69
1965-1969     90-94     0.26412  0.75250  2.14    6965    5241   19843    24165   3.47
1965-1969     95-99     0.38553  0.87198  1.86    1724    1503    3899     4322   2.51
1965-1969    100-104    0.51473  0.93773  1.61     221     207     402      423   1.92
1965-1969    105-109    0.64394  0.96977  1.40      14      13      21       21   1.55
1965-1969    110+       0.74250  1.00000  1.35       0       0       1        1   1.35
1970-1974        0      0.01715  0.01689  0.10  100000    1689   98473  7155845  71.56
1970-1974      1-4      0.00086  0.00344  1.61   98311     338  392435  7057372  71.79
1970-1974      5-9      0.00038  0.00191  2.29   97973     187  489357  6664937  68.03
1970-1974     10-14     0.00034  0.00168  2.70   97786     164  488551  6175580  63.15
1970-1974     15-19     0.00107  0.00534  2.93   97622     522  487030  5687028  58.26
1970-1974     20-24     0.00118  0.00588  2.37   97100     571  484002  5199999  53.55
1970-1974     25-29     0.00099  0.00493  2.53   96529     476  481470  4715997  48.86
1970-1974     30-34     0.00117  0.00583  2.59   96053     560  478918  4234527  44.09
1970-1974     35-39     0.00178  0.00886  2.71   95493     846  475530  3755610  39.33
1970-1974     40-44     0.00280  0.01391  2.72   94647    1316  470231  3280080  34.66
1970-1974     45-49     0.00485  0.02398  2.71   93331    2238  461525  2809849  30.11
1970-1974     50-54     0.00768  0.03771  2.69   91093    3435  447517  2348324  25.78
1970-1974     55-59     0.01226  0.05961  2.68   87658    5226  426188  1900807  21.68
1970-1974     60-64     0.01936  0.09262  2.66   82432    7635  394292  1474619  17.89
1970-1974     65-69     0.03005  0.14024  2.62   74797   10489  349040  1080327  14.44
1970-1974     70-74     0.04712  0.21176  2.61   64308   13618  288976   731287  11.37
1970-1974     75-79     0.07487  0.31599  2.53   50690   16017  213949   442311   8.73
1970-1974     80-84     0.11287  0.43940  2.48   34673   15235  134986   228362   6.59
1970-1974     85-89     0.17727  0.59920  2.30   19438   11647   65702    93376   4.80
1970-1974     90-94     0.25665  0.74122  2.15    7791    5775   22500    27674   3.55
1970-1974     95-99     0.37568  0.86474  1.88    2016    1743    4641     5174   2.57
1970-1974    100-104    0.50394  0.93385  1.63     273     255     505      534   1.96
1970-1974    105-109    0.63378  0.96801  1.41      18      17      28       28   1.57
1970-1974    110+       0.73370  1.00000  1.36       1       1       1        1   1.36
1975-1979        0      0.01277  0.01262  0.08  100000    1262   98844  7342061  73.42
1975-1979      1-4      0.00066  0.00264  1.64   98738     261  394335  7243217  73.36
1975-1979      5-9      0.00030  0.00149  2.33   98477     147  491994  6848882  69.55
1975-1979     10-14     0.00030  0.00150  2.72   98330     148  491316  6356888  64.65
1975-1979     15-19     0.00098  0.00491  2.97   98183     483  489935  5865572  59.74
1975-1979     20-24     0.00115  0.00572  2.38   97700     559  487037  5375638  55.02
1975-1979     25-29     0.00093  0.00466  2.47   97141     453  484561  4888601  50.32
1975-1979     30-34     0.00105  0.00524  2.62   96688     507  482237  4404040  45.55
1975-1979     35-39     0.00153  0.00762  2.68   96182     733  479206  3921803  40.77
1975-1979     40-44     0.00248  0.01234  2.76   95449    1178  474601  3442598  36.07
1975-1979     45-49     0.00419  0.02077  2.71   94271    1958  466873  2967996  31.48
1975-1979     50-54     0.00679  0.03345  2.68   92313    3088  454412  2501123  27.09
1975-1979     55-59     0.01064  0.05191  2.67   89225    4632  435352  2046711  22.94
1975-1979     60-64     0.01675  0.08057  2.66   84593    6816  407024  1611358  19.05
1975-1979     65-69     0.02618  0.12331  2.64   77777    9591  366277  1204335  15.48
1975-1979     70-74     0.04073  0.18567  2.62   68187   12660  310805   838058  12.29
1975-1979     75-79     0.06416  0.27708  2.54   55527   15386  239807   527253   9.50
1975-1979     80-84     0.09949  0.39872  2.51   40141   16005  160867   287446   7.16
1975-1979     85-89     0.15775  0.55646  2.35   24136   13431   85139   126579   5.24
1975-1979     90-94     0.23066  0.70032  2.20   10705    7497   32503    41440   3.87
1975-1979     95-99     0.34264  0.83752  1.95    3208    2687    7842     8937   2.79
1975-1979    100-104    0.46728  0.91879  1.70     521     479    1025     1095   2.10
1975-1979    105-109    0.59826  0.96097  1.47      42      41      68       70   1.66
1975-1979    110+       0.70182  1.00000  1.42       2       2       2        2   1.42
1980-1984        0      0.01011  0.01002  0.08  100000    1002   99075  7500862  75.01
1980-1984      1-4      0.00054  0.00216  1.63   98998     214  395487  7401787  74.77
1980-1984      5-9      0.00025  0.00125  2.36   98784     124  493595  7006300  70.93
1980-1984     10-14     0.00026  0.00129  2.72   98661     128  493013  6512705  66.01
1980-1984     15-19     0.00080  0.00397  2.96   98533     391  491869  6019692  61.09
1980-1984     20-24     0.00103  0.00512  2.43   98142     502  489422  5527823  56.32
1980-1984     25-29     0.00092  0.00458  2.48   97640     447  487074  5038401  51.60
1980-1984     30-34     0.00092  0.00460  2.56   97193     447  484878  4551327  46.83
1980-1984     35-39     0.00122  0.00610  2.70   96747     591  482376  4066449  42.03
1980-1984     40-44     0.00200  0.00996  2.72   96156     957  478592  3584072  37.27
1980-1984     45-49     0.00341  0.01689  2.69   95199    1608  472282  3105480  32.62
1980-1984     50-54     0.00578  0.02852  2.69   93590    2669  461785  2633198  28.14
1980-1984     55-59     0.00934  0.04574  2.69   90921    4158  444979  2171413  23.88
1980-1984     60-64     0.01458  0.07050  2.67   86763    6117  419589  1726434  19.90
1980-1984     65-69     0.02317  0.10987  2.65   80646    8861  382386  1306845  16.20
1980-1984     70-74     0.03676  0.16902  2.62   71785   12133  330048   924458  12.88
1980-1984     75-79     0.05859  0.25651  2.57   59652   15301  261153   594410   9.96
1980-1984     80-84     0.09278  0.37701  2.52   44350   16721  180227   333258   7.51
1980-1984     85-89     0.14451  0.52418  2.38   27630   14483  100223   153031   5.54
1980-1984     90-94     0.22083  0.68503  2.23   13147    9006   40783    52808   4.02
1980-1984     95-99     0.32645  0.82274  1.99    4141    3407   10436    12025   2.90
1980-1984    100-104    0.45245  0.91212  1.73     734     670    1480     1589   2.16
1980-1984    105-109    0.58722  0.95868  1.49      65      62     105      109   1.69
1980-1984    110+       0.69467  1.00000  1.44       3       3       4        4   1.44
1985-1989        0      0.00892  0.00884  0.07  100000     884   99180  7602811  76.03
1985-1989      1-4      0.00045  0.00180  1.63   99116     178  396040  7503630  75.71
1985-1989      5-9      0.00021  0.00104  2.32   98937     103  494411  7107590  71.84
1985-1989     10-14     0.00022  0.00109  2.66   98834     108  493919  6613179  66.91
1985-1989     15-19     0.00075  0.00373  2.99   98726     368  492891  6119260  61.98
1985-1989     20-24     0.00101  0.00503  2.47   98358     495  490537  5626368  57.20
1985-1989     25-29     0.00094  0.00467  2.50   97863     457  488171  5135831  52.48
1985-1989     30-34     0.00095  0.00476  2.57   97406     464  485902  4647660  47.71
1985-1989     35-39     0.00116  0.00576  2.62   96942     559  483379  4161758  42.93
1985-1989     40-44     0.00174  0.00865  2.71   96383     834  480005  3678379  38.16
1985-1989     45-49     0.00284  0.01411  2.69   95549    1348  474636  3198375  33.47
1985-1989     50-54     0.00483  0.02390  2.70   94201    2251  465822  2723739  28.91
1985-1989     55-59     0.00809  0.03973  2.71   91950    3653  451369  2257916  24.56
1985-1989     60-64     0.01312  0.06366  2.67   88296    5621  428381  1806548  20.46
1985-1989     65-69     0.02089  0.09955  2.65   82675    8231  394035  1378167  16.67
1985-1989     70-74     0.03389  0.15685  2.63   74445   11677  344568   984132  13.22
1985-1989     75-79     0.05478  0.24200  2.59   62768   15190  277303   639564  10.19
1985-1989     80-84     0.08911  0.36518  2.53   47579   17375  194978   362260   7.61
1985-1989     85-89     0.14341  0.52160  2.39   30204   15754  109853   167282   5.54
1985-1989     90-94     0.22281  0.68963  2.24   14450    9965   44723    57430   3.97
1985-1989     95-99     0.33538  0.83191  1.97    4485    3731   11124    12706   2.83
1985-1989    100-104    0.46757  0.91966  1.70     754     693    1483     1582   2.10
1985-1989    105-109    0.60676  0.96318  1.46      61      58      96       99   1.64
1985-1989    110+       0.71591  1.00000  1.40       2       2       3        3   1.40
1990-1994        0      0.00678  0.00674  0.07  100000     674   99372  7757216  77.57
1990-1994      1-4      0.00037  0.00149  1.57   99326     148  396946  7657844  77.10
1990-1994      5-9      0.00017  0.00084  2.44   99178      83  495679  7260898  73.21
1990-1994     10-14     0.00018  0.00091  2.82   99095      90  495279  6765219  68.27
1990-1994     15-19     0.00058  0.00292  2.95   99005     289  494434  6269940  63.33
1990-1994     20-24     0.00082  0.00410  2.50   98716     404  492568  5775507  58.51
1990-1994     25-29     0.00085  0.00422  2.54   98312     415  490536  5282938  53.74
1990-1994     30-34     0.00094  0.00467  2.52   97896     458  488348  4792402  48.95
1990-1994     35-39     0.00115  0.00572  2.58   97439     557  485849  4304054  44.17
1990-1994     40-44     0.00155  0.00774  2.66   96882     750  482653  3818206  39.41
1990-1994     45-49     0.00243  0.01207  2.69   96132    1160  477982  3335553  34.70
1990-1994     50-54     0.00403  0.01998  2.68   94972    1898  470451  2857570  30.09
1990-1994     55-59     0.00674  0.03320  2.71   93074    3090  458303  2387119  25.65
1990-1994     60-64     0.01125  0.05484  2.70   89984    4935  438558  1928816  21.44
1990-1994     65-69     0.01845  0.08840  2.65   85049    7519  407609  1490258  17.52
1990-1994     70-74     0.02960  0.13833  2.64   77530   10725  362336  1082649  13.96
1990-1994     75-79     0.04903  0.21954  2.62   66806   14666  299130   720313  10.78
1990-1994     80-84     0.08045  0.33585  2.54   52140   17511  217670   421183   8.08
1990-1994     85-89     0.13098  0.49004  2.43   34629   16970  129556   203513   5.88
1990-1994     90-94     0.20801  0.66163  2.25   17659   11684   56170    73958   4.19
1990-1994     95-99     0.31640  0.81375  2.02    5975    4862   15367    17788   2.98
1990-1994    100-104    0.44982  0.91164  1.74    1113    1015    2255     2420   2.17
1990-1994    105-109    0.59331  0.96051  1.48      98      94     159      165   1.67
1990-1994    110+       0.70703  1.00000  1.41       4       4       5        5   1.41
1995-1999        0      0.00555  0.00552  0.06  100000     552   99483  7871864  78.72
1995-1999      1-4      0.00034  0.00136  1.64   99448     135  397474  7772381  78.16
1995-1999      5-9      0.00014  0.00071  2.37   99313      70  496380  7374907  74.26
1995-1999     10-14     0.00017  0.00085  2.81   99243      85  496027  6878527  69.31
1995-1999     15-19     0.00058  0.00290  2.92   99158     288  495193  6382500  64.37
1995-1999     20-24     0.00083  0.00415  2.50   98870     411  493327  5887307  59.55
1995-1999     25-29     0.00087  0.00433  2.49   98460     426  491229  5393980  54.78
1995-1999     30-34     0.00099  0.00492  2.55   98033     482  488983  4902751  50.01
1995-1999     35-39     0.00113  0.00562  2.57   97551     548  486421  4413767  45.25
1995-1999     40-44     0.00150  0.00745  2.62   97003     723  483297  3927346  40.49
1995-1999     45-49     0.00214  0.01067  2.66   96281    1027  479003  3444049  35.77
1995-1999     50-54     0.00347  0.01723  2.68   95253    1641  472455  2965046  31.13
1995-1999     55-59     0.00568  0.02801  2.69   93612    2623  462010  2492591  26.63
1995-1999     60-64     0.00953  0.04662  2.66   90989    4242  445022  2030581  22.32
1995-1999     65-69     0.01583  0.07632  2.68   86748    6621  418351  1585559  18.28
1995-1999     70-74     0.02627  0.12371  2.64   80127    9912  377260  1167208  14.57
1995-1999     75-79     0.04308  0.19536  2.62   70215   13718  318433   789948  11.25
1995-1999     80-84     0.07411  0.31398  2.57   56498   17739  239347   471515   8.35
1995-1999     85-89     0.12574  0.47598  2.45   38758   18448  146719   232168   5.99
1995-1999     90-94     0.20605  0.65982  2.28   20310   13401   65039    85449   4.21
1995-1999     95-99     0.31841  0.81698  2.02    6909    5645   17727    20410   2.95
1995-1999    100-104    0.46153  0.91812  1.72    1264    1161    2515     2683   2.12
1995-1999    105-109    0.61418  0.96528  1.45     104     100     163      168   1.62
1995-1999    110+       0.73274  1.00000  1.36       4       4       5        5   1.36
2000-2004        0      0.00497  0.00494  0.06  100000     494   99536  8019915  80.20
2000-2004      1-4      0.00026  0.00105  1.59   99506     104  397772  7920379  79.60
2000-2004      5-9      0.00012  0.00060  2.33   99402      60  496849  7522606  75.68
2000-2004     10-14     0.00013  0.00066  2.78   99342      65  496564  7025758  70.72
2000-2004     15-19     0.00046  0.00232  2.94   99277     230  495909  6529194  65.77
2000-2004     20-24     0.00065  0.00325  2.50   99046     322  494428  6033285  60.91
2000-2004     25-29     0.00073  0.00366  2.53   98725     361  492730  5538857  56.10
2000-2004     30-34     0.00083  0.00414  2.54   98363     407  490815  5046127  51.30
2000-2004     35-39     0.00101  0.00506  2.62   97956     495  488603  4555312  46.50
2000-2004     40-44     0.00138  0.00690  2.65   97461     672  485726  4066709  41.73
2000-2004     45-49     0.00204  0.01013  2.64   96789     981  481628  3580983  37.00
2000-2004     50-54     0.00299  0.01487  2.67   95808    1425  475718  3099354  32.35
2000-2004     55-59     0.00489  0.02417  2.70   94383    2281  466658  2623636  27.80
2000-2004     60-64     0.00794  0.03899  2.67   92102    3591  452153  2156978  23.42
2000-2004     65-69     0.01307  0.06343  2.68   88511    5614  429520  1704825  19.26
2000-2004     70-74     0.02207  0.10494  2.67   82897    8699  394234  1275305  15.38
2000-2004     75-79     0.03743  0.17202  2.65   74197   12764  340960   881071  11.87
2000-2004     80-84     0.06552  0.28314  2.60   61434   17394  265491   540111   8.79
2000-2004     85-89     0.11640  0.45034  2.49   44039   19833  170382   274620   6.24
2000-2004     90-94     0.19865  0.64635  2.30   24207   15646   78762   104238   4.31
2000-2004     95-99     0.31502  0.81451  2.04    8561    6973   22135    25476   2.98
2000-2004    100-104    0.46548  0.92060  1.72    1588    1462    3141     3341   2.10
2000-2004    105-109    0.62536  0.96770  1.43     126     122     195      201   1.59
2000-2004    110+       0.74781  1.00000  1.34       4       4       5        5   1.34
2005-2009        0      0.00450  0.00448  0.06  100000     448   99579  8139871  81.40
2005-2009      1-4      0.00021  0.00085  1.60   99552      85  398004  8040292  80.76
2005-2009      5-9      0.00010  0.00051  2.39   99467      50  497204  7642289  76.83
2005-2009     10-14     0.00010  0.00052  2.74   99417      52  496966  7145084  71.87
2005-2009     15-19     0.00037  0.00185  2.91   99365     184  496440  6648118  66.91
2005-2009     20-24     0.00052  0.00260  2.55   99181     258  495274  6151678  62.02
2005-2009     25-29     0.00060  0.00298  2.58   98923     295  493901  5656404  57.18
2005-2009     30-34     0.00072  0.00360  2.58   98628     355  492284  5162503  52.34
2005-2009     35-39     0.00093  0.00463  2.61   98273     455  490278  4670220  47.52
2005-2009     40-44     0.00130  0.00646  2.63   97819     632  487595  4179942  42.73
2005-2009     45-49     0.00195  0.00969  2.65   97187     941  483723  3692347  37.99
2005-2009     50-54     0.00288  0.01430  2.65   96245    1376  477999  3208623  33.34
2005-2009     55-59     0.00432  0.02141  2.67   94870    2031  469624  2730625  28.78
2005-2009     60-64     0.00695  0.03419  2.67   92839    3175  456792  2261001  24.35
2005-2009     65-69     0.01125  0.05483  2.67   89664    4916  436851  1804208  20.12
2005-2009     70-74     0.01862  0.08924  2.68   84748    7563  406177  1367357  16.13
2005-2009     75-79     0.03281  0.15237  2.67   77185   11761  358470   961181  12.45
2005-2009     80-84     0.05902  0.25874  2.62   65424   16928  286817   602710   9.21
2005-2009     85-89     0.10695  0.42276  2.52   48496   20502  191693   315893   6.51
2005-2009     90-94     0.18978  0.63047  2.34   27994   17649   92999   124200   4.44
2005-2009     95-99     0.30946  0.80953  2.05   10344    8374   27060    31201   3.02
2005-2009    100-104    0.46580  0.92134  1.72    1970    1815    3897     4141   2.10
2005-2009    105-109    0.63216  0.96917  1.42     155     150     238      244   1.57
2005-2009    110+       0.75833  1.00000  1.32       5       5       6        6   1.32
2010-2014        0      0.00364  0.00362  0.06  100000     362   99659  8237916  82.38
2010-2014      1-4      0.00017  0.00068  1.57   99638      68  398386  8138257  81.68
2010-2014      5-9      0.00010  0.00048  2.36   99570      48  497722  7739871  77.73
2010-2014     10-14     0.00010  0.00048  2.83   99522      48  497505  7242149  72.77
2010-2014     15-19     0.00032  0.00158  2.88   99474     158  497035  6744643  67.80
2010-2014     20-24     0.00043  0.00216  2.47   99316     215  496039  6247608  62.91
2010-2014     25-29     0.00049  0.00246  2.56   99102     243  494915  5751569  58.04
2010-2014     30-34     0.00064  0.00317  2.62   98858     314  493546  5256654  53.17
2010-2014     35-39     0.00086  0.00430  2.64   98545     424  491723  4763108  48.33
2010-2014     40-44     0.00122  0.00606  2.63   98121     594  489192  4271384  43.53
2010-2014     45-49     0.00181  0.00903  2.69   97526     881  485595  3782193  38.78
2010-2014     50-54     0.00273  0.01354  2.65   96646    1308  480155  3296597  34.11
2010-2014     55-59     0.00410  0.02031  2.63   95337    1936  472104  2816442  29.54
2010-2014     60-64     0.00630  0.03102  2.66   93401    2897  460234  2344339  25.10
2010-2014     65-69     0.01000  0.04886  2.67   90504    4422  442210  1884105  20.82
2010-2014     70-74     0.01667  0.08023  2.68   86082    6906  414396  1441895  16.75
2010-2014     75-79     0.02885  0.13516  2.67   79176   10701  370964  1027499  12.98
2010-2014     80-84     0.05369  0.23842  2.65   68475   16326  304082   656534   9.59
2010-2014     85-89     0.10003  0.40163  2.55   52149   20945  209385   352453   6.76
2010-2014     90-94     0.18043  0.61073  2.36   31204   19057  105621   143067   4.58
2010-2014     95-99     0.30108  0.80098  2.08   12147    9729   32315    37447   3.08
2010-2014    100-104    0.46066  0.91944  1.73    2418    2223    4825     5132   2.12
2010-2014    105-109    0.63175  0.96928  1.42     195     189     299      307   1.57
2010-2014    110+       0.76128  1.00000  1.31       6       6       8        8   1.31
