Austria, Life tables (period 5x5), Total     Last modified: 02-Sep-2015, MPv5 (May07)

  Year          Age         mx       qx    ax      lx      dx      Lx       Tx     ex
1947-1949        0      0.08514  0.08025  0.28  100000    8025   94253  6263794  62.64
1947-1949      1-4      0.00383  0.01517  1.52   91975    1396  364437  6169541  67.08
1947-1949      5-9      0.00123  0.00611  2.17   90580     553  451333  5805104  64.09
1947-1949     10-14     0.00097  0.00482  2.52   90026     434  449056  5353771  59.47
1947-1949     15-19     0.00172  0.00857  2.77   89593     768  446247  4904715  54.74
1947-1949     20-24     0.00248  0.01231  2.54   88824    1094  441432  4458468  50.19
1947-1949     25-29     0.00253  0.01256  2.46   87731    1102  435854  4017036  45.79
1947-1949     30-34     0.00292  0.01452  2.54   86629    1257  430048  3581182  41.34
1947-1949     35-39     0.00348  0.01727  2.59   85371    1474  423302  3151134  36.91
1947-1949     40-44     0.00449  0.02223  2.61   83897    1865  415037  2727832  32.51
1947-1949     45-49     0.00669  0.03294  2.67   82032    2702  403863  2312795  28.19
1947-1949     50-54     0.00950  0.04647  2.62   79330    3687  387872  1908932  24.06
1947-1949     55-59     0.01415  0.06845  2.62   75644    5178  365905  1521061  20.11
1947-1949     60-64     0.02189  0.10407  2.64   70466    7333  335055  1155155  16.39
1947-1949     65-69     0.03451  0.15947  2.62   63133   10068  291706   820100  12.99
1947-1949     70-74     0.05641  0.24821  2.58   53065   13171  233468   528394   9.96
1947-1949     75-79     0.09263  0.37661  2.52   39894   15024  162190   294926   7.39
1947-1949     80-84     0.15209  0.54317  2.37   24869   13508   88819   132736   5.34
1947-1949     85-89     0.23163  0.70220  2.20   11361    7978   34442    43917   3.87
1947-1949     90-94     0.34096  0.83440  1.94    3383    2823    8280     9475   2.80
1947-1949     95-99     0.46011  0.91528  1.71     560     513    1115     1195   2.13
1947-1949    100-104    0.58858  0.95862  1.48      47      46      77       80   1.69
1947-1949    105-109    0.70711  0.97865  1.31       2       2       3        3   1.41
1947-1949    110+       0.79281  1.00000  1.26       0       0       0        0   1.26
1950-1954        0      0.05761  0.05509  0.21  100000    5509   95638  6625499  66.25
1950-1954      1-4      0.00228  0.00907  1.49   94491     857  375808  6529862  69.11
1950-1954      5-9      0.00074  0.00371  2.25   93634     347  467213  6154054  65.72
1950-1954     10-14     0.00059  0.00294  2.56   93286     274  465764  5686841  60.96
1950-1954     15-19     0.00113  0.00564  2.82   93013     525  463920  5221077  56.13
1950-1954     20-24     0.00162  0.00809  2.50   92488     748  460570  4757157  51.44
1950-1954     25-29     0.00163  0.00814  2.50   91740     747  456828  4296587  46.83
1950-1954     30-34     0.00186  0.00927  2.52   90993     844  452876  3839759  42.20
1950-1954     35-39     0.00252  0.01252  2.61   90150    1129  448047  3386882  37.57
1950-1954     40-44     0.00355  0.01759  2.66   89021    1566  441444  2938835  33.01
1950-1954     45-49     0.00561  0.02768  2.69   87455    2420  431693  2497391  28.56
1950-1954     50-54     0.00905  0.04431  2.65   85035    3768  416329  2065698  24.29
1950-1954     55-59     0.01342  0.06504  2.64   81266    5286  393845  1649369  20.30
1950-1954     60-64     0.02089  0.09956  2.64   75980    7564  362061  1255524  16.52
1950-1954     65-69     0.03390  0.15693  2.64   68416   10737  316714   893463  13.06
1950-1954     70-74     0.05552  0.24484  2.59   57679   14122  254359   576749  10.00
1950-1954     75-79     0.09220  0.37534  2.52   43557   16349  177315   322390   7.40
1950-1954     80-84     0.15119  0.54198  2.39   27208   14746   97532   145074   5.33
1950-1954     85-89     0.23478  0.70684  2.19   12462    8809   37519    47542   3.81
1950-1954     90-94     0.34827  0.84320  1.94    3653    3080    8845    10023   2.74
1950-1954     95-99     0.47795  0.92388  1.68     573     529    1107     1178   2.06
1950-1954    100-104    0.61279  0.96417  1.45      44      42      69       71   1.62
1950-1954    105-109    0.73364  0.98174  1.27       2       2       2        2   1.36
1950-1954    110+       0.81825  1.00000  1.22       0       0       0        0   1.22
1955-1959        0      0.04478  0.04318  0.17  100000    4318   96427  6791270  67.91
1955-1959      1-4      0.00167  0.00667  1.55   95682     638  381166  6694844  69.97
1955-1959      5-9      0.00064  0.00318  2.27   95044     302  474397  6313678  66.43
1955-1959     10-14     0.00050  0.00250  2.64   94742     237  473152  5839281  61.63
1955-1959     15-19     0.00109  0.00542  2.85   94505     513  471421  5366129  56.78
1955-1959     20-24     0.00168  0.00838  2.51   93992     788  468002  4894708  52.08
1955-1959     25-29     0.00168  0.00836  2.49   93205     779  464063  4426706  47.49
1955-1959     30-34     0.00177  0.00880  2.59   92425     814  460163  3962643  42.87
1955-1959     35-39     0.00220  0.01093  2.62   91611    1002  455674  3502480  38.23
1955-1959     40-44     0.00310  0.01541  2.63   90610    1396  449741  3046806  33.63
1955-1959     45-49     0.00494  0.02442  2.67   89213    2178  441001  2597065  29.11
1955-1959     50-54     0.00805  0.03950  2.69   87035    3438  427230  2156064  24.77
1955-1959     55-59     0.01301  0.06313  2.64   83597    5277  405538  1728834  20.68
1955-1959     60-64     0.02022  0.09648  2.63   78320    7556  373683  1323296  16.90
1955-1959     65-69     0.03203  0.14887  2.64   70764   10535  328934   949613  13.42
1955-1959     70-74     0.05268  0.23382  2.60   60229   14083  267339   620680  10.31
1955-1959     75-79     0.08760  0.35997  2.53   46146   16611  189623   353341   7.66
1955-1959     80-84     0.14281  0.52120  2.41   29535   15394  107792   163718   5.54
1955-1959     85-89     0.22575  0.69214  2.21   14141    9788   43357    55926   3.95
1955-1959     90-94     0.32763  0.82243  1.97    4353    3580   10928    12569   2.89
1955-1959     95-99     0.46212  0.91694  1.71     773     709    1534     1640   2.12
1955-1959    100-104    0.59851  0.96126  1.47      64      62     103      107   1.66
1955-1959    105-109    0.72276  0.98063  1.28       2       2       3        3   1.38
1955-1959    110+       0.81062  1.00000  1.23       0       0       0        0   1.23
1960-1964        0      0.03371  0.03276  0.14  100000    3276   97189  6954733  69.55
1960-1964      1-4      0.00131  0.00522  1.54   96724     505  385655  6857544  70.90
1960-1964      5-9      0.00050  0.00249  2.28   96219     239  480445  6471889  67.26
1960-1964     10-14     0.00041  0.00204  2.64   95980     195  479438  5991444  62.42
1960-1964     15-19     0.00091  0.00455  2.80   95784     436  477962  5512006  57.55
1960-1964     20-24     0.00122  0.00610  2.49   95348     581  475283  5034045  52.80
1960-1964     25-29     0.00134  0.00666  2.57   94767     631  472300  4558762  48.11
1960-1964     30-34     0.00159  0.00791  2.60   94136     745  468892  4086462  43.41
1960-1964     35-39     0.00207  0.01032  2.63   93391     964  464674  3617570  38.74
1960-1964     40-44     0.00289  0.01434  2.65   92427    1325  459022  3152896  34.11
1960-1964     45-49     0.00449  0.02220  2.66   91102    2023  450774  2693874  29.57
1960-1964     50-54     0.00735  0.03611  2.67   89079    3217  437907  2243100  25.18
1960-1964     55-59     0.01217  0.05920  2.70   85862    5083  417608  1805193  21.02
1960-1964     60-64     0.01999  0.09545  2.64   80780    7711  385686  1387585  17.18
1960-1964     65-69     0.03107  0.14462  2.61   73069   10568  340085  1001899  13.71
1960-1964     70-74     0.05038  0.22471  2.60   62501   14045  278790   661814  10.59
1960-1964     75-79     0.08266  0.34352  2.54   48457   16646  201379   383024   7.90
1960-1964     80-84     0.13735  0.50749  2.43   31811   16144  117536   181645   5.71
1960-1964     85-89     0.21477  0.67376  2.24   15667   10556   49151    64109   4.09
1960-1964     90-94     0.32394  0.82192  2.00    5111    4201   12969    14959   2.93
1960-1964     95-99     0.44752  0.90976  1.74     910     828    1850     1990   2.19
1960-1964    100-104    0.58290  0.95766  1.49      82      79     135      140   1.70
1960-1964    105-109    0.70831  0.97897  1.30       3       3       5        5   1.41
1960-1964    110+       0.79827  1.00000  1.25       0       0       0        0   1.25
1965-1969        0      0.02705  0.02642  0.12  100000    2642   97684  7010481  70.10
1965-1969      1-4      0.00108  0.00431  1.52   97358     420  388392  6912797  71.00
1965-1969      5-9      0.00050  0.00252  2.32   96938     244  484036  6524405  67.30
1965-1969     10-14     0.00039  0.00195  2.48   96694     188  482995  6040369  62.47
1965-1969     15-19     0.00094  0.00470  2.86   96505     454  481558  5557374  57.59
1965-1969     20-24     0.00117  0.00581  2.43   96052     559  478826  5075816  52.84
1965-1969     25-29     0.00118  0.00587  2.55   95493     560  476091  4596991  48.14
1965-1969     30-34     0.00155  0.00773  2.63   94933     733  472926  4120900  43.41
1965-1969     35-39     0.00214  0.01066  2.62   94199    1004  468604  3647974  38.73
1965-1969     40-44     0.00298  0.01480  2.63   93195    1379  462700  3179370  34.12
1965-1969     45-49     0.00459  0.02269  2.66   91816    2083  454203  2716670  29.59
1965-1969     50-54     0.00695  0.03422  2.67   89732    3070  441512  2262467  25.21
1965-1969     55-59     0.01151  0.05606  2.67   86662    4858  422014  1820955  21.01
1965-1969     60-64     0.01970  0.09420  2.67   81804    7706  391086  1398942  17.10
1965-1969     65-69     0.03248  0.15075  2.62   74098   11170  343958  1007856  13.60
1965-1969     70-74     0.05158  0.22925  2.58   62928   14426  279662   663898  10.55
1965-1969     75-79     0.08271  0.34348  2.53   48502   16660  201416   384236   7.92
1965-1969     80-84     0.13631  0.50403  2.42   31842   16049  117743   182820   5.74
1965-1969     85-89     0.21291  0.67101  2.25   15793   10597   49772    65077   4.12
1965-1969     90-94     0.32121  0.81858  2.01    5196    4253   13240    15305   2.95
1965-1969     95-99     0.44660  0.90937  1.74     943     857    1919     2065   2.19
1965-1969    100-104    0.58291  0.95772  1.49      85      82     140      145   1.70
1965-1969    105-109    0.70941  0.97914  1.30       4       4       5        5   1.41
1965-1969    110+       0.80005  1.00000  1.25       0       0       0        0   1.25
1970-1974        0      0.02484  0.02431  0.12  100000    2431   97854  7066838  70.67
1970-1974      1-4      0.00091  0.00362  1.60   97569     353  389426  6968983  71.43
1970-1974      5-9      0.00044  0.00222  2.38   97216     216  485513  6579557  67.68
1970-1974     10-14     0.00039  0.00194  2.67   97000     188  484561  6094044  62.83
1970-1974     15-19     0.00114  0.00571  2.91   96811     552  482901  5609483  57.94
1970-1974     20-24     0.00125  0.00624  2.42   96259     600  479744  5126581  53.26
1970-1974     25-29     0.00120  0.00596  2.53   95659     570  476884  4646838  48.58
1970-1974     30-34     0.00141  0.00702  2.60   95088     668  473839  4169954  43.85
1970-1974     35-39     0.00207  0.01032  2.71   94421     974  469875  3696115  39.15
1970-1974     40-44     0.00317  0.01571  2.64   93446    1468  463766  3226240  34.53
1970-1974     45-49     0.00458  0.02267  2.66   91978    2085  455016  2762474  30.03
1970-1974     50-54     0.00700  0.03443  2.65   89893    3095  442195  2307458  25.67
1970-1974     55-59     0.01066  0.05202  2.67   86797    4515  423444  1865262  21.49
1970-1974     60-64     0.01784  0.08565  2.67   82282    7048  395007  1441819  17.52
1970-1974     65-69     0.03021  0.14102  2.65   75235   10610  351242  1046812  13.91
1970-1974     70-74     0.04984  0.22259  2.60   64625   14385  288642   695570  10.76
1970-1974     75-79     0.07991  0.33370  2.53   50241   16765  209808   406927   8.10
1970-1974     80-84     0.13099  0.48989  2.43   33475   16399  125196   197119   5.89
1970-1974     85-89     0.20697  0.65961  2.25   17076   11264   54422    71923   4.21
1970-1974     90-94     0.31285  0.80726  2.00    5813    4692   14999    17501   3.01
1970-1974     95-99     0.43722  0.90454  1.76    1120    1013    2318     2502   2.23
1970-1974    100-104    0.57407  0.95562  1.51     107     102     178      185   1.73
1970-1974    105-109    0.70240  0.97833  1.31       5       5       7        7   1.42
1970-1974    110+       0.79499  1.00000  1.26       0       0       0        0   1.26
1975-1979        0      0.01716  0.01690  0.10  100000    1690   98472  7199056  71.99
1975-1979      1-4      0.00074  0.00294  1.54   98310     289  392527  7100584  72.23
1975-1979      5-9      0.00033  0.00167  2.28   98021     163  489658  6708057  68.44
1975-1979     10-14     0.00031  0.00154  2.66   97857     150  488933  6218399  63.55
1975-1979     15-19     0.00108  0.00540  2.89   97707     527  487420  5729466  58.64
1975-1979     20-24     0.00120  0.00597  2.39   97180     580  484386  5242046  53.94
1975-1979     25-29     0.00108  0.00537  2.55   96600     518  481726  4757660  49.25
1975-1979     30-34     0.00138  0.00689  2.65   96081     662  478853  4275934  44.50
1975-1979     35-39     0.00185  0.00919  2.66   95419     877  475044  3797081  39.79
1975-1979     40-44     0.00299  0.01483  2.71   94543    1402  469497  3322037  35.14
1975-1979     45-49     0.00473  0.02339  2.68   93141    2178  460646  2852540  30.63
1975-1979     50-54     0.00676  0.03326  2.62   90962    3025  447624  2391895  26.30
1975-1979     55-59     0.01033  0.05040  2.65   87937    4432  429253  1944271  22.11
1975-1979     60-64     0.01592  0.07675  2.65   83505    6409  402481  1515018  18.14
1975-1979     65-69     0.02659  0.12516  2.66   77095    9650  362894  1112537  14.43
1975-1979     70-74     0.04523  0.20419  2.62   67446   13772  304456   749643  11.11
1975-1979     75-79     0.07633  0.32146  2.55   53674   17254  226063   445186   8.29
1975-1979     80-84     0.12619  0.47680  2.44   36420   17365  137608   219123   6.02
1975-1979     85-89     0.20188  0.65116  2.27   19055   12408   61462    81516   4.28
1975-1979     90-94     0.31177  0.80950  2.03    6647    5381   17259    20054   3.02
1975-1979     95-99     0.44268  0.90779  1.75    1266    1150    2597     2795   2.21
1975-1979    100-104    0.58335  0.95805  1.50     117     112     192      199   1.70
1975-1979    105-109    0.71342  0.97970  1.30       5       5       7        7   1.40
1975-1979    110+       0.80567  1.00000  1.24       0       0       0        0   1.24
1980-1984        0      0.01269  0.01254  0.08  100000    1254   98851  7315237  73.15
1980-1984      1-4      0.00057  0.00226  1.62   98746     223  394452  7216386  73.08
1980-1984      5-9      0.00028  0.00139  2.27   98522     137  492238  6821935  69.24
1980-1984     10-14     0.00027  0.00133  2.70   98385     131  491625  6329697  64.34
1980-1984     15-19     0.00096  0.00481  2.95   98254     473  490301  5838072  59.42
1980-1984     20-24     0.00113  0.00563  2.44   97782     551  487502  5347771  54.69
1980-1984     25-29     0.00105  0.00524  2.55   97231     510  484904  4860269  49.99
1980-1984     30-34     0.00123  0.00613  2.61   96721     593  482191  4375365  45.24
1980-1984     35-39     0.00184  0.00918  2.65   96128     882  478566  3893175  40.50
1980-1984     40-44     0.00277  0.01377  2.69   95246    1311  473201  3414608  35.85
1980-1984     45-49     0.00441  0.02185  2.70   93934    2052  464943  2941407  31.31
1980-1984     50-54     0.00692  0.03404  2.66   91882    3127  452092  2476464  26.95
1980-1984     55-59     0.00994  0.04855  2.63   88755    4309  433584  2024372  22.81
1980-1984     60-64     0.01500  0.07244  2.64   84446    6118  407806  1590788  18.84
1980-1984     65-69     0.02358  0.11176  2.66   78328    8754  371189  1182982  15.10
1980-1984     70-74     0.04021  0.18370  2.65   69574   12781  317852   811793  11.67
1980-1984     75-79     0.06952  0.29756  2.58   56793   16899  243074   493941   8.70
1980-1984     80-84     0.11829  0.45499  2.46   39894   18152  153447   250867   6.29
1980-1984     85-89     0.19116  0.62983  2.29   21743   13694   71639    97420   4.48
1980-1984     90-94     0.28981  0.78523  2.08    8048    6320   21807    25781   3.20
1980-1984     95-99     0.42336  0.89741  1.79    1729    1551    3664     3975   2.30
1980-1984    100-104    0.56554  0.95378  1.53     177     169     299      311   1.75
1980-1984    105-109    0.69991  0.97818  1.32       8       8      11       12   1.42
1980-1984    110+       0.79646  1.00000  1.26       0       0       0        0   1.26
1985-1989        0      0.00955  0.00947  0.07  100000     947   99124  7482987  74.83
1985-1989      1-4      0.00044  0.00174  1.57   99053     173  395793  7383863  74.54
1985-1989      5-9      0.00021  0.00106  2.43   98881     105  494134  6988070  70.67
1985-1989     10-14     0.00020  0.00101  2.65   98776      99  493645  6493936  65.74
1985-1989     15-19     0.00075  0.00376  2.96   98676     371  492623  6000291  60.81
1985-1989     20-24     0.00092  0.00461  2.46   98305     453  490374  5507668  56.03
1985-1989     25-29     0.00088  0.00438  2.57   97852     428  488219  5017294  51.27
1985-1989     30-34     0.00108  0.00541  2.60   97424     527  485857  4529074  46.49
1985-1989     35-39     0.00155  0.00774  2.68   96897     750  482751  4043217  41.73
1985-1989     40-44     0.00250  0.01244  2.67   96148    1196  477947  3560466  37.03
1985-1989     45-49     0.00368  0.01825  2.64   94952    1733  470672  3082518  32.46
1985-1989     50-54     0.00582  0.02873  2.70   93219    2678  459930  2611847  28.02
1985-1989     55-59     0.00921  0.04508  2.63   90541    4082  443034  2151916  23.77
1985-1989     60-64     0.01362  0.06595  2.62   86459    5702  418701  1708882  19.77
1985-1989     65-69     0.02090  0.09960  2.65   80757    8043  384862  1290181  15.98
1985-1989     70-74     0.03467  0.16025  2.64   72713   11652  336062   905319  12.45
1985-1989     75-79     0.06015  0.26290  2.61   61061   16053  266902   569257   9.32
1985-1989     80-84     0.10577  0.41830  2.50   45008   18827  177991   302355   6.72
1985-1989     85-89     0.17604  0.59895  2.33   26181   15681   89078   124364   4.75
1985-1989     90-94     0.27300  0.76371  2.12   10500    8019   29374    35286   3.36
1985-1989     95-99     0.40677  0.88805  1.83    2481    2203    5417     5913   2.38
1985-1989    100-104    0.55436  0.95116  1.55     278     264     477      496   1.79
1985-1989    105-109    0.69563  0.97782  1.32      14      13      19       19   1.43
1985-1989    110+       0.79714  1.00000  1.25       0       0       0        0   1.25
1990-1994        0      0.00717  0.00712  0.07  100000     712   99336  7605490  76.05
1990-1994      1-4      0.00037  0.00150  1.63   99288     149  396799  7506154  75.60
1990-1994      5-9      0.00017  0.00084  2.32   99139      84  495473  7109355  71.71
1990-1994     10-14     0.00017  0.00087  2.71   99056      86  495082  6613882  66.77
1990-1994     15-19     0.00069  0.00344  3.07   98970     340  494193  6118800  61.82
1990-1994     20-24     0.00089  0.00444  2.44   98630     438  492025  5624607  57.03
1990-1994     25-29     0.00081  0.00404  2.55   98191     397  489987  5132582  52.27
1990-1994     30-34     0.00098  0.00490  2.62   97795     479  487832  4642594  47.47
1990-1994     35-39     0.00137  0.00681  2.67   97316     663  485033  4154762  42.69
1990-1994     40-44     0.00225  0.01117  2.71   96653    1080  480792  3669730  37.97
1990-1994     45-49     0.00356  0.01763  2.65   95573    1685  473912  3188937  33.37
1990-1994     50-54     0.00517  0.02556  2.64   93888    2399  463777  2715026  28.92
1990-1994     55-59     0.00821  0.04025  2.66   91488    3683  448811  2251249  24.61
1990-1994     60-64     0.01296  0.06289  2.64   87805    5522  426020  1802438  20.53
1990-1994     65-69     0.01958  0.09353  2.62   82283    7696  393138  1376418  16.73
1990-1994     70-74     0.03079  0.14348  2.62   74587   10702  347515   983280  13.18
1990-1994     75-79     0.05291  0.23490  2.61   63885   15007  283634   635765   9.95
1990-1994     80-84     0.09320  0.37911  2.54   48879   18531  198826   352131   7.20
1990-1994     85-89     0.16059  0.56528  2.38   30348   17155  106825   153305   5.05
1990-1994     90-94     0.25705  0.74003  2.13   13193    9763   37982    46480   3.52
1990-1994     95-99     0.38925  0.87706  1.87    3430    3008    7728     8498   2.48
1990-1994    100-104    0.54108  0.94771  1.57     422     400     739      770   1.83
1990-1994    105-109    0.68848  0.97707  1.34      22      22      31       32   1.45
1990-1994    110+       0.79466  1.00000  1.26       1       1       1        1   1.26
1995-1999        0      0.00483  0.00481  0.06  100000     481   99549  7739291  77.39
1995-1999      1-4      0.00029  0.00117  1.65   99519     117  397802  7639742  76.77
1995-1999      5-9      0.00013  0.00065  2.39   99402      65  496842  7241940  72.85
1995-1999     10-14     0.00015  0.00074  2.84   99337      73  496529  6745097  67.90
1995-1999     15-19     0.00059  0.00296  3.03   99264     294  495741  6248569  62.95
1995-1999     20-24     0.00075  0.00375  2.43   98970     371  493898  5752827  58.13
1995-1999     25-29     0.00066  0.00330  2.52   98599     325  492186  5258930  53.34
1995-1999     30-34     0.00080  0.00399  2.60   98274     392  490427  4766743  48.50
1995-1999     35-39     0.00122  0.00606  2.67   97882     594  488024  4276316  43.69
1995-1999     40-44     0.00190  0.00947  2.68   97288     922  484303  3788293  38.94
1995-1999     45-49     0.00317  0.01572  2.66   96366    1515  478290  3303989  34.29
1995-1999     50-54     0.00502  0.02482  2.64   94851    2355  468706  2825700  29.79
1995-1999     55-59     0.00708  0.03482  2.62   92497    3220  454829  2356993  25.48
1995-1999     60-64     0.01141  0.05558  2.66   89276    4962  434786  1902164  21.31
1995-1999     65-69     0.01823  0.08738  2.64   84314    7367  404172  1467378  17.40
1995-1999     70-74     0.02795  0.13106  2.63   76947   10084  360821  1063205  13.82
1995-1999     75-79     0.04661  0.20975  2.61   66862   14024  300864   702385  10.50
1995-1999     80-84     0.08443  0.35020  2.57   52838   18504  219168   401521   7.60
1995-1999     85-89     0.14817  0.53655  2.43   34334   18422  124327   182353   5.31
1995-1999     90-94     0.24590  0.72645  2.18   15912   11559   47009    58026   3.65
1995-1999     95-99     0.37971  0.87102  1.89    4353    3791    9985    11017   2.53
1995-1999    100-104    0.53739  0.94704  1.58     561     532     989     1032   1.84
1995-1999    105-109    0.69106  0.97758  1.33      30      29      42       43   1.44
1995-1999    110+       0.80078  1.00000  1.25       1       1       1        1   1.25
2000-2004        0      0.00456  0.00454  0.06  100000     454   99574  7880517  78.81
2000-2004      1-4      0.00022  0.00088  1.60   99546      88  397975  7780943  78.16
2000-2004      5-9      0.00011  0.00054  2.45   99459      54  497156  7382968  74.23
2000-2004     10-14     0.00013  0.00065  2.72   99405      65  496877  6885812  69.27
2000-2004     15-19     0.00055  0.00272  2.94   99340     271  496144  6388935  64.31
2000-2004     20-24     0.00065  0.00325  2.49   99070     322  494541  5892790  59.48
2000-2004     25-29     0.00061  0.00305  2.45   98748     302  492973  5398249  54.67
2000-2004     30-34     0.00067  0.00332  2.66   98447     327  491467  4905276  49.83
2000-2004     35-39     0.00097  0.00485  2.68   98120     476  489495  4413810  44.98
2000-2004     40-44     0.00162  0.00806  2.70   97644     787  486406  3924315  40.19
2000-2004     45-49     0.00268  0.01330  2.69   96856    1289  481302  3437910  35.49
2000-2004     50-54     0.00442  0.02189  2.70   95568    2092  473026  2956608  30.94
2000-2004     55-59     0.00667  0.03281  2.63   93476    3067  460121  2483581  26.57
2000-2004     60-64     0.00951  0.04652  2.63   90409    4206  442084  2023460  22.38
2000-2004     65-69     0.01495  0.07222  2.67   86203    6225  416484  1581376  18.34
2000-2004     70-74     0.02471  0.11676  2.65   79977    9338  377913  1164893  14.57
2000-2004     75-79     0.04103  0.18695  2.62   70639   13206  321833   786980  11.14
2000-2004     80-84     0.07375  0.31296  2.58   57433   17974  243715   465147   8.10
2000-2004     85-89     0.13525  0.50332  2.46   39459   19861  146849   221432   5.61
2000-2004     90-94     0.23235  0.70698  2.23   19599   13856   59635    74583   3.81
2000-2004     95-99     0.36746  0.86256  1.92    5743    4953   13480    14949   2.60
2000-2004    100-104    0.53058  0.94541  1.60     789     746    1406     1469   1.86
2000-2004    105-109    0.69082  0.97773  1.33      43      42      61       62   1.44
2000-2004    110+       0.80463  1.00000  1.24       1       1       1        1   1.24
2005-2009        0      0.00380  0.00378  0.06  100000     378   99644  8004769  80.05
2005-2009      1-4      0.00020  0.00080  1.48   99622      80  398286  7905125  79.35
2005-2009      5-9      0.00010  0.00048  2.47   99542      48  497588  7506839  75.41
2005-2009     10-14     0.00011  0.00055  2.85   99494      54  497352  7009251  70.45
2005-2009     15-19     0.00045  0.00226  2.93   99439     225  496731  6511899  65.49
2005-2009     20-24     0.00056  0.00281  2.41   99214     279  495350  6015168  60.63
2005-2009     25-29     0.00049  0.00247  2.49   98935     244  494066  5519819  55.79
2005-2009     30-34     0.00058  0.00288  2.61   98691     284  492777  5025753  50.92
2005-2009     35-39     0.00082  0.00407  2.73   98407     401  491126  4532976  46.06
2005-2009     40-44     0.00128  0.00639  2.72   98006     626  488604  4041850  41.24
2005-2009     45-49     0.00225  0.01122  2.71   97380    1092  484399  3553246  36.49
2005-2009     50-54     0.00379  0.01879  2.70   96288    1810  477279  3068847  31.87
2005-2009     55-59     0.00611  0.03013  2.69   94478    2846  465808  2591568  27.43
2005-2009     60-64     0.00915  0.04475  2.60   91632    4100  448321  2125759  23.20
2005-2009     65-69     0.01319  0.06395  2.61   87531    5598  424304  1677439  19.16
2005-2009     70-74     0.02094  0.09986  2.69   81933    8182  390727  1253135  15.29
2005-2009     75-79     0.03687  0.16962  2.64   73751   12509  339270   862408  11.69
2005-2009     80-84     0.06674  0.28775  2.61   61242   17622  264055   523138   8.54
2005-2009     85-89     0.12315  0.46952  2.47   43619   20480  166308   259084   5.94
2005-2009     90-94     0.21687  0.68102  2.27   23139   15758   72662    92776   4.01
2005-2009     95-99     0.34844  0.84735  1.97    7381    6254   17949    20114   2.73
2005-2009    100-104    0.51270  0.93984  1.63    1127    1059    2065     2165   1.92
2005-2009    105-109    0.67772  0.97614  1.35      68      66      98      100   1.47
2005-2009    110+       0.79642  1.00000  1.26       2       2       2        2   1.26
2010-2014        0      0.00342  0.00341  0.06  100000     341   99679  8092296  80.92
2010-2014      1-4      0.00017  0.00066  1.64   99659      66  398482  7992617  80.20
2010-2014      5-9      0.00009  0.00044  2.59   99594      43  497863  7594134  76.25
2010-2014     10-14     0.00010  0.00050  2.79   99550      50  497640  7096271  71.28
2010-2014     15-19     0.00032  0.00159  2.89   99500     158  497166  6598632  66.32
2010-2014     20-24     0.00045  0.00226  2.44   99342     225  496133  6101466  61.42
2010-2014     25-29     0.00046  0.00230  2.56   99117     228  495031  5605333  56.55
2010-2014     30-34     0.00053  0.00263  2.65   98889     260  493837  5110301  51.68
2010-2014     35-39     0.00072  0.00362  2.65   98629     357  492309  4616465  46.81
2010-2014     40-44     0.00113  0.00563  2.71   98273     553  490094  4124155  41.97
2010-2014     45-49     0.00202  0.01004  2.72   97720     981  486366  3634061  37.19
2010-2014     50-54     0.00340  0.01689  2.70   96739    1634  479930  3147695  32.54
2010-2014     55-59     0.00543  0.02680  2.68   95105    2549  469620  2667765  28.05
2010-2014     60-64     0.00894  0.04376  2.67   92556    4051  453332  2198145  23.75
2010-2014     65-69     0.01325  0.06423  2.62   88506    5685  428990  1744813  19.71
2010-2014     70-74     0.01921  0.09185  2.63   82821    7607  396040  1315822  15.89
2010-2014     75-79     0.03218  0.14968  2.67   75213   11258  349838   919783  12.23
2010-2014     80-84     0.06094  0.26628  2.63   63955   17030  279481   569944   8.91
2010-2014     85-89     0.11468  0.44664  2.52   46925   20959  182752   290463   6.19
2010-2014     90-94     0.20582  0.65962  2.28   25967   17128   83217   107711   4.15
2010-2014     95-99     0.34130  0.84186  1.99    8839    7441   21801    24494   2.77
2010-2014    100-104    0.51121  0.93981  1.64    1398    1314    2569     2692   1.93
2010-2014    105-109    0.68235  0.97693  1.35      84      82     120      123   1.46
2010-2014    110+       0.80415  1.00000  1.24       2       2       2        2   1.24
