Belgium, Life tables (period 5x5), Total     Last modified: 12-Aug-2016, MPv5 (May07)

  Year          Age         mx       qx    ax      lx      dx      Lx       Tx     ex
1841-1844        0      0.16641  0.14991  0.34  100000   14991   90088  4029502  40.30
1841-1844      1-4      0.04037  0.14600  1.37   85009   12411  307442  3939414  46.34
1841-1844      5-9      0.01030  0.05007  2.23   72597    3635  352902  3631972  50.03
1841-1844     10-14     0.00629  0.03092  2.41   68963    2132  339283  3279069  47.55
1841-1844     15-19     0.00802  0.03932  2.60   66830    2628  327850  2939786  43.99
1841-1844     20-24     0.01012  0.04935  2.54   64202    3169  313211  2611936  40.68
1841-1844     25-29     0.00962  0.04693  2.45   61034    2864  297864  2298725  37.66
1841-1844     30-34     0.00974  0.04752  2.50   58169    2764  283942  2000861  34.40
1841-1844     35-39     0.01078  0.05252  2.58   55405    2910  269986  1716919  30.99
1841-1844     40-44     0.01249  0.06055  2.49   52495    3178  254499  1446934  27.56
1841-1844     45-49     0.01350  0.06538  2.60   49317    3224  238834  1192434  24.18
1841-1844     50-54     0.01810  0.08666  2.56   46092    3994  220730   953600  20.69
1841-1844     55-59     0.02301  0.10907  2.62   42098    4592  199549   732870  17.41
1841-1844     60-64     0.03376  0.15603  2.58   37507    5852  173369   533320  14.22
1841-1844     65-69     0.04997  0.22299  2.59   31654    7059  141254   359952  11.37
1841-1844     70-74     0.07442  0.31369  2.50   24596    7715  103672   218697   8.89
1841-1844     75-79     0.10868  0.42578  2.46   16880    7187   66133   115025   6.81
1841-1844     80-84     0.16926  0.58251  2.32    9693    5646   33359    48893   5.04
1841-1844     85-89     0.23980  0.71088  2.14    4047    2877   11996    15533   3.84
1841-1844     90-94     0.31356  0.80495  1.98    1170     942    3003     3537   3.02
1841-1844     95-99     0.41796  0.89041  1.78     228     203     486      534   2.34
1841-1844    100-104    0.52184  0.93821  1.59      25      23      45       47   1.90
1841-1844    105-109    0.62425  0.96503  1.42       2       1       2        2   1.60
1841-1844    110+       0.70387  1.00000  1.42       0       0       0        0   1.42
1845-1849        0      0.17396  0.15602  0.34  100000   15602   89685  3721112  37.21
1845-1849      1-4      0.04216  0.15192  1.39   84398   12822  304128  3631426  43.03
1845-1849      5-9      0.01166  0.05652  2.26   71576    4045  346816  3327298  46.49
1845-1849     10-14     0.00778  0.03810  2.37   67531    2573  330880  2980483  44.14
1845-1849     15-19     0.00907  0.04439  2.64   64958    2883  317993  2649602  40.79
1845-1849     20-24     0.01147  0.05574  2.48   62075    3460  301637  2331610  37.56
1845-1849     25-29     0.01081  0.05262  2.48   58614    3084  285307  2029973  34.63
1845-1849     30-34     0.01182  0.05744  2.52   55530    3190  269747  1744666  31.42
1845-1849     35-39     0.01330  0.06436  2.52   52340    3369  253357  1474919  28.18
1845-1849     40-44     0.01594  0.07671  2.55   48972    3757  235665  1221562  24.94
1845-1849     45-49     0.01848  0.08834  2.52   45215    3994  216154   985897  21.80
1845-1849     50-54     0.02347  0.11104  2.57   41221    4577  194997   769743  18.67
1845-1849     55-59     0.02959  0.13792  2.54   36643    5054  170802   574746  15.68
1845-1849     60-64     0.04273  0.19356  2.57   31589    6114  143095   403944  12.79
1845-1849     65-69     0.05912  0.25784  2.52   25475    6568  111107   260849  10.24
1845-1849     70-74     0.09140  0.37173  2.49   18906    7028   76890   149742   7.92
1845-1849     75-79     0.12624  0.47375  2.37   11878    5627   44576    72851   6.13
1845-1849     80-84     0.19497  0.63580  2.26    6251    3974   20385    28275   4.52
1845-1849     85-89     0.26974  0.75256  2.06    2277    1713    6352     7890   3.47
1845-1849     90-94     0.35147  0.84242  1.91     563     475    1350     1539   2.73
1845-1849     95-99     0.46323  0.91468  1.69      89      81     175      189   2.12
1845-1849    100-104    0.56854  0.95236  1.51       8       7      13       13   1.75
1845-1849    105-109    0.66820  0.97266  1.36       0       0       1        1   1.49
1845-1849    110+       0.74367  1.00000  1.34       0       0       0        0   1.34
1850-1854        0      0.16191  0.14625  0.34  100000   14625   90330  4138719  41.39
1850-1854      1-4      0.03622  0.13244  1.41   85375   11307  312202  4048388  47.42
1850-1854      5-9      0.00988  0.04810  2.22   74068    3563  360429  3736187  50.44
1850-1854     10-14     0.00618  0.03041  2.42   70505    2144  346991  3375758  47.88
1850-1854     15-19     0.00752  0.03692  2.60   68362    2524  335762  3028766  44.31
1850-1854     20-24     0.00932  0.04554  2.53   65837    2998  321766  2693004  40.90
1850-1854     25-29     0.00909  0.04444  2.45   62839    2793  307075  2371238  37.74
1850-1854     30-34     0.00934  0.04565  2.53   60046    2741  293462  2064163  34.38
1850-1854     35-39     0.01066  0.05194  2.53   57305    2977  279170  1770701  30.90
1850-1854     40-44     0.01175  0.05709  2.50   54329    3101  263885  1491530  27.45
1850-1854     45-49     0.01338  0.06482  2.58   51228    3320  248102  1227645  23.96
1850-1854     50-54     0.01761  0.08439  2.55   47907    4043  229634   979543  20.45
1850-1854     55-59     0.02305  0.10922  2.61   43864    4791  207885   749909  17.10
1850-1854     60-64     0.03462  0.15970  2.58   39073    6240  180258   542024  13.87
1850-1854     65-69     0.05120  0.22760  2.56   32833    7473  145963   361766  11.02
1850-1854     70-74     0.07650  0.32137  2.51   25361    8150  106535   215803   8.51
1850-1854     75-79     0.12113  0.46192  2.43   17210    7950   65632   109268   6.35
1850-1854     80-84     0.18331  0.61193  2.28    9260    5667   30914    43636   4.71
1850-1854     85-89     0.26210  0.74579  2.11    3594    2680   10226    12722   3.54
1850-1854     90-94     0.35120  0.83995  1.89     914     767    2185     2496   2.73
1850-1854     95-99     0.46126  0.91426  1.70     146     134     290      312   2.13
1850-1854    100-104    0.57255  0.95377  1.50      13      12      21       22   1.73
1850-1854    105-109    0.67772  0.97430  1.34       1       1       1        1   1.47
1850-1854    110+       0.75679  1.00000  1.32       0       0       0        0   1.32
1855-1859        0      0.18215  0.16257  0.34  100000   16257   89252  3953228  39.53
1855-1859      1-4      0.04207  0.15122  1.32   83743   12663  301019  3863976  46.14
1855-1859      5-9      0.01004  0.04880  2.12   71079    3469  345406  3562957  50.13
1855-1859     10-14     0.00605  0.02979  2.44   67611    2014  332905  3217551  47.59
1855-1859     15-19     0.00754  0.03705  2.63   65597    2430  322232  2884646  43.98
1855-1859     20-24     0.00939  0.04588  2.49   63166    2898  308566  2562414  40.57
1855-1859     25-29     0.00900  0.04398  2.47   60268    2650  294646  2253847  37.40
1855-1859     30-34     0.00961  0.04695  2.52   57617    2705  281374  1959202  34.00
1855-1859     35-39     0.01065  0.05189  2.53   54912    2849  267512  1677828  30.55
1855-1859     40-44     0.01200  0.05829  2.52   52063    3035  252796  1410316  27.09
1855-1859     45-49     0.01379  0.06669  2.54   49028    3270  237089  1157521  23.61
1855-1859     50-54     0.01789  0.08577  2.60   45758    3925  219368   920432  20.12
1855-1859     55-59     0.02468  0.11642  2.57   41834    4870  197340   701064  16.76
1855-1859     60-64     0.03522  0.16237  2.60   36963    6002  170409   503723  13.63
1855-1859     65-69     0.05342  0.23630  2.56   30962    7316  136942   333314  10.77
1855-1859     70-74     0.08279  0.34301  2.50   23646    8111   97967   196373   8.30
1855-1859     75-79     0.12039  0.45838  2.40   15535    7121   59148    98406   6.33
1855-1859     80-84     0.18443  0.61437  2.28    8414    5169   28029    39258   4.67
1855-1859     85-89     0.26741  0.75353  2.10    3245    2445    9143    11229   3.46
1855-1859     90-94     0.36962  0.85724  1.87     800     686    1855     2086   2.61
1855-1859     95-99     0.48597  0.92583  1.66     114     106     217      231   2.03
1855-1859    100-104    0.60396  0.96154  1.46       8       8      13       14   1.65
1855-1859    105-109    0.71173  0.97893  1.30       0       0       0        0   1.40
1855-1859    110+       0.79017  1.00000  1.27       0       0       0        0   1.27
1860-1864        0      0.17239  0.15475  0.34  100000   15475   89768  4199872  42.00
1860-1864      1-4      0.03625  0.13242  1.37   84525   11192  308717  4110104  48.63
1860-1864      5-9      0.00950  0.04623  2.12   73332    3390  356882  3801387  51.84
1860-1864     10-14     0.00491  0.02423  2.40   69942    1694  345311  3444505  49.25
1860-1864     15-19     0.00644  0.03170  2.62   68248    2164  336090  3099194  45.41
1860-1864     20-24     0.00818  0.04010  2.54   66084    2650  323904  2763104  41.81
1860-1864     25-29     0.00831  0.04068  2.47   63434    2580  310654  2439200  38.45
1860-1864     30-34     0.00879  0.04303  2.53   60854    2619  297808  2128546  34.98
1860-1864     35-39     0.01019  0.04971  2.53   58235    2895  284012  1830738  31.44
1860-1864     40-44     0.01112  0.05409  2.51   55341    2994  269261  1546727  27.95
1860-1864     45-49     0.01254  0.06085  2.54   52347    3185  253913  1277466  24.40
1860-1864     50-54     0.01603  0.07716  2.58   49162    3794  236612  1023552  20.82
1860-1864     55-59     0.02224  0.10558  2.61   45368    4790  215372   786941  17.35
1860-1864     60-64     0.03274  0.15174  2.59   40578    6158  188065   571569  14.09
1860-1864     65-69     0.04981  0.22227  2.58   34421    7651  153599   383504  11.14
1860-1864     70-74     0.07682  0.32263  2.52   26770    8637  112422   229905   8.59
1860-1864     75-79     0.12021  0.45875  2.42   18133    8319   69198   117484   6.48
1860-1864     80-84     0.17382  0.59228  2.31    9815    5813   33443    48285   4.92
1860-1864     85-89     0.24873  0.72559  2.13    4002    2904   11674    14842   3.71
1860-1864     90-94     0.33068  0.82151  1.94    1098     902    2728     3168   2.89
1860-1864     95-99     0.43607  0.90106  1.74     196     177     405      440   2.25
1860-1864    100-104    0.54297  0.94520  1.55      19      18      34       35   1.83
1860-1864    105-109    0.64614  0.96913  1.39       1       1       2        2   1.54
1860-1864    110+       0.72509  1.00000  1.38       0       0       0        0   1.38
1865-1869        0      0.17266  0.15497  0.34  100000   15497   89756  3935330  39.35
1865-1869      1-4      0.04334  0.15609  1.45   84503   13190  304334  3845574  45.51
1865-1869      5-9      0.01024  0.04969  2.02   71313    3544  346011  3541239  49.66
1865-1869     10-14     0.00559  0.02755  2.46   67769    1867  334100  3195229  47.15
1865-1869     15-19     0.00698  0.03433  2.67   65902    2262  324238  2861129  43.41
1865-1869     20-24     0.00961  0.04695  2.51   63640    2988  310769  2536891  39.86
1865-1869     25-29     0.00993  0.04846  2.51   60652    2939  295934  2226121  36.70
1865-1869     30-34     0.01084  0.05276  2.52   57713    3045  281000  1930188  33.44
1865-1869     35-39     0.01200  0.05826  2.53   54668    3185  265466  1649187  30.17
1865-1869     40-44     0.01387  0.06702  2.51   51483    3450  248841  1383722  26.88
1865-1869     45-49     0.01525  0.07346  2.53   48033    3528  231435  1134881  23.63
1865-1869     50-54     0.01837  0.08792  2.55   44505    3913  212947   903446  20.30
1865-1869     55-59     0.02433  0.11489  2.58   40592    4664  191685   690499  17.01
1865-1869     60-64     0.03496  0.16110  2.57   35928    5788  165569   498813  13.88
1865-1869     65-69     0.05068  0.22564  2.57   30140    6801  134184   333244  11.06
1865-1869     70-74     0.07930  0.33127  2.52   23340    7732   97501   199060   8.53
1865-1869     75-79     0.11833  0.45371  2.43   15608    7082   59845   101560   6.51
1865-1869     80-84     0.17352  0.59238  2.32    8526    5051   29108    41714   4.89
1865-1869     85-89     0.25457  0.73516  2.13    3476    2555   10037    12606   3.63
1865-1869     90-94     0.34263  0.83281  1.91     920     767    2237     2569   2.79
1865-1869     95-99     0.45511  0.91159  1.71     154     140     308      332   2.16
1865-1869    100-104    0.56972  0.95323  1.51      14      13      23       24   1.74
1865-1869    105-109    0.67830  0.97450  1.34       1       1       1        1   1.47
1865-1869    110+       0.75973  1.00000  1.32       0       0       0        0   1.32
1870-1874        0      0.16444  0.14832  0.34  100000   14832   90194  4051527  40.52
1870-1874      1-4      0.04359  0.15673  1.42   85168   13349  306198  3961333  46.51
1870-1874      5-9      0.00885  0.04311  2.02   71820    3096  349866  3655135  50.89
1870-1874     10-14     0.00490  0.02419  2.49   68724    1663  339447  3305269  48.10
1870-1874     15-19     0.00671  0.03303  2.68   67061    2215  330163  2965822  44.23
1870-1874     20-24     0.00953  0.04655  2.55   64846    3019  316842  2635660  40.64
1870-1874     25-29     0.00953  0.04653  2.45   61827    2877  301795  2318817  37.50
1870-1874     30-34     0.01003  0.04894  2.54   58951    2885  287653  2017023  34.22
1870-1874     35-39     0.01136  0.05524  2.51   56066    3097  272621  1729370  30.85
1870-1874     40-44     0.01219  0.05914  2.51   52969    3133  257042  1456749  27.50
1870-1874     45-49     0.01409  0.06808  2.54   49836    3393  240844  1199708  24.07
1870-1874     50-54     0.01744  0.08366  2.56   46443    3886  222730   958864  20.65
1870-1874     55-59     0.02257  0.10701  2.59   42557    4554  201790   736134  17.30
1870-1874     60-64     0.03310  0.15325  2.59   38004    5824  175961   534344  14.06
1870-1874     65-69     0.04925  0.21990  2.57   32179    7076  143689   358383  11.14
1870-1874     70-74     0.07706  0.32377  2.53   25103    8128  105464   214693   8.55
1870-1874     75-79     0.12137  0.46279  2.44   16975    7856   64729   109229   6.43
1870-1874     80-84     0.17506  0.59382  2.29    9119    5415   30933    44500   4.88
1870-1874     85-89     0.24832  0.72741  2.15    3704    2694   10850    13567   3.66
1870-1874     90-94     0.35824  0.85009  1.91    1010     858    2396     2717   2.69
1870-1874     95-99     0.46369  0.91587  1.70     151     139     299      321   2.12
1870-1874    100-104    0.58011  0.95595  1.49      13      12      21       22   1.71
1870-1874    105-109    0.68901  0.97602  1.33       1       1       1        1   1.45
1870-1874    110+       0.76981  1.00000  1.30       0       0       0        0   1.30
1875-1879        0      0.15857  0.14353  0.34  100000   14353   90511  4366113  43.66
1875-1879      1-4      0.03404  0.12461  1.28   85647   10673  313573  4275602  49.92
1875-1879      5-9      0.00619  0.03039  2.13   74975    2279  368345  3962030  52.84
1875-1879     10-14     0.00370  0.01832  2.50   72696    1332  360155  3593685  49.43
1875-1879     15-19     0.00560  0.02762  2.70   71364    1971  352279  3233530  45.31
1875-1879     20-24     0.00803  0.03936  2.54   69393    2731  340238  2881251  41.52
1875-1879     25-29     0.00850  0.04162  2.50   66662    2774  326385  2541013  38.12
1875-1879     30-34     0.00916  0.04475  2.50   63888    2859  312295  2214628  34.66
1875-1879     35-39     0.01030  0.05023  2.54   61028    3065  297590  1902333  31.17
1875-1879     40-44     0.01145  0.05569  2.51   57963    3228  281793  1604743  27.69
1875-1879     45-49     0.01309  0.06342  2.56   54735    3471  265201  1322951  24.17
1875-1879     50-54     0.01719  0.08249  2.56   51264    4229  246015  1057749  20.63
1875-1879     55-59     0.02261  0.10722  2.60   47035    5043  223056   811734  17.26
1875-1879     60-64     0.03287  0.15222  2.58   41992    6392  194484   588678  14.02
1875-1879     65-69     0.04896  0.21886  2.58   35600    7791  159138   394195  11.07
1875-1879     70-74     0.07755  0.32511  2.52   27808    9041  116582   235056   8.45
1875-1879     75-79     0.12205  0.46554  2.45   18768    8737   71589   118475   6.31
1875-1879     80-84     0.18186  0.61101  2.32   10030    6129   33700    46886   4.67
1875-1879     85-89     0.27439  0.76159  2.08    3902    2972   10830    13186   3.38
1875-1879     90-94     0.38056  0.87161  1.89     930     811    2131     2357   2.53
1875-1879     95-99     0.52195  0.94025  1.60     119     112     215      226   1.89
1875-1879    100-104    0.65112  0.97096  1.39       7       7      11       11   1.53
1875-1879    105-109    0.76260  0.98441  1.23       0       0       0        0   1.31
1875-1879    110+       0.83900  1.00000  1.19       0       0       0        0   1.19
1880-1884        0      0.18189  0.16236  0.34  100000   16236   89267  4427674  44.28
1880-1884      1-4      0.02729  0.10177  1.34   83764    8524  312399  4338407  51.79
1880-1884      5-9      0.00554  0.02725  2.08   75239    2050  370210  4026008  53.51
1880-1884     10-14     0.00337  0.01671  2.50   73189    1223  362885  3655798  49.95
1880-1884     15-19     0.00534  0.02639  2.70   71966    1899  355467  3292913  45.76
1880-1884     20-24     0.00760  0.03731  2.53   70067    2614  343873  2937446  41.92
1880-1884     25-29     0.00767  0.03762  2.47   67453    2538  330847  2593574  38.45
1880-1884     30-34     0.00896  0.04385  2.58   64915    2847  317684  2262727  34.86
1880-1884     35-39     0.01014  0.04943  2.50   62068    3068  302665  1945043  31.34
1880-1884     40-44     0.01141  0.05548  2.54   59000    3273  286935  1642379  27.84
1880-1884     45-49     0.01308  0.06337  2.55   55727    3532  269987  1355444  24.32
1880-1884     50-54     0.01672  0.08032  2.57   52196    4192  250809  1085457  20.80
1880-1884     55-59     0.02240  0.10624  2.58   48003    5100  227697   834648  17.39
1880-1884     60-64     0.03285  0.15225  2.60   42903    6532  198834   606951  14.15
1880-1884     65-69     0.04852  0.21702  2.57   36371    7893  162692   408118  11.22
1880-1884     70-74     0.07785  0.32633  2.52   28478    9293  119369   245426   8.62
1880-1884     75-79     0.11525  0.44419  2.42   19185    8522   73941   126057   6.57
1880-1884     80-84     0.17414  0.59485  2.34   10663    6343   36424    52116   4.89
1880-1884     85-89     0.25007  0.72625  2.11    4320    3137   12546    15692   3.63
1880-1884     90-94     0.36218  0.85616  1.92    1183    1013    2796     3145   2.66
1880-1884     95-99     0.47862  0.92312  1.67     170     157     328      350   2.06
1880-1884    100-104    0.60140  0.96122  1.46      13      13      21       22   1.65
1880-1884    105-109    0.71378  0.97930  1.30       1       0       1        1   1.40
1880-1884    110+       0.79516  1.00000  1.26       0       0       0        0   1.26
1885-1889        0      0.18475  0.16464  0.34  100000   16464   89116  4492736  44.93
1885-1889      1-4      0.02621  0.09801  1.34   83536    8187  312386  4403620  52.72
1885-1889      5-9      0.00508  0.02501  2.05   75348    1885  371173  4091234  54.30
1885-1889     10-14     0.00308  0.01527  2.54   73464    1122  364560  3720061  50.64
1885-1889     15-19     0.00478  0.02362  2.70   72342    1709  357777  3355501  46.38
1885-1889     20-24     0.00700  0.03441  2.59   70633    2430  347302  2997724  42.44
1885-1889     25-29     0.00724  0.03554  2.45   68203    2424  334830  2650422  38.86
1885-1889     30-34     0.00814  0.03991  2.55   65779    2625  322472  2315592  35.20
1885-1889     35-39     0.00944  0.04616  2.57   63154    2915  308684  1993120  31.56
1885-1889     40-44     0.01116  0.05429  2.50   60239    3270  293023  1684436  27.96
1885-1889     45-49     0.01260  0.06114  2.57   56968    3483  276368  1391414  24.42
1885-1889     50-54     0.01659  0.07976  2.57   53485    4266  257076  1115046  20.85
1885-1889     55-59     0.02193  0.10416  2.60   49219    5127  233804   857969  17.43
1885-1889     60-64     0.03282  0.15200  2.58   44093    6702  204223   624166  14.16
1885-1889     65-69     0.04779  0.21423  2.59   37391    8010  167626   419943  11.23
1885-1889     70-74     0.07644  0.32143  2.53   29380    9444  123536   252317   8.59
1885-1889     75-79     0.11862  0.45475  2.44   19937    9066   76433   128780   6.46
1885-1889     80-84     0.17654  0.59878  2.31   10870    6509   36871    52347   4.82
1885-1889     85-89     0.25862  0.74259  2.13    4361    3239   12523    15476   3.55
1885-1889     90-94     0.36561  0.85379  1.88    1123     959    2622     2953   2.63
1885-1889     95-99     0.48770  0.92698  1.66     164     152     312      332   2.02
1885-1889    100-104    0.61091  0.96325  1.45      12      12      19       20   1.63
1885-1889    105-109    0.72231  0.98027  1.28       0       0       1        1   1.38
1885-1889    110+       0.80222  1.00000  1.25       0       0       0        0   1.25
1890-1894        0      0.19081  0.16944  0.34  100000   16944   88798  4442510  44.43
1890-1894      1-4      0.02660  0.09936  1.34   83056    8253  310247  4353712  52.42
1890-1894      5-9      0.00500  0.02463  2.02   74803    1842  368529  4043465  54.05
1890-1894     10-14     0.00290  0.01438  2.54   72961    1049  362222  3674936  50.37
1890-1894     15-19     0.00470  0.02325  2.71   71912    1672  355734  3312715  46.07
1890-1894     20-24     0.00658  0.03236  2.55   70240    2273  345629  2956980  42.10
1890-1894     25-29     0.00706  0.03466  2.47   67967    2356  333874  2611352  38.42
1890-1894     30-34     0.00804  0.03942  2.56   65611    2587  321746  2277478  34.71
1890-1894     35-39     0.00944  0.04611  2.52   63025    2906  307909  1955732  31.03
1890-1894     40-44     0.01144  0.05566  2.55   60119    3346  292391  1647824  27.41
1890-1894     45-49     0.01315  0.06371  2.54   56772    3617  274974  1355433  23.87
1890-1894     50-54     0.01715  0.08233  2.57   53155    4376  255145  1080459  20.33
1890-1894     55-59     0.02364  0.11187  2.60   48779    5457  230824   825314  16.92
1890-1894     60-64     0.03433  0.15847  2.58   43322    6865  199974   594490  13.72
1890-1894     65-69     0.05187  0.23024  2.56   36457    8394  161825   394516  10.82
1890-1894     70-74     0.08107  0.33718  2.51   28063    9462  116716   232691   8.29
1890-1894     75-79     0.12404  0.47001  2.42   18601    8743   70484   115975   6.23
1890-1894     80-84     0.18495  0.61600  2.29    9858    6073   32833    45491   4.61
1890-1894     85-89     0.27662  0.76614  2.09    3786    2900   10485    12658   3.34
1890-1894     90-94     0.39545  0.87968  1.84     885     779    1969     2173   2.45
1890-1894     95-99     0.51654  0.93811  1.61     107     100     193      204   1.91
1890-1894    100-104    0.64198  0.96926  1.40       7       6      10       10   1.55
1890-1894    105-109    0.75142  0.98331  1.25       0       0       0        0   1.33
1890-1894    110+       0.82757  1.00000  1.21       0       0       0        0   1.21
1895-1899        0      0.18357  0.16371  0.34  100000   16371   89178  4734281  47.34
1895-1899      1-4      0.02036  0.07722  1.33   83629    6458  317277  4645104  55.54
1895-1899      5-9      0.00428  0.02111  2.08   77171    1629  381093  4327827  56.08
1895-1899     10-14     0.00244  0.01215  2.57   75542     918  375482  3946734  52.25
1895-1899     15-19     0.00413  0.02046  2.71   74624    1527  369617  3571252  47.86
1895-1899     20-24     0.00568  0.02801  2.54   73097    2047  360450  3201635  43.80
1895-1899     25-29     0.00600  0.02955  2.50   71049    2099  350002  2841185  39.99
1895-1899     30-34     0.00675  0.03319  2.54   68950    2288  339128  2491183  36.13
1895-1899     35-39     0.00798  0.03912  2.53   66662    2608  326860  2152055  32.28
1895-1899     40-44     0.00981  0.04790  2.54   64054    3068  312714  1825195  28.49
1895-1899     45-49     0.01189  0.05777  2.54   60986    3523  296274  1512481  24.80
1895-1899     50-54     0.01550  0.07471  2.58   57462    4293  276903  1216208  21.17
1895-1899     55-59     0.02122  0.10097  2.60   53169    5369  252965   939305  17.67
1895-1899     60-64     0.03145  0.14615  2.58   47801    6986  222130   686340  14.36
1895-1899     65-69     0.04708  0.21118  2.56   40815    8619  183080   464210  11.37
1895-1899     70-74     0.07448  0.31453  2.53   32195   10126  135962   281130   8.73
1895-1899     75-79     0.11433  0.44161  2.42   22069    9746   85241   145168   6.58
1895-1899     80-84     0.17333  0.59138  2.31   12323    7288   42046    59928   4.86
1895-1899     85-89     0.25706  0.74134  2.15    5035    3733   14522    17882   3.55
1895-1899     90-94     0.37417  0.86296  1.88    1302    1124    3004     3360   2.58
1895-1899     95-99     0.49359  0.92957  1.65     178     166     336      356   2.00
1895-1899    100-104    0.61933  0.96506  1.43      13      12      20       20   1.61
1895-1899    105-109    0.73169  0.98134  1.27       0       0       1        1   1.36
1895-1899    110+       0.81132  1.00000  1.23       0       0       0        0   1.23
1900-1904        0      0.17674  0.15825  0.34  100000   15825   89538  4868124  48.68
1900-1904      1-4      0.01784  0.06807  1.30   84175    5730  321242  4778586  56.77
1900-1904      5-9      0.00369  0.01823  2.11   78446    1430  388093  4457344  56.82
1900-1904     10-14     0.00214  0.01065  2.59   77015     820  383101  4069251  52.84
1900-1904     15-19     0.00376  0.01862  2.71   76195    1419  377722  3686151  48.38
1900-1904     20-24     0.00542  0.02676  2.54   74776    2001  368958  3308428  44.24
1900-1904     25-29     0.00574  0.02829  2.51   72775    2059  358754  2939471  40.39
1900-1904     30-34     0.00629  0.03098  2.53   70716    2191  348175  2580716  36.49
1900-1904     35-39     0.00736  0.03614  2.57   68525    2476  336603  2232542  32.58
1900-1904     40-44     0.00892  0.04366  2.56   66049    2884  323196  1895938  28.71
1900-1904     45-49     0.01139  0.05541  2.59   63165    3500  307385  1572742  24.90
1900-1904     50-54     0.01538  0.07416  2.61   59665    4425  287761  1265357  21.21
1900-1904     55-59     0.02103  0.10006  2.58   55241    5527  262807   977596  17.70
1900-1904     60-64     0.03119  0.14514  2.61   49714    7216  231314   714789  14.38
1900-1904     65-69     0.04683  0.21031  2.58   42498    8938  190860   483475  11.38
1900-1904     70-74     0.07418  0.31352  2.53   33560   10522  141845   292615   8.72
1900-1904     75-79     0.11528  0.44502  2.44   23038   10253   88934   150770   6.54
1900-1904     80-84     0.17433  0.59456  2.33   12786    7602   43606    61836   4.84
1900-1904     85-89     0.26163  0.74553  2.12    5184    3865   14772    18229   3.52
1900-1904     90-94     0.36674  0.85806  1.90    1319    1132    3086     3457   2.62
1900-1904     95-99     0.49756  0.93121  1.64     187     174     350      371   1.98
1900-1904    100-104    0.62436  0.96609  1.43      13      12      20       21   1.59
1900-1904    105-109    0.73706  0.98192  1.26       0       0       1        1   1.35
1900-1904    110+       0.81648  1.00000  1.22       0       0       0        0   1.22
1905-1909        0      0.16405  0.14800  0.34  100000   14800   90216  5016880  50.17
1905-1909      1-4      0.01660  0.06356  1.29   85200    5415  326153  4926665  57.82
1905-1909      5-9      0.00341  0.01690  2.09   79785    1348  395005  4600511  57.66
1905-1909     10-14     0.00205  0.01020  2.59   78437     800  390255  4205506  53.62
1905-1909     15-19     0.00348  0.01726  2.71   77637    1340  385114  3815251  49.14
1905-1909     20-24     0.00481  0.02375  2.54   76297    1812  377033  3430137  44.96
1905-1909     25-29     0.00497  0.02452  2.50   74485    1827  367859  3053103  40.99
1905-1909     30-34     0.00565  0.02786  2.56   72658    2025  358345  2685245  36.96
1905-1909     35-39     0.00658  0.03238  2.55   70634    2287  347561  2326900  32.94
1905-1909     40-44     0.00808  0.03965  2.59   68347    2710  335196  1979339  28.96
1905-1909     45-49     0.01043  0.05087  2.59   65637    3339  320121  1644143  25.05
1905-1909     50-54     0.01449  0.07003  2.61   62298    4363  301055  1324022  21.25
1905-1909     55-59     0.02076  0.09894  2.63   57935    5732  276110  1022967  17.66
1905-1909     60-64     0.03083  0.14342  2.58   52203    7487  242876   746857  14.31
1905-1909     65-69     0.04729  0.21231  2.59   44716    9494  200747   503982  11.27
1905-1909     70-74     0.07446  0.31456  2.53   35223   11080  148792   303235   8.61
1905-1909     75-79     0.11717  0.45072  2.44   24143   10882   92875   154443   6.40
1905-1909     80-84     0.18484  0.61670  2.30   13261    8178   44244    61568   4.64
1905-1909     85-89     0.27119  0.75900  2.10    5083    3858   14226    17324   3.41
1905-1909     90-94     0.38192  0.86342  1.83    1225    1058    2769     3098   2.53
1905-1909     95-99     0.50185  0.93255  1.63     167     156     311      329   1.97
1905-1909    100-104    0.62496  0.96606  1.42      11      11      17       18   1.59
1905-1909    105-109    0.73486  0.98163  1.27       0       0       1        1   1.36
1905-1909    110+       0.81294  1.00000  1.23       0       0       0        0   1.23
1910-1914        0      0.15813  0.14316  0.34  100000   14316   90535  5126772  51.27
1910-1914      1-4      0.01518  0.05831  1.28   85684    4996  329159  5036237  58.78
1910-1914      5-9      0.00306  0.01516  2.11   80687    1223  399899  4707079  58.34
1910-1914     10-14     0.00205  0.01018  2.57   79464     809  395355  4307180  54.20
1910-1914     15-19     0.00337  0.01672  2.69   78656    1315  390240  3911825  49.73
1910-1914     20-24     0.00447  0.02211  2.51   77341    1710  382441  3521585  45.53
1910-1914     25-29     0.00470  0.02325  2.51   75631    1758  373776  3139144  41.51
1910-1914     30-34     0.00526  0.02594  2.54   73873    1917  364652  2765368  37.43
1910-1914     35-39     0.00628  0.03093  2.57   71956    2225  354367  2400715  33.36
1910-1914     40-44     0.00754  0.03704  2.56   69731    2583  342351  2046348  29.35
1910-1914     45-49     0.00999  0.04876  2.60   67148    3274  327875  1703998  25.38
1910-1914     50-54     0.01391  0.06731  2.61   63874    4299  309077  1376123  21.54
1910-1914     55-59     0.01991  0.09500  2.59   59575    5659  284226  1067046  17.91
1910-1914     60-64     0.03024  0.14102  2.61   53915    7603  251410   782820  14.52
1910-1914     65-69     0.04534  0.20430  2.58   46312    9462  208663   531410  11.47
1910-1914     70-74     0.07246  0.30718  2.52   36851   11320  156220   322747   8.76
1910-1914     75-79     0.11163  0.43494  2.46   25531   11104   99474   166527   6.52
1910-1914     80-84     0.18117  0.60831  2.30   14426    8776   48441    67054   4.65
1910-1914     85-89     0.28123  0.77107  2.07    5651    4357   15493    18613   3.29
1910-1914     90-94     0.40211  0.88160  1.82    1294    1140    2836     3120   2.41
1910-1914     95-99     0.53287  0.94398  1.58     153     145     271      284   1.86
1910-1914    100-104    0.66375  0.97302  1.37       9       8      13       13   1.50
1910-1914    105-109    0.77463  0.98546  1.22       0       0       0        0   1.29
1910-1914    110+       0.84931  1.00000  1.18       0       0       0        0   1.18
1915-1919        0      0.13046  0.12010  0.34  100000   12010   92056  4979122  49.79
1915-1919      1-4      0.01918  0.07312  1.43   87990    6434  335412  4887066  55.54
1915-1919      5-9      0.00465  0.02294  2.11   81556    1871  402367  4551654  55.81
1915-1919     10-14     0.00287  0.01425  2.55   79685    1135  395640  4149288  52.07
1915-1919     15-19     0.00475  0.02350  2.76   78550    1846  388610  3753647  47.79
1915-1919     20-24     0.00695  0.03419  2.54   76704    2622  377064  3365037  43.87
1915-1919     25-29     0.00741  0.03637  2.45   74081    2694  363531  2987973  40.33
1915-1919     30-34     0.00762  0.03739  2.50   71387    2669  350252  2624442  36.76
1915-1919     35-39     0.00749  0.03678  2.53   68718    2527  337357  2274190  33.09
1915-1919     40-44     0.00822  0.04028  2.57   66191    2666  324483  1936833  29.26
1915-1919     45-49     0.00973  0.04751  2.54   63524    3018  310211  1612349  25.38
1915-1919     50-54     0.01371  0.06636  2.62   60507    4015  292963  1302139  21.52
1915-1919     55-59     0.01916  0.09159  2.60   56491    5174  270058  1009176  17.86
1915-1919     60-64     0.02982  0.13913  2.60   51317    7140  239461   739118  14.40
1915-1919     65-69     0.04554  0.20519  2.59   44177    9065  199056   499657  11.31
1915-1919     70-74     0.07518  0.31726  2.54   35113   11140  148173   300601   8.56
1915-1919     75-79     0.11918  0.45698  2.45   23973   10955   91925   152428   6.36
1915-1919     80-84     0.18160  0.61069  2.32   13018    7950   43775    60503   4.65
1915-1919     85-89     0.27798  0.77055  2.11    5068    3905   14048    16727   3.30
1915-1919     90-94     0.42315  0.89187  1.76    1163    1037    2451     2679   2.30
1915-1919     95-99     0.54504  0.94793  1.56     126     119     219      228   1.82
1915-1919    100-104    0.67834  0.97525  1.35       7       6       9       10   1.47
1915-1919    105-109    0.78878  0.98661  1.20       0       0       0        0   1.27
1915-1919    110+       0.86154  1.00000  1.16       0       0       0        0   1.16
1920-1924        0      0.11816  0.10955  0.34  100000   10955   92718  5550016  55.50
1920-1924      1-4      0.00980  0.03821  1.31   89045    3402  347033  5457298  61.29
1920-1924      5-9      0.00235  0.01167  2.15   85643    1000  425364  5110265  59.67
1920-1924     10-14     0.00179  0.00889  2.62   84643     753  421422  4684901  55.35
1920-1924     15-19     0.00325  0.01612  2.74   83890    1352  416390  4263479  50.82
1920-1924     20-24     0.00508  0.02510  2.57   82538    2071  407648  3847089  46.61
1920-1924     25-29     0.00505  0.02493  2.50   80467    2006  397328  3439441  42.74
1920-1924     30-34     0.00508  0.02508  2.50   78461    1968  387383  3042113  38.77
1920-1924     35-39     0.00552  0.02724  2.53   76493    2083  377319  2654730  34.71
1920-1924     40-44     0.00646  0.03182  2.57   74409    2367  366299  2277411  30.61
1920-1924     45-49     0.00831  0.04073  2.60   72042    2934  353166  1911111  26.53
1920-1924     50-54     0.01168  0.05681  2.61   69108    3926  336154  1557946  22.54
1920-1924     55-59     0.01713  0.08233  2.63   65182    5366  313214  1221792  18.74
1920-1924     60-64     0.02654  0.12487  2.63   59816    7469  281385   908578  15.19
1920-1924     65-69     0.04192  0.19046  2.60   52346    9970  237846   627192  11.98
1920-1924     70-74     0.06717  0.28836  2.55   42376   12220  181920   389346   9.19
1920-1924     75-79     0.10749  0.42208  2.46   30157   12729  118413   207426   6.88
1920-1924     80-84     0.16253  0.56664  2.33   17428    9876   60762    89013   5.11
1920-1924     85-89     0.24427  0.71975  2.15    7553    5436   22254    28251   3.74
1920-1924     90-94     0.33608  0.82830  1.94    2117    1753    5217     5997   2.83
1920-1924     95-99     0.45714  0.91320  1.71     363     332     726      780   2.15
1920-1924    100-104    0.57837  0.95578  1.50      32      30      52       54   1.72
1920-1924    105-109    0.69161  0.97650  1.33       1       1       2        2   1.44
1920-1924    110+       0.77507  1.00000  1.29       0       0       0        0   1.29
1925-1929        0      0.10736  0.10008  0.32  100000   10008   93226  5667577  56.68
1925-1929      1-4      0.00872  0.03407  1.28   89992    3066  351630  5574351  61.94
1925-1929      5-9      0.00215  0.01068  2.19   86926     928  432021  5222721  60.08
1925-1929     10-14     0.00165  0.00821  2.65   85998     706  428331  4790700  55.71
1925-1929     15-19     0.00323  0.01602  2.73   85292    1366  423362  4362369  51.15
1925-1929     20-24     0.00440  0.02179  2.50   83925    1828  415062  3939007  46.93
1925-1929     25-29     0.00447  0.02210  2.49   82097    1814  405930  3523945  42.92
1925-1929     30-34     0.00462  0.02286  2.52   80283    1835  396862  3118015  38.84
1925-1929     35-39     0.00526  0.02595  2.55   78448    2036  387255  2721153  34.69
1925-1929     40-44     0.00639  0.03147  2.57   76412    2404  376219  2333897  30.54
1925-1929     45-49     0.00842  0.04128  2.60   74008    3055  362714  1957678  26.45
1925-1929     50-54     0.01188  0.05774  2.61   70953    4097  344961  1594964  22.48
1925-1929     55-59     0.01720  0.08266  2.64   66856    5526  321251  1250002  18.70
1925-1929     60-64     0.02642  0.12433  2.64   61330    7625  288633   928751  15.14
1925-1929     65-69     0.04152  0.18879  2.60   53705   10139  244189   640118  11.92
1925-1929     70-74     0.06798  0.29132  2.55   43566   12692  186698   395929   9.09
1925-1929     75-79     0.10817  0.42413  2.46   30875   13095  121060   209232   6.78
1925-1929     80-84     0.16809  0.58065  2.34   17780   10324   61416    88171   4.96
1925-1929     85-89     0.25455  0.73429  2.12    7456    5475   21508    26755   3.59
1925-1929     90-94     0.36322  0.85933  1.93    1981    1702    4687     5248   2.65
1925-1929     95-99     0.48961  0.92815  1.66     279     259     528      561   2.01
1925-1929    100-104    0.61751  0.96480  1.44      20      19      31       32   1.61
1925-1929    105-109    0.73195  0.98142  1.27       1       1       1        1   1.36
1925-1929    110+       0.81288  1.00000  1.23       0       0       0        0   1.23
1930-1934        0      0.09646  0.09046  0.31  100000    9046   93772  5857317  58.57
1930-1934      1-4      0.00682  0.02679  1.35   90954    2437  357364  5763545  63.37
1930-1934      5-9      0.00216  0.01074  2.22   88518     950  439945  5406182  61.07
1930-1934     10-14     0.00150  0.00746  2.59   87567     653  436265  4966237  56.71
1930-1934     15-19     0.00279  0.01384  2.73   86914    1203  431836  4529971  52.12
1930-1934     20-24     0.00370  0.01834  2.49   85711    1572  424610  4098136  47.81
1930-1934     25-29     0.00384  0.01903  2.52   84139    1601  416720  3673526  43.66
1930-1934     30-34     0.00416  0.02060  2.53   82538    1700  408486  3256806  39.46
1930-1934     35-39     0.00489  0.02417  2.55   80838    1954  399406  2848320  35.23
1930-1934     40-44     0.00615  0.03029  2.61   78884    2390  388718  2448914  31.04
1930-1934     45-49     0.00827  0.04056  2.59   76495    3103  375009  2060196  26.93
1930-1934     50-54     0.01128  0.05495  2.62   73392    4033  357359  1685187  22.96
1930-1934     55-59     0.01657  0.07972  2.63   69359    5529  333706  1327828  19.14
1930-1934     60-64     0.02532  0.11939  2.62   63830    7620  300998   994122  15.57
1930-1934     65-69     0.03942  0.18015  2.61   56210   10126  256888   693124  12.33
1930-1934     70-74     0.06309  0.27334  2.56   46083   12597  199660   436236   9.47
1930-1934     75-79     0.10326  0.40975  2.48   33487   13721  132882   236576   7.06
1930-1934     80-84     0.15679  0.55468  2.36   19765   10963   69923   103694   5.25
1930-1934     85-89     0.23600  0.70783  2.17    8802    6230   26399    33772   3.84
1930-1934     90-94     0.33179  0.82502  1.95    2572    2122    6395     7372   2.87
1930-1934     95-99     0.45107  0.91040  1.72     450     410     908      978   2.17
1930-1934    100-104    0.57414  0.95483  1.51      40      38      67       70   1.73
1930-1934    105-109    0.68945  0.97627  1.33       2       2       3        3   1.45
1930-1934    110+       0.77444  1.00000  1.29       0       0       0        0   1.29
1935-1939        0      0.08785  0.08271  0.29  100000    8271   94146  5999501  60.00
1935-1939      1-4      0.00558  0.02200  1.41   91729    2018  361681  5905356  64.38
1935-1939      5-9      0.00185  0.00921  2.23   89711     826  446270  5543675  61.79
1935-1939     10-14     0.00136  0.00676  2.61   88885     601  442987  5097405  57.35
1935-1939     15-19     0.00230  0.01146  2.72   88284    1011  439110  4654417  52.72
1935-1939     20-24     0.00313  0.01555  2.50   87273    1357  432966  4215307  48.30
1935-1939     25-29     0.00335  0.01661  2.54   85916    1427  426073  3782341  44.02
1935-1939     30-34     0.00377  0.01868  2.57   84489    1578  418614  3356269  39.72
1935-1939     35-39     0.00465  0.02301  2.58   82910    1908  409927  2937655  35.43
1935-1939     40-44     0.00589  0.02904  2.61   81003    2352  399392  2527728  31.21
1935-1939     45-49     0.00802  0.03934  2.62   78650    3094  385894  2128336  27.06
1935-1939     50-54     0.01145  0.05575  2.61   75557    4212  367716  1742442  23.06
1935-1939     55-59     0.01627  0.07833  2.62   71345    5588  343440  1374726  19.27
1935-1939     60-64     0.02463  0.11634  2.63   65756    7650  310623  1031286  15.68
1935-1939     65-69     0.03862  0.17676  2.60   58106   10271  265920   720663  12.40
1935-1939     70-74     0.06227  0.27061  2.58   47835   12945  207881   454743   9.51
1935-1939     75-79     0.10158  0.40440  2.48   34890   14110  138897   246861   7.08
1935-1939     80-84     0.15751  0.55642  2.36   20781   11563   73411   107964   5.20
1935-1939     85-89     0.24053  0.71786  2.19    9218    6617   27511    34553   3.75
1935-1939     90-94     0.35286  0.84138  1.89    2601    2188    6201     7042   2.71
1935-1939     95-99     0.48276  0.92567  1.67     413     382     791      841   2.04
1935-1939    100-104    0.61472  0.96443  1.44      31      30      48       50   1.62
1935-1939    105-109    0.73294  0.98161  1.27       1       1       1        1   1.36
1935-1939    110+       0.81610  1.00000  1.23       0       0       0        0   1.23
1940-1944        0      0.08930  0.08402  0.30  100000    8402   94085  5820141  58.20
1940-1944      1-4      0.00537  0.02120  1.53   91598    1942  361601  5726055  62.51
1940-1944      5-9      0.00222  0.01104  2.29   89656     990  445593  5364454  59.83
1940-1944     10-14     0.00187  0.00931  2.61   88666     825  441360  4918861  55.48
1940-1944     15-19     0.00296  0.01469  2.73   87841    1291  436280  4477501  50.97
1940-1944     20-24     0.00487  0.02404  2.55   86550    2081  427659  4041221  46.69
1940-1944     25-29     0.00498  0.02459  2.41   84469    2077  416956  3613562  42.78
1940-1944     30-34     0.00474  0.02344  2.50   82392    1931  407131  3196606  38.80
1940-1944     35-39     0.00528  0.02608  2.57   80461    2099  397204  2789476  34.67
1940-1944     40-44     0.00683  0.03358  2.58   78362    2631  385447  2392272  30.53
1940-1944     45-49     0.00917  0.04487  2.59   75731    3398  370455  2006825  26.50
1940-1944     50-54     0.01236  0.06001  2.60   72333    4340  351260  1636369  22.62
1940-1944     55-59     0.01752  0.08406  2.61   67992    5715  326291  1285110  18.90
1940-1944     60-64     0.02560  0.12061  2.60   62277    7511  293352   958819  15.40
1940-1944     65-69     0.03947  0.18035  2.61   54766    9877  250213   665467  12.15
1940-1944     70-74     0.06388  0.27630  2.56   44889   12403  194147   415254   9.25
1940-1944     75-79     0.10567  0.41782  2.50   32486   13573  128448   221107   6.81
1940-1944     80-84     0.16903  0.58446  2.36   18913   11054   65395    92659   4.90
1940-1944     85-89     0.26341  0.74958  2.13    7859    5891   22364    27265   3.47
1940-1944     90-94     0.38763  0.87494  1.87    1968    1722    4442     4900   2.49
1940-1944     95-99     0.53114  0.94391  1.59     246     232     437      458   1.86
1940-1944    100-104    0.66855  0.97396  1.36      14      13      20       21   1.49
1940-1944    105-109    0.78346  0.98626  1.21       0       0       0        0   1.27
1940-1944    110+       0.85925  1.00000  1.16       0       0       0        0   1.16
1945-1949        0      0.07586  0.07182  0.26  100000    7182   94676  6282039  62.82
1945-1949      1-4      0.00333  0.01322  1.57   92818    1227  368289  6187363  66.66
1945-1949      5-9      0.00130  0.00650  2.26   91591     596  456326  5819074  63.53
1945-1949     10-14     0.00104  0.00518  2.61   90996     471  453853  5362748  58.93
1945-1949     15-19     0.00175  0.00871  2.76   90524     788  450859  4908895  54.23
1945-1949     20-24     0.00266  0.01320  2.57   89736    1184  445806  4458036  49.68
1945-1949     25-29     0.00279  0.01383  2.54   88552    1225  439747  4012230  45.31
1945-1949     30-34     0.00329  0.01629  2.48   87327    1423  433055  3572483  40.91
1945-1949     35-39     0.00371  0.01836  2.58   85904    1577  425713  3139428  36.55
1945-1949     40-44     0.00504  0.02490  2.62   84327    2100  416634  2713715  32.18
1945-1949     45-49     0.00722  0.03548  2.63   82227    2918  404222  2297081  27.94
1945-1949     50-54     0.01045  0.05098  2.63   79309    4043  386953  1892860  23.87
1945-1949     55-59     0.01518  0.07327  2.64   75266    5515  363316  1505907  20.01
1945-1949     60-64     0.02278  0.10806  2.62   69751    7538  330820  1142590  16.38
1945-1949     65-69     0.03473  0.16030  2.60   62214    9973  287165   811770  13.05
1945-1949     70-74     0.05611  0.24720  2.60   52241   12914  230162   524605  10.04
1945-1949     75-79     0.09191  0.37407  2.51   39327   14711  160061   294443   7.49
1945-1949     80-84     0.14747  0.53239  2.39   24616   13105   88865   134382   5.46
1945-1949     85-89     0.22554  0.69129  2.20   11511    7957   35281    45516   3.95
1945-1949     90-94     0.32997  0.82398  1.96    3553    2928    8873    10236   2.88
1945-1949     95-99     0.44973  0.91028  1.73     625     569    1266     1362   2.18
1945-1949    100-104    0.57873  0.95630  1.50      56      54      93       96   1.71
1945-1949    105-109    0.69888  0.97765  1.32       2       2       3        4   1.43
1945-1949    110+       0.78630  1.00000  1.27       0       0       0        0   1.27
1950-1954        0      0.04780  0.04600  0.18  100000    4600   96231  6758859  67.59
1950-1954      1-4      0.00172  0.00684  1.49   95400     652  379960  6662628  69.84
1950-1954      5-9      0.00059  0.00296  2.30   94748     280  472981  6282668  66.31
1950-1954     10-14     0.00049  0.00245  2.58   94467     232  471775  5809687  61.50
1950-1954     15-19     0.00078  0.00387  2.73   94235     365  470349  5337912  56.64
1950-1954     20-24     0.00123  0.00612  2.63   93870     574  467992  4867563  51.85
1950-1954     25-29     0.00147  0.00731  2.55   93296     682  464810  4399572  47.16
1950-1954     30-34     0.00174  0.00866  2.63   92614     802  461163  3934762  42.49
1950-1954     35-39     0.00237  0.01176  2.64   91811    1080  456509  3473598  37.83
1950-1954     40-44     0.00348  0.01726  2.66   90731    1566  449996  3017090  33.25
1950-1954     45-49     0.00565  0.02788  2.67   89165    2486  440038  2567094  28.79
1950-1954     50-54     0.00892  0.04370  2.65   86679    3788  424502  2127056  24.54
1950-1954     55-59     0.01361  0.06593  2.62   82892    5465  401470  1702555  20.54
1950-1954     60-64     0.02074  0.09882  2.63   77427    7651  368998  1301084  16.80
1950-1954     65-69     0.03265  0.15144  2.61   69775   10567  323646   932086  13.36
1950-1954     70-74     0.05307  0.23526  2.59   59208   13930  262473   608440  10.28
1950-1954     75-79     0.08823  0.36193  2.52   45279   16388  185748   345968   7.64
1950-1954     80-84     0.14296  0.52120  2.40   28891   15058  105332   160220   5.55
1950-1954     85-89     0.22385  0.68997  2.22   13833    9544   42637    54887   3.97
1950-1954     90-94     0.33289  0.82916  1.97    4289    3556   10682    12251   2.86
1950-1954     95-99     0.45781  0.91475  1.72     733     670    1464     1569   2.14
1950-1954    100-104    0.59245  0.95982  1.48      62      60     101      105   1.68
1950-1954    105-109    0.71587  0.97982  1.29       3       2       3        3   1.39
1950-1954    110+       0.80383  1.00000  1.24       0       0       0        0   1.24
1955-1959        0      0.03654  0.03543  0.15  100000    3543   96987  6936309  69.36
1955-1959      1-4      0.00133  0.00531  1.54   96457     512  384568  6839322  70.91
1955-1959      5-9      0.00054  0.00270  2.20   95945     260  478998  6454753  67.28
1955-1959     10-14     0.00044  0.00217  2.66   95685     208  477939  5975755  62.45
1955-1959     15-19     0.00070  0.00349  2.66   95477     333  476607  5497816  57.58
1955-1959     20-24     0.00101  0.00502  2.61   95144     478  474578  5021209  52.77
1955-1959     25-29     0.00117  0.00582  2.54   94666     551  471976  4546631  48.03
1955-1959     30-34     0.00138  0.00690  2.58   94115     649  469003  4074655  43.29
1955-1959     35-39     0.00194  0.00967  2.61   93466     904  465166  3605652  38.58
1955-1959     40-44     0.00297  0.01475  2.68   92562    1365  459640  3140486  33.93
1955-1959     45-49     0.00489  0.02415  2.69   91197    2203  450892  2680847  29.40
1955-1959     50-54     0.00800  0.03926  2.67   88994    3494  436838  2229954  25.06
1955-1959     55-59     0.01281  0.06220  2.65   85500    5318  415028  1793116  20.97
1955-1959     60-64     0.01962  0.09375  2.63   80183    7517  383065  1378088  17.19
1955-1959     65-69     0.03089  0.14386  2.62   72665   10454  338450   995023  13.69
1955-1959     70-74     0.05050  0.22509  2.59   62212   14003  277301   656574  10.55
1955-1959     75-79     0.08363  0.34696  2.55   48209   16727  200017   379273   7.87
1955-1959     80-84     0.13781  0.50799  2.41   31482   15993  116052   179256   5.69
1955-1959     85-89     0.21660  0.67723  2.23   15489   10490   48430    63203   4.08
1955-1959     90-94     0.31993  0.81763  2.01    4999    4088   12777    14773   2.95
1955-1959     95-99     0.44680  0.90942  1.74     912     829    1856     1997   2.19
1955-1959    100-104    0.58248  0.95758  1.50      83      79     136      141   1.70
1955-1959    105-109    0.70837  0.97900  1.30       4       3       5        5   1.41
1955-1959    110+       0.79872  1.00000  1.25       0       0       0        0   1.25
1960-1964        0      0.02839  0.02771  0.13  100000    2771   97581  7021087  70.21
1960-1964      1-4      0.00100  0.00400  1.57   97229     389  387975  6923505  71.21
1960-1964      5-9      0.00047  0.00233  2.28   96841     226  483589  6535531  67.49
1960-1964     10-14     0.00039  0.00194  2.52   96615     187  482610  6051942  62.64
1960-1964     15-19     0.00070  0.00351  2.79   96427     339  481390  5569332  57.76
1960-1964     20-24     0.00110  0.00550  2.49   96089     529  479117  5087943  52.95
1960-1964     25-29     0.00109  0.00541  2.55   95560     517  476535  4608826  48.23
1960-1964     30-34     0.00133  0.00663  2.62   95043     630  473714  4132291  43.48
1960-1964     35-39     0.00186  0.00926  2.69   94413     874  470045  3658577  38.75
1960-1964     40-44     0.00284  0.01412  2.69   93539    1321  464639  3188532  34.09
1960-1964     45-49     0.00468  0.02314  2.70   92218    2134  456190  2723893  29.54
1960-1964     50-54     0.00765  0.03760  2.69   90084    3387  442589  2267703  25.17
1960-1964     55-59     0.01255  0.06096  2.67   86697    5285  421181  1825114  21.05
1960-1964     60-64     0.02003  0.09566  2.65   81412    7788  388729  1403933  17.24
1960-1964     65-69     0.03119  0.14516  2.62   73625   10688  342643  1015203  13.79
1960-1964     70-74     0.04938  0.22068  2.59   62937   13889  281244   672560  10.69
1960-1964     75-79     0.08217  0.34172  2.54   49048   16761  203968   391316   7.98
1960-1964     80-84     0.13313  0.49603  2.43   32288   16016  120302   187348   5.80
1960-1964     85-89     0.21380  0.67229  2.24   16272   10939   51166    67046   4.12
1960-1964     90-94     0.31656  0.81286  2.01    5333    4335   13693    15879   2.98
1960-1964     95-99     0.44639  0.90944  1.74     998     908    2033     2187   2.19
1960-1964    100-104    0.58438  0.95815  1.49      90      87     148      153   1.70
1960-1964    105-109    0.71186  0.97945  1.30       4       4       5        5   1.40
1960-1964    110+       0.80277  1.00000  1.25       0       0       0        0   1.25
1965-1969        0      0.02297  0.02251  0.11  100000    2251   98001  7067512  70.68
1965-1969      1-4      0.00094  0.00375  1.58   97749     366  390111  6969511  71.30
1965-1969      5-9      0.00045  0.00223  2.34   97383     218  486334  6579400  67.56
1965-1969     10-14     0.00039  0.00193  2.68   97165     188  485389  6093066  62.71
1965-1969     15-19     0.00074  0.00370  2.86   96977     358  484120  5607677  57.82
1965-1969     20-24     0.00102  0.00510  2.51   96619     492  481869  5123557  53.03
1965-1969     25-29     0.00107  0.00531  2.49   96127     511  479351  4641687  48.29
1965-1969     30-34     0.00124  0.00616  2.62   95616     589  476678  4162336  43.53
1965-1969     35-39     0.00174  0.00867  2.69   95027     824  473231  3685658  38.79
1965-1969     40-44     0.00275  0.01367  2.70   94204    1288  468056  3212427  34.10
1965-1969     45-49     0.00467  0.02309  2.67   92916    2146  459588  2744370  29.54
1965-1969     50-54     0.00757  0.03720  2.69   90770    3376  446036  2284783  25.17
1965-1969     55-59     0.01239  0.06023  2.68   87393    5264  424775  1838747  21.04
1965-1969     60-64     0.02005  0.09572  2.64   82130    7861  392084  1413972  17.22
1965-1969     65-69     0.03187  0.14808  2.61   74268   10998  345078  1021888  13.76
1965-1969     70-74     0.05033  0.22436  2.58   63271   14195  282043   676811  10.70
1965-1969     75-79     0.08127  0.33860  2.54   49075   16617  204464   394767   8.04
1965-1969     80-84     0.13202  0.49272  2.43   32458   15993  121138   190303   5.86
1965-1969     85-89     0.20765  0.66133  2.26   16465   10889   52439    69165   4.20
1965-1969     90-94     0.31480  0.81111  2.01    5576    4523   14368    16725   3.00
1965-1969     95-99     0.43632  0.90402  1.76    1053     952    2182     2358   2.24
1965-1969    100-104    0.57277  0.95527  1.51     101      97     169      175   1.73
1965-1969    105-109    0.70089  0.97814  1.31       5       4       6        6   1.42
1965-1969    110+       0.79349  1.00000  1.26       0       0       0        0   1.26
1970-1974        0      0.01916  0.01884  0.10  100000    1884   98308  7139957  71.40
1970-1974      1-4      0.00084  0.00336  1.64   98116     330  391687  7041649  71.77
1970-1974      5-9      0.00041  0.00203  2.39   97786     199  488413  6649962  68.00
1970-1974     10-14     0.00036  0.00179  2.59   97588     175  487517  6161550  63.14
1970-1974     15-19     0.00084  0.00420  2.85   97413     409  486185  5674032  58.25
1970-1974     20-24     0.00105  0.00525  2.41   97004     509  483701  5187847  53.48
1970-1974     25-29     0.00097  0.00485  2.54   96495     468  481322  4704146  48.75
1970-1974     30-34     0.00119  0.00592  2.57   96026     569  478748  4222824  43.98
1970-1974     35-39     0.00166  0.00827  2.65   95458     790  475435  3744076  39.22
1970-1974     40-44     0.00268  0.01331  2.69   94668    1260  470427  3268641  34.53
1970-1974     45-49     0.00439  0.02174  2.70   93408    2030  462360  2798214  29.96
1970-1974     50-54     0.00727  0.03575  2.65   91378    3267  449204  2335854  25.56
1970-1974     55-59     0.01165  0.05674  2.68   88110    4999  428956  1886650  21.41
1970-1974     60-64     0.01903  0.09110  2.66   83111    7572  397840  1457694  17.54
1970-1974     65-69     0.03073  0.14321  2.62   75540   10818  351991  1059855  14.03
1970-1974     70-74     0.04886  0.21856  2.59   64722   14146  289488   707864  10.94
1970-1974     75-79     0.07786  0.32683  2.55   50576   16530  212308   418376   8.27
1970-1974     80-84     0.12585  0.47565  2.43   34047   16194  128681   206068   6.05
1970-1974     85-89     0.19980  0.64665  2.27   17852   11544   57781    77387   4.33
1970-1974     90-94     0.30155  0.79886  2.06    6308    5039   16712    19606   3.11
1970-1974     95-99     0.42726  0.89921  1.78    1269    1141    2670     2895   2.28
1970-1974    100-104    0.56536  0.95349  1.52     128     122     216      224   1.75
1970-1974    105-109    0.69614  0.97760  1.32       6       6       8        9   1.43
1970-1974    110+       0.79096  1.00000  1.26       0       0       0        0   1.26
1975-1979        0      0.01423  0.01404  0.09  100000    1404   98719  7254106  72.54
1975-1979      1-4      0.00068  0.00271  1.62   98596     267  393749  7155387  72.57
1975-1979      5-9      0.00035  0.00174  2.38   98329     171  491196  6761639  68.77
1975-1979     10-14     0.00031  0.00153  2.66   98158     150  490437  6270442  63.88
1975-1979     15-19     0.00081  0.00402  2.87   98007     394  489198  5780005  58.98
1975-1979     20-24     0.00104  0.00519  2.42   97613     506  486758  5290807  54.20
1975-1979     25-29     0.00095  0.00476  2.53   97107     462  484391  4804049  49.47
1975-1979     30-34     0.00117  0.00583  2.57   96645     563  481855  4319658  44.70
1975-1979     35-39     0.00162  0.00806  2.68   96082     774  478615  3837803  39.94
1975-1979     40-44     0.00247  0.01228  2.69   95307    1171  473838  3359188  35.25
1975-1979     45-49     0.00410  0.02033  2.70   94137    1914  466276  2885350  30.65
1975-1979     50-54     0.00678  0.03338  2.66   92223    3078  453921  2419074  26.23
1975-1979     55-59     0.01092  0.05323  2.66   89144    4745  434642  1965153  22.04
1975-1979     60-64     0.01727  0.08298  2.65   84400    7004  405507  1530511  18.13
1975-1979     65-69     0.02782  0.13057  2.65   77396   10105  363213  1125004  14.54
1975-1979     70-74     0.04550  0.20514  2.60   67291   13804  303378   761791  11.32
1975-1979     75-79     0.07359  0.31169  2.55   53487   16671  226530   458413   8.57
1975-1979     80-84     0.11882  0.45574  2.45   36815   16778  141208   231882   6.30
1975-1979     85-89     0.18857  0.62504  2.30   20037   12524   66416    90674   4.53
1975-1979     90-94     0.28831  0.78186  2.07    7513    5874   20374    24259   3.23
1975-1979     95-99     0.40976  0.88885  1.82    1639    1457    3555     3885   2.37
1975-1979    100-104    0.54740  0.94858  1.56     182     173     316      329   1.81
1975-1979    105-109    0.68053  0.97558  1.34       9       9      13       14   1.46
1975-1979    110+       0.77854  1.00000  1.28       0       0       0        0   1.28
1980-1984        0      0.01111  0.01100  0.08  100000    1100   98988  7379970  73.80
1980-1984      1-4      0.00056  0.00225  1.65   98900     222  395079  7280982  73.62
1980-1984      5-9      0.00028  0.00140  2.37   98678     139  493027  6885903  69.78
1980-1984     10-14     0.00027  0.00133  2.64   98540     131  492389  6392877  64.88
1980-1984     15-19     0.00067  0.00333  2.94   98409     328  491369  5900487  59.96
1980-1984     20-24     0.00094  0.00471  2.44   98081     462  489224  5409119  55.15
1980-1984     25-29     0.00093  0.00463  2.57   97619     452  486998  4919895  50.40
1980-1984     30-34     0.00114  0.00571  2.59   97167     555  484499  4432897  45.62
1980-1984     35-39     0.00154  0.00768  2.64   96612     742  481312  3948398  40.87
1980-1984     40-44     0.00236  0.01173  2.66   95870    1124  476724  3467086  36.16
1980-1984     45-49     0.00372  0.01843  2.69   94746    1746  469701  2990362  31.56
1980-1984     50-54     0.00612  0.03019  2.66   93000    2808  458438  2520661  27.10
1980-1984     55-59     0.00989  0.04835  2.65   90192    4361  440732  2062222  22.86
1980-1984     60-64     0.01572  0.07579  2.65   85831    6505  413882  1621490  18.89
1980-1984     65-69     0.02501  0.11813  2.65   79326    9371  374627  1207608  15.22
1980-1984     70-74     0.04063  0.18525  2.62   69956   12959  318964   832980  11.91
1980-1984     75-79     0.06710  0.28846  2.57   56997   16441  245023   514016   9.02
1980-1984     80-84     0.11006  0.43034  2.47   40555   17452  158567   268994   6.63
1980-1984     85-89     0.17600  0.59822  2.32   23103   13821   78528   110426   4.78
1980-1984     90-94     0.26704  0.75339  2.11    9282    6993   26188    31899   3.44
1980-1984     95-99     0.38722  0.87393  1.86    2289    2000    5166     5711   2.49
1980-1984    100-104    0.52359  0.94126  1.60     289     272     519      544   1.89
1980-1984    105-109    0.65910  0.97249  1.38      17      16      25       26   1.51
1980-1984    110+       0.76085  1.00000  1.31       0       0       1        1   1.31
1985-1989        0      0.00939  0.00931  0.07  100000     931   99138  7513094  75.13
1985-1989      1-4      0.00040  0.00161  1.62   99069     159  395896  7413955  74.84
1985-1989      5-9      0.00022  0.00112  2.53   98910     111  494275  7018060  70.95
1985-1989     10-14     0.00022  0.00111  2.72   98799     109  493746  6523785  66.03
1985-1989     15-19     0.00060  0.00298  3.01   98690     294  492863  6030039  61.10
1985-1989     20-24     0.00088  0.00441  2.51   98395     434  490895  5537176  56.27
1985-1989     25-29     0.00085  0.00422  2.51   97961     413  488780  5046281  51.51
1985-1989     30-34     0.00105  0.00525  2.62   97548     512  486522  4557501  46.72
1985-1989     35-39     0.00145  0.00723  2.64   97036     702  483525  4070979  41.95
1985-1989     40-44     0.00225  0.01120  2.67   96334    1079  479155  3587454  37.24
1985-1989     45-49     0.00338  0.01675  2.69   95255    1596  472590  3108298  32.63
1985-1989     50-54     0.00518  0.02559  2.68   93660    2397  462735  2635708  28.14
1985-1989     55-59     0.00864  0.04237  2.68   91263    3867  447331  2172973  23.81
1985-1989     60-64     0.01394  0.06747  2.65   87397    5897  423133  1725642  19.74
1985-1989     65-69     0.02229  0.10589  2.64   81500    8630  387095  1302509  15.98
1985-1989     70-74     0.03632  0.16715  2.62   72870   12180  335359   915414  12.56
1985-1989     75-79     0.06002  0.26208  2.58   60689   15905  265017   580055   9.56
1985-1989     80-84     0.10010  0.40047  2.50   44784   17935  179170   315038   7.03
1985-1989     85-89     0.16196  0.56715  2.36   26849   15227   94021   135867   5.06
1985-1989     90-94     0.25249  0.73465  2.15   11622    8538   33814    41846   3.60
1985-1989     95-99     0.36886  0.86066  1.90    3084    2654    7195     8032   2.60
1985-1989    100-104    0.50659  0.93560  1.63     430     402     794      836   1.95
1985-1989    105-109    0.64608  0.97052  1.40      28      27      42       43   1.54
1985-1989    110+       0.75187  1.00000  1.33       1       1       1        1   1.33
1990-1994        0      0.00802  0.00796  0.07  100000     796   99260  7634178  76.34
1990-1994      1-4      0.00035  0.00140  1.62   99204     139  396485  7534918  75.95
1990-1994      5-9      0.00019  0.00093  2.49   99065      92  495093  7138433  72.06
1990-1994     10-14     0.00019  0.00097  2.73   98973      96  494646  6643339  67.12
1990-1994     15-19     0.00059  0.00296  3.00   98877     292  493799  6148693  62.19
1990-1994     20-24     0.00088  0.00441  2.52   98584     435  491845  5654895  57.36
1990-1994     25-29     0.00084  0.00419  2.48   98150     411  489712  5163050  52.60
1990-1994     30-34     0.00100  0.00500  2.57   97739     489  487507  4673338  47.81
1990-1994     35-39     0.00138  0.00687  2.63   97250     668  484668  4185831  43.04
1990-1994     40-44     0.00214  0.01063  2.65   96582    1027  480497  3701163  38.32
1990-1994     45-49     0.00327  0.01625  2.68   95555    1553  474164  3220665  33.70
1990-1994     50-54     0.00477  0.02358  2.65   94002    2217  464792  2746501  29.22
1990-1994     55-59     0.00744  0.03655  2.69   91785    3355  451187  2281710  24.86
1990-1994     60-64     0.01203  0.05852  2.66   88430    5175  430056  1830523  20.70
1990-1994     65-69     0.01954  0.09339  2.64   83256    7775  397962  1400466  16.82
1990-1994     70-74     0.03199  0.14867  2.63   75481   11222  350760  1002504  13.28
1990-1994     75-79     0.05321  0.23593  2.60   64259   15161  284926   651745  10.14
1990-1994     80-84     0.08968  0.36700  2.53   49098   18019  200921   366819   7.47
1990-1994     85-89     0.14897  0.53653  2.39   31079   16675  111936   165898   5.34
1990-1994     90-94     0.23904  0.71484  2.19   14404   10297   43075    53962   3.75
1990-1994     95-99     0.36109  0.85546  1.92    4108    3514    9731    10886   2.65
1990-1994    100-104    0.50645  0.93618  1.63     594     556    1097     1155   1.95
1990-1994    105-109    0.65391  0.97209  1.39      38      37      56       58   1.52
1990-1994    110+       0.76447  1.00000  1.31       1       1       1        1   1.31
1995-1999        0      0.00541  0.00538  0.06  100000     538   99496  7731874  77.32
1995-1999      1-4      0.00029  0.00118  1.62   99462     117  397569  7632378  76.74
1995-1999      5-9      0.00015  0.00076  2.32   99345      76  496520  7234809  72.83
1995-1999     10-14     0.00018  0.00089  2.67   99269      89  496138  6738289  67.88
1995-1999     15-19     0.00052  0.00259  2.95   99180     257  495375  6242151  62.94
1995-1999     20-24     0.00080  0.00398  2.55   98924     394  493655  5746776  58.09
1995-1999     25-29     0.00079  0.00395  2.53   98530     389  491688  5253121  53.31
1995-1999     30-34     0.00091  0.00453  2.60   98141     444  489641  4761434  48.52
1995-1999     35-39     0.00128  0.00640  2.67   97697     626  487027  4271792  43.73
1995-1999     40-44     0.00202  0.01008  2.69   97071     978  483099  3784766  38.99
1995-1999     45-49     0.00318  0.01576  2.67   96093    1514  476939  3301667  34.36
1995-1999     50-54     0.00486  0.02403  2.63   94579    2273  467508  2824728  29.87
1995-1999     55-59     0.00710  0.03490  2.64   92306    3222  453929  2357220  25.54
1995-1999     60-64     0.01081  0.05274  2.67   89084    4698  434484  1903290  21.37
1995-1999     65-69     0.01773  0.08514  2.66   84386    7185  405131  1468806  17.41
1995-1999     70-74     0.02916  0.13641  2.64   77201   10531  361110  1063675  13.78
1995-1999     75-79     0.04874  0.21828  2.61   66670   14553  298548   702566  10.54
1995-1999     80-84     0.08403  0.34876  2.56   52118   18177  216311   404017   7.75
1995-1999     85-89     0.14126  0.51783  2.42   33941   17576  124425   187706   5.53
1995-1999     90-94     0.22921  0.70016  2.22   16365   11458   49991    63282   3.87
1995-1999     95-99     0.35203  0.84837  1.95    4907    4163   11826    13290   2.71
1995-1999    100-104    0.50002  0.93411  1.65     744     695    1390     1465   1.97
1995-1999    105-109    0.65123  0.97179  1.39      49      48      73       75   1.53
1995-1999    110+       0.76461  1.00000  1.31       1       1       2        2   1.31
2000-2004        0      0.00435  0.00433  0.06  100000     433   99593  7826697  78.27
2000-2004      1-4      0.00027  0.00110  1.61   99567     109  398006  7727104  77.61
2000-2004      5-9      0.00012  0.00060  2.42   99457      60  497132  7329098  73.69
2000-2004     10-14     0.00014  0.00072  2.90   99398      72  496837  6831966  68.73
2000-2004     15-19     0.00047  0.00235  2.98   99326     233  496157  6335128  63.78
2000-2004     20-24     0.00074  0.00368  2.51   99093     364  494555  5838971  58.92
2000-2004     25-29     0.00075  0.00376  2.46   98728     372  492696  5344415  54.13
2000-2004     30-34     0.00082  0.00407  2.59   98356     401  490815  4851719  49.33
2000-2004     35-39     0.00112  0.00559  2.66   97956     548  488499  4360904  44.52
2000-2004     40-44     0.00179  0.00890  2.69   97408     867  485034  3872405  39.75
2000-2004     45-49     0.00297  0.01476  2.69   96541    1425  479414  3387371  35.09
2000-2004     50-54     0.00461  0.02280  2.64   95116    2169  470458  2907957  30.57
2000-2004     55-59     0.00688  0.03385  2.62   92947    3146  457255  2437498  26.22
2000-2004     60-64     0.01001  0.04888  2.63   89800    4389  438591  1980243  22.05
2000-2004     65-69     0.01554  0.07501  2.67   85411    6407  412128  1541652  18.05
2000-2004     70-74     0.02573  0.12132  2.66   79005    9585  372572  1129524  14.30
2000-2004     75-79     0.04415  0.19979  2.63   69420   13870  314171   756952  10.90
2000-2004     80-84     0.07820  0.32856  2.57   55550   18251  233387   442781   7.97
2000-2004     85-89     0.13659  0.50673  2.45   37299   18900  138372   209394   5.61
2000-2004     90-94     0.22905  0.70000  2.22   18399   12879   56227    71022   3.86
2000-2004     95-99     0.35575  0.85235  1.94    5520    4705   13224    14796   2.68
2000-2004    100-104    0.51111  0.93859  1.63     815     765    1497     1571   1.93
2000-2004    105-109    0.66763  0.97447  1.37      50      49      73       75   1.49
2000-2004    110+       0.78243  1.00000  1.28       1       1       2        2   1.28
2005-2009        0      0.00385  0.00384  0.06  100000     384   99639  7948538  79.49
2005-2009      1-4      0.00023  0.00091  1.50   99616      91  398238  7848899  78.79
2005-2009      5-9      0.00010  0.00052  2.42   99525      52  497493  7450661  74.86
2005-2009     10-14     0.00012  0.00061  2.78   99474      60  497234  6953167  69.90
2005-2009     15-19     0.00036  0.00181  3.03   99413     180  496712  6455933  64.94
2005-2009     20-24     0.00056  0.00279  2.50   99234     277  495477  5959221  60.05
2005-2009     25-29     0.00061  0.00304  2.56   98957     301  494050  5463745  55.21
2005-2009     30-34     0.00073  0.00363  2.58   98656     358  492415  4969694  50.37
2005-2009     35-39     0.00100  0.00501  2.70   98298     492  490357  4477280  45.55
2005-2009     40-44     0.00156  0.00779  2.70   97805     762  487278  3986923  40.76
2005-2009     45-49     0.00258  0.01284  2.70   97043    1247  482350  3499645  36.06
2005-2009     50-54     0.00427  0.02116  2.67   95797    2027  474263  3017295  31.50
2005-2009     55-59     0.00643  0.03168  2.65   93770    2970  461871  2543032  27.12
2005-2009     60-64     0.00961  0.04696  2.63   90799    4264  443895  2081161  22.92
2005-2009     65-69     0.01398  0.06766  2.63   86535    5855  418810  1637266  18.92
2005-2009     70-74     0.02214  0.10525  2.66   80680    8491  383528  1218456  15.10
2005-2009     75-79     0.03844  0.17633  2.66   72189   12729  331130   834928  11.57
2005-2009     80-84     0.06923  0.29690  2.60   59459   17654  254992   503798   8.47
2005-2009     85-89     0.12499  0.47464  2.47   41806   19843  158751   248806   5.95
2005-2009     90-94     0.21142  0.67154  2.28   21963   14749   69761    90055   4.10
2005-2009     95-99     0.33621  0.83572  1.99    7214    6029   17932    20294   2.81
2005-2009    100-104    0.49333  0.93243  1.66    1185    1105    2240     2362   1.99
2005-2009    105-109    0.65499  0.97274  1.39      80      78     119      122   1.52
2005-2009    110+       0.77479  1.00000  1.29       2       2       3        3   1.29
2010-2014        0      0.00351  0.00350  0.06  100000     350   99671  8044862  80.45
2010-2014      1-4      0.00020  0.00081  1.53   99650      80  398403  7945191  79.73
2010-2014      5-9      0.00009  0.00045  2.50   99570      45  497737  7546788  75.79
2010-2014     10-14     0.00010  0.00052  2.72   99525      52  497505  7049051  70.83
2010-2014     15-19     0.00029  0.00144  2.93   99473     143  497068  6551545  65.86
2010-2014     20-24     0.00046  0.00230  2.53   99329     229  496082  6054478  60.95
2010-2014     25-29     0.00055  0.00273  2.53   99101     270  494838  5558396  56.09
2010-2014     30-34     0.00063  0.00314  2.58   98831     310  493402  5063558  51.23
2010-2014     35-39     0.00090  0.00448  2.66   98521     441  491572  4570156  46.39
2010-2014     40-44     0.00137  0.00683  2.70   98079     670  488853  4078583  41.58
2010-2014     45-49     0.00221  0.01100  2.66   97409    1072  484543  3589730  36.85
2010-2014     50-54     0.00373  0.01850  2.71   96338    1782  477607  3105187  32.23
2010-2014     55-59     0.00601  0.02962  2.66   94556    2800  466238  2627580  27.79
2010-2014     60-64     0.00905  0.04430  2.62   91755    4065  449119  2161343  23.56
2010-2014     65-69     0.01346  0.06519  2.63   87690    5717  424887  1712224  19.53
2010-2014     70-74     0.02055  0.09799  2.63   81974    8032  390807  1287337  15.70
2010-2014     75-79     0.03389  0.15704  2.67   73941   11612  342665   896530  12.12
2010-2014     80-84     0.06212  0.27069  2.63   62330   16872  271583   553865   8.89
2010-2014     85-89     0.11642  0.45124  2.51   45458   20512  176198   282282   6.21
2010-2014     90-94     0.20068  0.64997  2.29   24945   16214   80795   106084   4.25
2010-2014     95-99     0.32463  0.82521  2.02    8732    7205   22196    25289   2.90
2010-2014    100-104    0.48433  0.92925  1.68    1526    1418    2928     3093   2.03
2010-2014    105-109    0.65053  0.97220  1.39     108     105     161      165   1.53
2010-2014    110+       0.77399  1.00000  1.29       3       3       4        4   1.29
