Bulgaria, Life tables (period 5x5), Total     Last modified: 05-Jul-2013, MPv5 (May07)

  Year          Age         mx       qx    ax      lx      dx      Lx       Tx     ex
1947-1949        0      0.13423  0.12329  0.34  100000   12329   91851  5595811  55.96
1947-1949      1-4      0.01241  0.04800  1.26   87671    4208  339138  5503961  62.78
1947-1949      5-9      0.00250  0.01242  2.22   83463    1037  414433  5164823  61.88
1947-1949     10-14     0.00185  0.00920  2.59   82426     759  410300  4750390  57.63
1947-1949     15-19     0.00335  0.01662  2.78   81667    1358  405324  4340090  53.14
1947-1949     20-24     0.00474  0.02340  2.44   80310    1879  396741  3934766  48.99
1947-1949     25-29     0.00409  0.02025  2.42   78430    1588  388056  3538025  45.11
1947-1949     30-34     0.00387  0.01917  2.45   76842    1473  380462  3149969  40.99
1947-1949     35-39     0.00415  0.02052  2.51   75369    1547  373000  2769507  36.75
1947-1949     40-44     0.00495  0.02445  2.53   73822    1805  364662  2396507  32.46
1947-1949     45-49     0.00655  0.03224  2.59   72018    2322  354499  2031845  28.21
1947-1949     50-54     0.00990  0.04836  2.60   69696    3371  340406  1677347  24.07
1947-1949     55-59     0.01430  0.06911  2.59   66325    4583  320594  1336941  20.16
1947-1949     60-64     0.02307  0.10919  2.56   61742    6742  292251  1016347  16.46
1947-1949     65-69     0.03436  0.15888  2.63   55000    8738  254295   724095  13.17
1947-1949     70-74     0.05959  0.25997  2.55   46261   12026  201804   469801  10.16
1947-1949     75-79     0.09382  0.37869  2.45   34235   12964  138179   267997   7.83
1947-1949     80-84     0.13790  0.50272  2.31   21271   10693   77545   129818   6.10
1947-1949     85-89     0.18050  0.59729  2.17   10577    6318   35002    52273   4.94
1947-1949     90-94     0.22773  0.68094  2.05    4260    2901   12737    17271   4.05
1947-1949     95-99     0.28531  0.77077  2.02    1359    1048    3672     4535   3.34
1947-1949    100-104    0.35050  0.83813  1.89     312     261     745      863   2.77
1947-1949    105-109    0.42175  0.88977  1.75      50      45     106      118   2.34
1947-1949    110+       0.47989  1.00000  2.08       6       6      12       12   2.08
1950-1954        0      0.09808  0.09194  0.32  100000    9194   93734  6196746  61.97
1950-1954      1-4      0.00739  0.02895  1.22   90806    2629  355907  6103012  67.21
1950-1954      5-9      0.00138  0.00686  2.27   88177     605  439234  5747105  65.18
1950-1954     10-14     0.00116  0.00579  2.55   87572     507  436620  5307871  60.61
1950-1954     15-19     0.00205  0.01021  2.75   87065     889  433322  4871251  55.95
1950-1954     20-24     0.00290  0.01438  2.51   86176    1239  427791  4437929  51.50
1950-1954     25-29     0.00271  0.01347  2.43   84937    1144  421741  4010138  47.21
1950-1954     30-34     0.00262  0.01302  2.50   83793    1091  416236  3588396  42.82
1950-1954     35-39     0.00297  0.01476  2.53   82702    1221  410501  3172160  38.36
1950-1954     40-44     0.00383  0.01897  2.55   81482    1546  403614  2761659  33.89
1950-1954     45-49     0.00527  0.02602  2.61   79936    2080  394718  2358045  29.50
1950-1954     50-54     0.00802  0.03934  2.62   77856    3063  382006  1963327  25.22
1950-1954     55-59     0.01205  0.05857  2.60   74793    4380  363445  1581322  21.14
1950-1954     60-64     0.02002  0.09561  2.65   70413    6733  336220  1217877  17.30
1950-1954     65-69     0.03169  0.14710  2.57   63681    9368  295645   881657  13.84
1950-1954     70-74     0.05101  0.22704  2.58   54313   12331  241736   586012  10.79
1950-1954     75-79     0.08754  0.36001  2.53   41982   15114  172646   344275   8.20
1950-1954     80-84     0.12710  0.47641  2.37   26868   12800  100714   171629   6.39
1950-1954     85-89     0.17651  0.59014  2.19   14068    8302   47034    70915   5.04
1950-1954     90-94     0.21970  0.66848  2.07    5766    3854   17544    23881   4.14
1950-1954     95-99     0.28622  0.77275  2.02    1911    1477    5161     6338   3.32
1950-1954    100-104    0.35824  0.84553  1.88     434     367    1025     1177   2.71
1950-1954    105-109    0.43716  0.89929  1.73      67      60     138      151   2.26
1950-1954    110+       0.50188  1.00000  1.99       7       7      13       13   1.99
1955-1959        0      0.06900  0.06555  0.24  100000    6555   95008  6631167  66.31
1955-1959      1-4      0.00492  0.01941  1.17   93445    1814  368644  6536159  69.95
1955-1959      5-9      0.00081  0.00406  2.26   91631     372  457138  6167515  67.31
1955-1959     10-14     0.00065  0.00323  2.57   91259     295  455581  5710377  62.57
1955-1959     15-19     0.00101  0.00503  2.70   90964     457  453769  5254796  57.77
1955-1959     20-24     0.00135  0.00674  2.48   90507     610  450996  4801027  53.05
1955-1959     25-29     0.00151  0.00751  2.54   89897     675  447824  4350031  48.39
1955-1959     30-34     0.00169  0.00844  2.59   89221     753  444294  3902207  43.74
1955-1959     35-39     0.00214  0.01064  2.58   88469     941  440071  3457913  39.09
1955-1959     40-44     0.00291  0.01445  2.62   87528    1265  434633  3017842  34.48
1955-1959     45-49     0.00436  0.02158  2.67   86263    1861  426976  2583209  29.95
1955-1959     50-54     0.00694  0.03413  2.68   84402    2880  415329  2156233  25.55
1955-1959     55-59     0.01144  0.05573  2.68   81521    4543  397081  1740904  21.36
1955-1959     60-64     0.01897  0.09077  2.64   76978    6987  368385  1343824  17.46
1955-1959     65-69     0.03118  0.14527  2.65   69991   10167  326062   975438  13.94
1955-1959     70-74     0.05220  0.23157  2.57   59823   13853  265412   649376  10.85
1955-1959     75-79     0.08073  0.33649  2.53   45970   15469  191607   383964   8.35
1955-1959     80-84     0.12827  0.47936  2.37   30501   14621  113987   192356   6.31
1955-1959     85-89     0.17761  0.59636  2.25   15880    9470   53321    78370   4.94
1955-1959     90-94     0.23898  0.69958  2.04    6410    4484   18764    25049   3.91
1955-1959     95-99     0.29119  0.77881  2.01    1926    1500    5150     6285   3.26
1955-1959    100-104    0.36475  0.85098  1.87     426     362     994     1135   2.66
1955-1959    105-109    0.44522  0.90373  1.71      63      57     129      141   2.22
1955-1959    110+       0.51129  1.00000  1.96       6       6      12       12   1.96
1960-1964        0      0.03869  0.03747  0.16  100000    3747   96834  7005934  70.06
1960-1964      1-4      0.00216  0.00860  1.33   96253     828  382807  6909100  71.78
1960-1964      5-9      0.00063  0.00314  2.29   95425     300  476314  6526293  68.39
1960-1964     10-14     0.00055  0.00273  2.60   95126     260  475005  6049979  63.60
1960-1964     15-19     0.00085  0.00425  2.63   94866     403  473374  5574974  58.77
1960-1964     20-24     0.00103  0.00514  2.51   94463     485  471107  5101599  54.01
1960-1964     25-29     0.00119  0.00593  2.55   93978     557  468523  4630493  49.27
1960-1964     30-34     0.00144  0.00715  2.59   93421     668  465494  4161969  44.55
1960-1964     35-39     0.00188  0.00934  2.58   92753     866  461669  3696476  39.85
1960-1964     40-44     0.00261  0.01297  2.62   91886    1192  456589  3234807  35.20
1960-1964     45-49     0.00392  0.01940  2.66   90694    1759  449351  2778218  30.63
1960-1964     50-54     0.00616  0.03034  2.68   88935    2699  438410  2328867  26.19
1960-1964     55-59     0.01022  0.04991  2.68   86236    4304  421192  1890457  21.92
1960-1964     60-64     0.01737  0.08346  2.67   81932    6838  393743  1469265  17.93
1960-1964     65-69     0.02876  0.13460  2.62   75094   10108  351411  1075522  14.32
1960-1964     70-74     0.04853  0.21742  2.61   64987   14129  291157   724111  11.14
1960-1964     75-79     0.07937  0.33153  2.52   50857   16860  212441   432954   8.51
1960-1964     80-84     0.12313  0.46740  2.42   33997   15890  129051   220513   6.49
1960-1964     85-89     0.17469  0.58959  2.24   18107   10676   61112    91462   5.05
1960-1964     90-94     0.22288  0.67808  2.11    7431    5039   22608    30349   4.08
1960-1964     95-99     0.29321  0.78183  2.02    2392    1870    6379     7742   3.24
1960-1964    100-104    0.37216  0.85745  1.86     522     447    1202     1363   2.61
1960-1964    105-109    0.45863  0.91102  1.69      74      68     148      160   2.15
1960-1964    110+       0.52982  1.00000  1.89       7       7      12       12   1.89
1965-1969        0      0.03151  0.03067  0.14  100000    3067   97348  7090161  70.90
1965-1969      1-4      0.00141  0.00564  1.45   96933     546  386338  6992813  72.14
1965-1969      5-9      0.00056  0.00281  2.32   96387     270  481209  6606475  68.54
1965-1969     10-14     0.00044  0.00222  2.63   96116     213  480075  6125266  63.73
1965-1969     15-19     0.00076  0.00378  2.76   95903     363  478703  5645191  58.86
1965-1969     20-24     0.00096  0.00478  2.54   95540     457  476575  5166488  54.08
1965-1969     25-29     0.00107  0.00533  2.56   95083     507  474177  4689912  49.32
1965-1969     30-34     0.00131  0.00653  2.57   94576     617  471379  4215736  44.57
1965-1969     35-39     0.00177  0.00881  2.64   93959     827  467841  3744357  39.85
1965-1969     40-44     0.00252  0.01254  2.66   93131    1168  462923  3276516  35.18
1965-1969     45-49     0.00390  0.01931  2.65   91963    1775  455643  2813593  30.59
1965-1969     50-54     0.00611  0.03012  2.69   90188    2717  444653  2357950  26.14
1965-1969     55-59     0.00979  0.04784  2.68   87471    4185  427667  1913297  21.87
1965-1969     60-64     0.01702  0.08185  2.66   83286    6817  400500  1485630  17.84
1965-1969     65-69     0.02945  0.13768  2.64   76469   10528  357517  1085130  14.19
1965-1969     70-74     0.04920  0.22007  2.60   65941   14512  294939   727613  11.03
1965-1969     75-79     0.07898  0.33068  2.54   51429   17006  215321   432674   8.41
1965-1969     80-84     0.12745  0.47879  2.40   34423   16481  129313   217353   6.31
1965-1969     85-89     0.18179  0.60709  2.26   17942   10892   59918    88040   4.91
1965-1969     90-94     0.22889  0.68723  2.09    7050    4845   21166    28122   3.99
1965-1969     95-99     0.30177  0.79160  2.00    2205    1745    5784     6956   3.15
1965-1969    100-104    0.38161  0.86456  1.84     459     397    1041     1172   2.55
1965-1969    105-109    0.46855  0.91573  1.67      62      57     122      131   2.11
1965-1969    110+       0.54002  1.00000  1.85       5       5      10       10   1.85
1970-1974        0      0.02656  0.02596  0.12  100000    2596   97721  7107900  71.08
1970-1974      1-4      0.00111  0.00442  1.51   97404     430  388546  7010180  71.97
1970-1974      5-9      0.00049  0.00244  2.36   96974     237  484242  6621633  68.28
1970-1974     10-14     0.00042  0.00208  2.58   96737     201  483197  6137391  63.44
1970-1974     15-19     0.00071  0.00355  2.74   96536     343  481902  5654194  58.57
1970-1974     20-24     0.00094  0.00468  2.49   96193     450  479834  5172292  53.77
1970-1974     25-29     0.00107  0.00533  2.57   95742     510  477474  4692458  49.01
1970-1974     30-34     0.00129  0.00643  2.55   95232     613  474660  4214984  44.26
1970-1974     35-39     0.00175  0.00870  2.63   94619     824  471147  3740324  39.53
1970-1974     40-44     0.00254  0.01262  2.71   93796    1184  466263  3269177  34.85
1970-1974     45-49     0.00399  0.01977  2.67   92612    1831  458799  2802914  30.27
1970-1974     50-54     0.00640  0.03152  2.66   90781    2861  447199  2344115  25.82
1970-1974     55-59     0.01017  0.04965  2.67   87919    4366  429413  1896916  21.58
1970-1974     60-64     0.01719  0.08265  2.68   83554    6906  401714  1467503  17.56
1970-1974     65-69     0.02983  0.13941  2.66   76648   10686  358242  1065790  13.91
1970-1974     70-74     0.05093  0.22709  2.62   65962   14980  294094   707548  10.73
1970-1974     75-79     0.08352  0.34593  2.52   50982   17636  211156   413454   8.11
1970-1974     80-84     0.13145  0.49021  2.41   33346   16347  124354   202297   6.07
1970-1974     85-89     0.19611  0.63565  2.23   16999   10806   55099    77943   4.59
1970-1974     90-94     0.25010  0.72031  2.06    6194    4461   17839    22844   3.69
1970-1974     95-99     0.33211  0.82379  1.94    1732    1427    4297     5005   2.89
1970-1974    100-104    0.42196  0.89194  1.76     305     272     645      708   2.32
1970-1974    105-109    0.51740  0.93606  1.59      33      31      60       63   1.92
1970-1974    110+       0.59501  1.00000  1.68       2       2       4        4   1.68
1975-1979        0      0.02250  0.02205  0.11  100000    2205   98039  7107862  71.08
1975-1979      1-4      0.00110  0.00439  1.54   97795     430  390120  7009823  71.68
1975-1979      5-9      0.00048  0.00238  2.36   97365     232  486212  6619703  67.99
1975-1979     10-14     0.00043  0.00215  2.55   97133     209  485155  6133491  63.15
1975-1979     15-19     0.00070  0.00350  2.77   96925     339  483865  5648336  58.28
1975-1979     20-24     0.00092  0.00461  2.50   96586     445  481818  5164470  53.47
1975-1979     25-29     0.00104  0.00517  2.57   96141     497  479499  4682652  48.71
1975-1979     30-34     0.00130  0.00646  2.63   95644     618  476758  4203154  43.95
1975-1979     35-39     0.00180  0.00895  2.63   95026     851  473113  3726396  39.21
1975-1979     40-44     0.00265  0.01316  2.66   94176    1240  467979  3253283  34.54
1975-1979     45-49     0.00429  0.02124  2.71   92936    1974  460166  2785304  29.97
1975-1979     50-54     0.00683  0.03363  2.67   90962    3059  447675  2325138  25.56
1975-1979     55-59     0.01097  0.05346  2.66   87903    4699  428507  1877463  21.36
1975-1979     60-64     0.01745  0.08387  2.68   83204    6978  399801  1448956  17.41
1975-1979     65-69     0.02964  0.13858  2.66   76226   10563  356435  1049155  13.76
1975-1979     70-74     0.05128  0.22819  2.59   65663   14984  292202   692720  10.55
1975-1979     75-79     0.08634  0.35607  2.54   50679   18045  209009   400518   7.90
1975-1979     80-84     0.13783  0.50652  2.38   32634   16530  119930   191510   5.87
1975-1979     85-89     0.19935  0.64289  2.24   16104   10353   51936    71579   4.44
1975-1979     90-94     0.27555  0.75759  2.03    5751    4357   15811    19643   3.42
1975-1979     95-99     0.35067  0.84106  1.91    1394    1173    3344     3832   2.75
1975-1979    100-104    0.44574  0.90547  1.72     222     201     450      488   2.20
1975-1979    105-109    0.54519  0.94541  1.55      21      20      36       38   1.82
1975-1979    110+       0.62545  1.00000  1.60       1       1       2        2   1.60
1980-1984        0      0.01812  0.01783  0.10  100000    1783   98393  7122751  71.23
1980-1984      1-4      0.00110  0.00439  1.57   98217     431  391821  7024358  71.52
1980-1984      5-9      0.00046  0.00229  2.40   97786     224  488347  6632537  67.83
1980-1984     10-14     0.00039  0.00193  2.61   97562     189  487359  6144190  62.98
1980-1984     15-19     0.00071  0.00354  2.78   97373     345  486100  5656831  58.09
1980-1984     20-24     0.00090  0.00448  2.54   97029     434  484074  5170731  53.29
1980-1984     25-29     0.00104  0.00518  2.58   96594     501  481758  4686657  48.52
1980-1984     30-34     0.00132  0.00657  2.61   96094     631  478961  4204899  43.76
1980-1984     35-39     0.00189  0.00943  2.68   95463     900  475223  3725938  39.03
1980-1984     40-44     0.00286  0.01422  2.67   94563    1345  469673  3250715  34.38
1980-1984     45-49     0.00453  0.02243  2.65   93218    2090  461187  2781042  29.83
1980-1984     50-54     0.00713  0.03507  2.67   91127    3195  448207  2319855  25.46
1980-1984     55-59     0.01148  0.05590  2.66   87932    4915  428155  1871648  21.29
1980-1984     60-64     0.01817  0.08712  2.64   83017    7232  398006  1443492  17.39
1980-1984     65-69     0.02966  0.13870  2.66   75784   10512  354350  1045486  13.80
1980-1984     70-74     0.05057  0.22572  2.62   65273   14733  291359   691136  10.59
1980-1984     75-79     0.08405  0.34788  2.52   50539   17582  209175   399777   7.91
1980-1984     80-84     0.13923  0.51073  2.39   32958   16832  120898   190602   5.78
1980-1984     85-89     0.20613  0.65526  2.22   16125   10566   51260    69704   4.32
1980-1984     90-94     0.28208  0.76825  2.04    5559    4271   15140    18444   3.32
1980-1984     95-99     0.37763  0.86384  1.86    1288    1113    2947     3304   2.56
1980-1984    100-104    0.48453  0.92447  1.66     175     162     335      357   2.03
1980-1984    105-109    0.59352  0.95877  1.47      13      13      21       22   1.68
1980-1984    110+       0.67971  1.00000  1.47       1       1       1        1   1.47
1985-1989        0      0.01446  0.01427  0.09  100000    1427   98699  7134630  71.35
1985-1989      1-4      0.00096  0.00384  1.61   98573     379  393384  7035931  71.38
1985-1989      5-9      0.00042  0.00210  2.35   98194     206  490422  6642547  67.65
1985-1989     10-14     0.00039  0.00195  2.56   97988     191  489474  6152125  62.78
1985-1989     15-19     0.00070  0.00350  2.75   97797     342  488216  5662650  57.90
1985-1989     20-24     0.00092  0.00460  2.54   97454     449  486168  5174435  53.10
1985-1989     25-29     0.00102  0.00510  2.60   97006     495  483841  4688267  48.33
1985-1989     30-34     0.00137  0.00683  2.63   96511     659  480996  4204426  43.56
1985-1989     35-39     0.00202  0.01004  2.69   95852     962  477040  3723430  38.85
1985-1989     40-44     0.00310  0.01540  2.69   94890    1462  471069  3246390  34.21
1985-1989     45-49     0.00495  0.02447  2.68   93428    2287  461825  2775321  29.71
1985-1989     50-54     0.00767  0.03766  2.66   91141    3433  447658  2313496  25.38
1985-1989     55-59     0.01185  0.05764  2.66   87709    5056  426688  1865837  21.27
1985-1989     60-64     0.01879  0.08994  2.63   82653    7434  395643  1439150  17.41
1985-1989     65-69     0.02970  0.13873  2.63   75219   10435  351356  1043507  13.87
1985-1989     70-74     0.04901  0.21940  2.62   64784   14213  290034   692151  10.68
1985-1989     75-79     0.08203  0.34139  2.55   50571   17265  210477   402117   7.95
1985-1989     80-84     0.13782  0.50771  2.41   33306   16910  122692   191640   5.75
1985-1989     85-89     0.20912  0.66582  2.27   16396   10917   52203    68947   4.21
1985-1989     90-94     0.30861  0.79797  1.97    5479    4372   14168    16745   3.06
1985-1989     95-99     0.41862  0.89306  1.79    1107     989    2362     2577   2.33
1985-1989    100-104    0.54502  0.94714  1.56     118     112     206      215   1.82
1985-1989    105-109    0.66755  0.97335  1.36       6       6       9        9   1.49
1985-1989    110+       0.75947  1.00000  1.32       0       0       0        0   1.32
1990-1994        0      0.01562  0.01540  0.09  100000    1540   98601  7113202  71.13
1990-1994      1-4      0.00098  0.00391  1.69   98460     385  392948  7014601  71.24
1990-1994      5-9      0.00042  0.00208  2.32   98075     204  489828  6621653  67.52
1990-1994     10-14     0.00037  0.00186  2.56   97871     182  488910  6131825  62.65
1990-1994     15-19     0.00074  0.00367  2.82   97689     359  487661  5642915  57.76
1990-1994     20-24     0.00098  0.00489  2.51   97330     476  485463  5155254  52.97
1990-1994     25-29     0.00112  0.00557  2.57   96854     539  482958  4669791  48.21
1990-1994     30-34     0.00149  0.00742  2.65   96314     714  479892  4186833  43.47
1990-1994     35-39     0.00223  0.01107  2.68   95600    1058  475540  3706941  38.78
1990-1994     40-44     0.00349  0.01731  2.70   94542    1636  468940  3231402  34.18
1990-1994     45-49     0.00552  0.02724  2.67   92905    2530  458631  2762462  29.73
1990-1994     50-54     0.00819  0.04020  2.65   90375    3633  443331  2303831  25.49
1990-1994     55-59     0.01225  0.05954  2.63   86742    5164  421490  1860500  21.45
1990-1994     60-64     0.01864  0.08928  2.64   81578    7283  390680  1439011  17.64
1990-1994     65-69     0.02922  0.13666  2.63   74294   10153  347434  1048330  14.11
1990-1994     70-74     0.04705  0.21132  2.59   64141   13554  288059   700896  10.93
1990-1994     75-79     0.07846  0.32926  2.56   50587   16656  212283   412837   8.16
1990-1994     80-84     0.13090  0.48961  2.43   33931   16613  126914   200555   5.91
1990-1994     85-89     0.20633  0.65791  2.25   17318   11394   55222    73640   4.25
1990-1994     90-94     0.30079  0.78827  1.98    5924    4670   15526    18419   3.11
1990-1994     95-99     0.42260  0.89592  1.79    1254    1124    2659     2893   2.31
1990-1994    100-104    0.55424  0.95010  1.54     131     124     224      233   1.79
1990-1994    105-109    0.68039  0.97534  1.34       7       6       9       10   1.47
1990-1994    110+       0.77358  1.00000  1.29       0       0       0        0   1.29
1995-1999        0      0.01546  0.01525  0.09  100000    1525   98614  7088937  70.89
1995-1999      1-4      0.00100  0.00398  1.62   98475     392  392968  6990323  70.99
1995-1999      5-9      0.00040  0.00198  2.30   98083     195  489889  6597355  67.26
1995-1999     10-14     0.00037  0.00185  2.64   97888     181  489014  6107466  62.39
1995-1999     15-19     0.00067  0.00336  2.79   97707     328  487809  5618452  57.50
1995-1999     20-24     0.00092  0.00461  2.53   97379     449  485786  5130643  52.69
1995-1999     25-29     0.00105  0.00525  2.58   96930     509  483419  4644857  47.92
1995-1999     30-34     0.00141  0.00704  2.68   96421     679  480532  4161439  43.16
1995-1999     35-39     0.00217  0.01079  2.71   95742    1033  476346  3680907  38.45
1995-1999     40-44     0.00360  0.01786  2.66   94709    1691  469596  3204561  33.84
1995-1999     45-49     0.00580  0.02862  2.68   93018    2662  458918  2734965  29.40
1995-1999     50-54     0.00880  0.04312  2.63   90356    3896  442541  2276047  25.19
1995-1999     55-59     0.01296  0.06289  2.63   86460    5438  419441  1833506  21.21
1995-1999     60-64     0.01944  0.09292  2.62   81023    7529  387220  1414065  17.45
1995-1999     65-69     0.02930  0.13695  2.62   73494   10065  343490  1026845  13.97
1995-1999     70-74     0.04803  0.21542  2.61   63429   13664  284463   683355  10.77
1995-1999     75-79     0.07971  0.33315  2.54   49765   16579  208008   398892   8.02
1995-1999     80-84     0.13455  0.50043  2.44   33186   16607  123426   190884   5.75
1995-1999     85-89     0.21550  0.67656  2.25   16579   11217   52048    67458   4.07
1995-1999     90-94     0.32979  0.82700  1.99    5362    4435   13446    15409   2.87
1995-1999     95-99     0.46326  0.91807  1.71     928     852    1838     1963   2.12
1995-1999    100-104    0.60640  0.96326  1.46      76      73     121      125   1.64
1995-1999    105-109    0.73538  0.98210  1.27       3       3       4        4   1.36
1995-1999    110+       0.82477  1.00000  1.21       0       0       0        0   1.21
2000-2004        0      0.01323  0.01307  0.08  100000    1307   98804  7208339  72.08
2000-2004      1-4      0.00068  0.00270  1.56   98693     267  394122  7109535  72.04
2000-2004      5-9      0.00028  0.00139  2.45   98426     137  491782  6715413  68.23
2000-2004     10-14     0.00028  0.00138  2.69   98290     136  491133  6223631  63.32
2000-2004     15-19     0.00052  0.00262  2.80   98153     257  490203  5732498  58.40
2000-2004     20-24     0.00081  0.00405  2.51   97896     397  488493  5242295  53.55
2000-2004     25-29     0.00090  0.00450  2.57   97499     438  486431  4753802  48.76
2000-2004     30-34     0.00127  0.00631  2.66   97061     613  483871  4267371  43.97
2000-2004     35-39     0.00192  0.00954  2.71   96448     920  480133  3783499  39.23
2000-2004     40-44     0.00317  0.01576  2.72   95529    1505  474217  3303367  34.58
2000-2004     45-49     0.00519  0.02566  2.69   94023    2413  464537  2829150  30.09
2000-2004     50-54     0.00825  0.04045  2.65   91610    3706  449340  2364613  25.81
2000-2004     55-59     0.01222  0.05939  2.63   87904    5221  427159  1915273  21.79
2000-2004     60-64     0.01825  0.08748  2.64   82684    7233  396327  1488114  18.00
2000-2004     65-69     0.02751  0.12910  2.62   75451    9741  354083  1091787  14.47
2000-2004     70-74     0.04413  0.19964  2.62   65710   13118  297276   737704  11.23
2000-2004     75-79     0.07413  0.31389  2.56   52592   16508  222698   440428   8.37
2000-2004     80-84     0.12573  0.47521  2.43   36083   17147  136377   217730   6.03
2000-2004     85-89     0.20266  0.65266  2.27   18936   12359   60984    81352   4.30
2000-2004     90-94     0.30273  0.79894  2.04    6577    5255   17358    20369   3.10
2000-2004     95-99     0.42824  0.89975  1.78    1322    1190    2778     3011   2.28
2000-2004    100-104    0.56615  0.95368  1.52     133     126     223      232   1.75
2000-2004    105-109    0.69657  0.97765  1.32       6       6       9        9   1.43
2000-2004    110+       0.79109  1.00000  1.26       0       0       0        0   1.26
2005-2009        0      0.00969  0.00960  0.08  100000     960   99112  7300759  73.01
2005-2009      1-4      0.00051  0.00202  1.59   99040     200  395675  7201648  72.71
2005-2009      5-9      0.00030  0.00148  2.39   98839     146  493817  6805972  68.86
2005-2009     10-14     0.00029  0.00143  2.69   98694     141  493141  6312155  63.96
2005-2009     15-19     0.00053  0.00262  2.81   98552     259  492195  5819014  59.04
2005-2009     20-24     0.00079  0.00394  2.59   98294     387  490538  5326819  54.19
2005-2009     25-29     0.00091  0.00455  2.51   97907     445  488425  4836282  49.40
2005-2009     30-34     0.00115  0.00574  2.64   97461     559  485988  4347857  44.61
2005-2009     35-39     0.00175  0.00870  2.69   96902     843  482559  3861868  39.85
2005-2009     40-44     0.00292  0.01453  2.71   96059    1395  477105  3379309  35.18
2005-2009     45-49     0.00502  0.02479  2.69   94663    2347  467892  2902205  30.66
2005-2009     50-54     0.00803  0.03943  2.67   92316    3640  453103  2434313  26.37
2005-2009     55-59     0.01198  0.05825  2.62   88677    5165  431109  1981210  22.34
2005-2009     60-64     0.01733  0.08323  2.62   83512    6950  400990  1550101  18.56
2005-2009     65-69     0.02551  0.12021  2.61   76561    9203  360793  1149110  15.01
2005-2009     70-74     0.04072  0.18553  2.61   67358   12497  306916   788317  11.70
2005-2009     75-79     0.06770  0.29098  2.59   54861   15963  235799   481402   8.77
2005-2009     80-84     0.11724  0.45260  2.48   38897   17605  150164   245603   6.31
2005-2009     85-89     0.19242  0.63228  2.29   21293   13463   69966    95439   4.48
2005-2009     90-94     0.28609  0.77638  2.06    7830    6079   21248    25473   3.25
2005-2009     95-99     0.40197  0.88360  1.83    1751    1547    3849     4225   2.41
2005-2009    100-104    0.53618  0.94503  1.57     204     193     359      376   1.84
2005-2009    105-109    0.66727  0.97358  1.36      11      11      16       17   1.49
2005-2009    110+       0.76499  1.00000  1.31       0       0       0        0   1.31
