Canada, Life tables (period 5x5), Total     Last modified: 11-Aug-2014, MPv5 (May07)

  Year          Age         mx       qx    ax      lx      dx      Lx       Tx     ex
1921-1924        0      0.11830  0.10967  0.33  100000   10967   92697  5742334  57.42
1921-1924      1-4      0.00864  0.03381  1.39   89033    3010  348286  5649636  63.46
1921-1924      5-9      0.00268  0.01333  2.30   86023    1146  427018  5301350  61.63
1921-1924     10-14     0.00203  0.01011  2.54   84877     858  422278  4874332  57.43
1921-1924     15-19     0.00300  0.01492  2.68   84019    1254  417192  4452054  52.99
1921-1924     20-24     0.00394  0.01950  2.54   82765    1614  409863  4034862  48.75
1921-1924     25-29     0.00414  0.02048  2.53   81152    1662  401656  3624999  44.67
1921-1924     30-34     0.00430  0.02125  2.50   79490    1689  393225  3223342  40.55
1921-1924     35-39     0.00521  0.02574  2.53   77801    2003  384064  2830118  36.38
1921-1924     40-44     0.00609  0.02999  2.51   75798    2273  373333  2446054  32.27
1921-1924     45-49     0.00754  0.03702  2.56   73525    2722  360986  2072721  28.19
1921-1924     50-54     0.01023  0.04991  2.60   70803    3534  345533  1711735  24.18
1921-1924     55-59     0.01505  0.07264  2.61   67269    4886  324669  1366201  20.31
1921-1924     60-64     0.02212  0.10506  2.61   62383    6554  296241  1041532  16.70
1921-1924     65-69     0.03600  0.16564  2.59   55829    9247  256849   745291  13.35
1921-1924     70-74     0.05520  0.24346  2.58   46582   11341  205435   488442  10.49
1921-1924     75-79     0.08807  0.35996  2.46   35241   12685  144038   283007   8.03
1921-1924     80-84     0.12616  0.47645  2.43   22556   10747   85183   138970   6.16
1921-1924     85-89     0.19528  0.63206  2.21   11809    7464   38222    53786   4.55
1921-1924     90-94     0.25567  0.73311  2.09    4345    3185   12459    15565   3.58
1921-1924     95-99     0.35988  0.85013  1.90    1160     986    2739     3105   2.68
1921-1924    100-104    0.46706  0.91693  1.69     174     159     341      366   2.11
1921-1924    105-109    0.57786  0.95509  1.50      14      14      24       25   1.72
1921-1924    110+       0.66609  1.00000  1.50       1       1       1        1   1.50
1925-1929        0      0.10549  0.09843  0.32  100000    9843   93310  5843550  58.44
1925-1929      1-4      0.00786  0.03082  1.39   90157    2779  353379  5750240  63.78
1925-1929      5-9      0.00244  0.01213  2.25   87378    1060  433982  5396861  61.76
1925-1929     10-14     0.00198  0.00986  2.58   86318     851  429532  4962880  57.50
1925-1929     15-19     0.00288  0.01428  2.66   85467    1221  424482  4533347  53.04
1925-1929     20-24     0.00380  0.01881  2.52   84247    1585  417310  4108865  48.77
1925-1929     25-29     0.00397  0.01963  2.52   82662    1623  409290  3691555  44.66
1925-1929     30-34     0.00410  0.02031  2.54   81039    1646  401145  3282265  40.50
1925-1929     35-39     0.00499  0.02465  2.54   79393    1957  392163  2881120  36.29
1925-1929     40-44     0.00593  0.02920  2.52   77437    2261  381571  2488957  32.14
1925-1929     45-49     0.00746  0.03662  2.58   75175    2753  369202  2107386  28.03
1925-1929     50-54     0.01005  0.04905  2.61   72422    3553  353617  1738184  24.00
1925-1929     55-59     0.01484  0.07167  2.62   68869    4936  332608  1384567  20.10
1925-1929     60-64     0.02253  0.10694  2.63   63933    6837  303470  1051959  16.45
1925-1929     65-69     0.03641  0.16732  2.58   57096    9553  262397   748489  13.11
1925-1929     70-74     0.05650  0.24835  2.57   47543   11807  208980   486092  10.22
1925-1929     75-79     0.09312  0.37675  2.47   35736   13463  144574   277112   7.75
1925-1929     80-84     0.13175  0.49197  2.43   22272   10957   83170   132538   5.95
1925-1929     85-89     0.20422  0.65046  2.21   11315    7360   36041    49369   4.36
1925-1929     90-94     0.27466  0.75941  2.06    3955    3004   10936    13328   3.37
1925-1929     95-99     0.38535  0.87027  1.85     952     828    2149     2393   2.51
1925-1929    100-104    0.49984  0.93115  1.63     123     115     230      244   1.97
1925-1929    105-109    0.61510  0.96376  1.44       8       8      13       14   1.62
1925-1929    110+       0.70495  1.00000  1.42       0       0       0        0   1.42
1930-1934        0      0.09003  0.08468  0.30  100000    8468   94056  6108208  61.08
1930-1934      1-4      0.00588  0.02315  1.39   91532    2119  360604  6014152  65.71
1930-1934      5-9      0.00181  0.00902  2.30   89413     806  444887  5653547  63.23
1930-1934     10-14     0.00144  0.00716  2.58   88606     634  441497  5208660  58.78
1930-1934     15-19     0.00226  0.01125  2.72   87972     989  437606  4767163  54.19
1930-1934     20-24     0.00304  0.01510  2.56   86983    1313  431705  4329558  49.77
1930-1934     25-29     0.00337  0.01669  2.54   85669    1430  424824  3897853  45.50
1930-1934     30-34     0.00368  0.01823  2.51   84240    1536  417376  3473029  41.23
1930-1934     35-39     0.00437  0.02161  2.54   82704    1787  409123  3055653  36.95
1930-1934     40-44     0.00524  0.02586  2.58   80917    2093  399513  2646530  32.71
1930-1934     45-49     0.00696  0.03424  2.61   78824    2699  387661  2247016  28.51
1930-1934     50-54     0.00984  0.04809  2.61   76125    3661  371885  1859355  24.43
1930-1934     55-59     0.01442  0.06971  2.64   72464    5052  350382  1487470  20.53
1930-1934     60-64     0.02207  0.10490  2.64   67412    7072  320402  1137088  16.87
1930-1934     65-69     0.03391  0.15674  2.59   60341    9458  278901   816685  13.53
1930-1934     70-74     0.05380  0.23814  2.59   50883   12117  225214   537784  10.57
1930-1934     75-79     0.08667  0.35613  2.50   38766   13806  159283   312571   8.06
1930-1934     80-84     0.12612  0.47740  2.46   24960   11916   94483   153288   6.14
1930-1934     85-89     0.19558  0.63484  2.24   13044    8281   42340    58805   4.51
1930-1934     90-94     0.26591  0.74537  2.05    4763    3550   13352    16465   3.46
1930-1934     95-99     0.37656  0.86399  1.87    1213    1048    2783     3113   2.57
1930-1934    100-104    0.49182  0.92811  1.65     165     153     311      331   2.00
1930-1934    105-109    0.60852  0.96246  1.45      12      11      19       19   1.64
1930-1934    110+       0.69971  1.00000  1.43       0       0       1        1   1.43
1935-1939        0      0.07513  0.07116  0.26  100000    7116   94710  6265814  62.66
1935-1939      1-4      0.00523  0.02065  1.42   92884    1918  366585  6171104  66.44
1935-1939      5-9      0.00176  0.00875  2.24   90966     796  452636  5804519  63.81
1935-1939     10-14     0.00133  0.00663  2.59   90170     598  449409  5351883  59.35
1935-1939     15-19     0.00193  0.00961  2.65   89572     861  445839  4902474  54.73
1935-1939     20-24     0.00255  0.01267  2.56   88711    1124  440817  4456635  50.24
1935-1939     25-29     0.00287  0.01426  2.56   87587    1249  434887  4015818  45.85
1935-1939     30-34     0.00329  0.01632  2.57   86338    1409  428259  3580932  41.48
1935-1939     35-39     0.00404  0.02002  2.55   84929    1701  420470  3152672  37.12
1935-1939     40-44     0.00490  0.02420  2.58   83228    2014  411263  2732202  32.83
1935-1939     45-49     0.00667  0.03283  2.63   81214    2666  399758  2320939  28.58
1935-1939     50-54     0.00964  0.04712  2.61   78548    3701  383910  1921181  24.46
1935-1939     55-59     0.01416  0.06852  2.65   74847    5129  362203  1537271  20.54
1935-1939     60-64     0.02254  0.10701  2.65   69718    7460  331035  1175068  16.85
1935-1939     65-69     0.03352  0.15518  2.61   62258    9661  288191   844033  13.56
1935-1939     70-74     0.05407  0.23935  2.60   52596   12589  232812   555843  10.57
1935-1939     75-79     0.08595  0.35369  2.50   40007   14150  164639   323031   8.07
1935-1939     80-84     0.12633  0.47720  2.44   25857   12339   97673   158392   6.13
1935-1939     85-89     0.19646  0.63693  2.24   13518    8610   43826    60719   4.49
1935-1939     90-94     0.26724  0.75034  2.08    4908    3683   13781    16893   3.44
1935-1939     95-99     0.38080  0.86736  1.86    1225    1063    2791     3113   2.54
1935-1939    100-104    0.49852  0.93093  1.63     163     151     304      322   1.98
1935-1939    105-109    0.61745  0.96441  1.44      11      11      18       18   1.61
1935-1939    110+       0.71008  1.00000  1.41       0       0       1        1   1.41
1940-1944        0      0.06300  0.06006  0.22  100000    6006   95332  6445204  64.45
1940-1944      1-4      0.00382  0.01512  1.51   93994    1421  372437  6349872  67.56
1940-1944      5-9      0.00142  0.00707  2.26   92573     655  461071  5977436  64.57
1940-1944     10-14     0.00111  0.00556  2.57   91918     511  458348  5516364  60.01
1940-1944     15-19     0.00173  0.00862  2.72   91408     788  455245  5058016  55.33
1940-1944     20-24     0.00226  0.01124  2.49   90620    1019  450546  4602771  50.79
1940-1944     25-29     0.00240  0.01191  2.57   89602    1067  445412  4152225  46.34
1940-1944     30-34     0.00262  0.01302  2.56   88534    1152  439856  3706813  41.87
1940-1944     35-39     0.00340  0.01688  2.62   87382    1475  433400  3266957  37.39
1940-1944     40-44     0.00449  0.02220  2.61   85907    1907  424982  2833557  32.98
1940-1944     45-49     0.00636  0.03134  2.66   84000    2632  413831  2408575  28.67
1940-1944     50-54     0.00939  0.04596  2.66   81367    3740  398090  1994744  24.52
1940-1944     55-59     0.01423  0.06885  2.65   77628    5344  375567  1596654  20.57
1940-1944     60-64     0.02163  0.10294  2.65   72283    7441  343959  1221088  16.89
1940-1944     65-69     0.03399  0.15715  2.61   64843   10190  299842   877128  13.53
1940-1944     70-74     0.05298  0.23507  2.60   54653   12847  242474   577286  10.56
1940-1944     75-79     0.08629  0.35520  2.51   41805   14849  172084   334812   8.01
1940-1944     80-84     0.12814  0.48245  2.44   26956   13005  101492   162728   6.04
1940-1944     85-89     0.20079  0.64633  2.24   13951    9017   44908    61236   4.39
1940-1944     90-94     0.27992  0.76894  2.07    4934    3794   13554    16328   3.31
1940-1944     95-99     0.39893  0.88044  1.83    1140    1004    2516     2774   2.43
1940-1944    100-104    0.52176  0.93958  1.60     136     128     245      258   1.89
1940-1944    105-109    0.64294  0.96927  1.40       8       8      12       13   1.55
1940-1944    110+       0.73535  1.00000  1.36       0       0       0        0   1.36
1945-1949        0      0.05026  0.04829  0.19  100000    4829   96076  6688870  66.89
1945-1949      1-4      0.00250  0.00994  1.54   95171     946  378358  6592794  69.27
1945-1949      5-9      0.00105  0.00521  2.29   94225     491  469793  6214436  65.95
1945-1949     10-14     0.00085  0.00425  2.61   93734     398  467717  5744643  61.29
1945-1949     15-19     0.00139  0.00692  2.68   93336     646  465182  5276926  56.54
1945-1949     20-24     0.00177  0.00883  2.55   92690     819  461439  4811744  51.91
1945-1949     25-29     0.00183  0.00911  2.52   91871     837  457279  4350304  47.35
1945-1949     30-34     0.00209  0.01038  2.59   91034     945  452886  3893025  42.76
1945-1949     35-39     0.00280  0.01392  2.62   90088    1254  447461  3440139  38.19
1945-1949     40-44     0.00388  0.01923  2.65   88835    1708  440165  2992679  33.69
1945-1949     45-49     0.00593  0.02926  2.66   87126    2549  429680  2552514  29.30
1945-1949     50-54     0.00875  0.04288  2.65   84578    3626  414360  2122834  25.10
1945-1949     55-59     0.01331  0.06455  2.68   80951    5226  392642  1708473  21.10
1945-1949     60-64     0.02100  0.10007  2.65   75726    7578  360829  1315831  17.38
1945-1949     65-69     0.03203  0.14874  2.61   68147   10137  316473   955002  14.01
1945-1949     70-74     0.05004  0.22335  2.60   58011   12956  258948   638529  11.01
1945-1949     75-79     0.07898  0.33024  2.52   45054   14879  188391   379581   8.42
1945-1949     80-84     0.11855  0.45569  2.46   30176   13751  115994   191190   6.34
1945-1949     85-89     0.19004  0.62509  2.26   16425   10267   54025    75197   4.58
1945-1949     90-94     0.26687  0.75195  2.10    6158    4630   17351    21171   3.44
1945-1949     95-99     0.38687  0.87246  1.85    1527    1333    3445     3821   2.50
1945-1949    100-104    0.51148  0.93619  1.61     195     182     357      376   1.93
1945-1949    105-109    0.63542  0.96804  1.41      12      12      19       19   1.57
1945-1949    110+       0.73022  1.00000  1.37       0       0       1        1   1.37
1950-1954        0      0.03976  0.03848  0.16  100000    3848   96762  6889489  68.89
1950-1954      1-4      0.00178  0.00708  1.56   96152     681  382945  6792727  70.65
1950-1954      5-9      0.00078  0.00391  2.32   95471     373  476355  6409782  67.14
1950-1954     10-14     0.00063  0.00314  2.56   95098     298  474762  5933427  62.39
1950-1954     15-19     0.00101  0.00506  2.72   94800     480  472903  5458665  57.58
1950-1954     20-24     0.00135  0.00671  2.50   94320     633  470019  4985762  52.86
1950-1954     25-29     0.00137  0.00682  2.54   93687     639  466858  4515744  48.20
1950-1954     30-34     0.00163  0.00811  2.58   93047     755  463411  4048885  43.51
1950-1954     35-39     0.00221  0.01102  2.67   92293    1017  459092  3585474  38.85
1950-1954     40-44     0.00340  0.01685  2.68   91276    1538  452811  3126383  34.25
1950-1954     45-49     0.00529  0.02615  2.68   89738    2347  443254  2673571  29.79
1950-1954     50-54     0.00840  0.04119  2.66   87391    3600  428550  2230317  25.52
1950-1954     55-59     0.01277  0.06202  2.66   83792    5197  406822  1801768  21.50
1950-1954     60-64     0.02014  0.09617  2.66   78595    7559  375293  1394945  17.75
1950-1954     65-69     0.03024  0.14098  2.60   71036   10015  331166  1019652  14.35
1950-1954     70-74     0.04704  0.21147  2.62   61021   12904  274347   688486  11.28
1950-1954     75-79     0.07637  0.32140  2.54   48117   15465  202503   414139   8.61
1950-1954     80-84     0.11533  0.44703  2.49   32653   14597  126569   211636   6.48
1950-1954     85-89     0.18271  0.61090  2.29   18056   11030   60369    85066   4.71
1950-1954     90-94     0.25977  0.74420  2.13    7025    5228   20127    24697   3.52
1950-1954     95-99     0.37979  0.86750  1.87    1797    1559    4105     4570   2.54
1950-1954    100-104    0.50529  0.93406  1.63     238     222     440      465   1.95
1950-1954    105-109    0.63111  0.96733  1.42      16      15      24       25   1.58
1950-1954    110+       0.72771  1.00000  1.37       1       1       1        1   1.37
1955-1959        0      0.03351  0.03257  0.14  100000    3257   97202  7022426  70.22
1955-1959      1-4      0.00135  0.00538  1.55   96743     521  385696  6925224  71.58
1955-1959      5-9      0.00060  0.00301  2.34   96222     289  480340  6539527  67.96
1955-1959     10-14     0.00050  0.00251  2.60   95933     240  479085  6059188  63.16
1955-1959     15-19     0.00088  0.00439  2.74   95692     420  477512  5580102  58.31
1955-1959     20-24     0.00115  0.00573  2.47   95272     546  474974  5102591  53.56
1955-1959     25-29     0.00122  0.00606  2.51   94725     574  472199  4627617  48.85
1955-1959     30-34     0.00140  0.00695  2.61   94151     655  469193  4155418  44.14
1955-1959     35-39     0.00187  0.00931  2.64   93497     870  465430  3686225  39.43
1955-1959     40-44     0.00292  0.01450  2.69   92627    1343  460033  3220795  34.77
1955-1959     45-49     0.00479  0.02368  2.69   91284    2161  451422  2760762  30.24
1955-1959     50-54     0.00772  0.03794  2.68   89122    3381  437759  2309340  25.91
1955-1959     55-59     0.01233  0.05995  2.67   85741    5140  416719  1871581  21.83
1955-1959     60-64     0.01921  0.09193  2.66   80601    7410  385673  1454862  18.05
1955-1959     65-69     0.02937  0.13722  2.61   73191   10044  341943  1069189  14.61
1955-1959     70-74     0.04514  0.20380  2.62   63148   12869  285108   727245  11.52
1955-1959     75-79     0.07393  0.31281  2.54   50279   15728  212745   442137   8.79
1955-1959     80-84     0.11167  0.43576  2.48   34551   15056  134831   229392   6.64
1955-1959     85-89     0.17490  0.59525  2.32   19495   11604   66348    94560   4.85
1955-1959     90-94     0.25499  0.73901  2.16    7890    5831   22868    28213   3.58
1955-1959     95-99     0.37122  0.86111  1.89    2059    1773    4777     5345   2.60
1955-1959    100-104    0.49649  0.93078  1.64     286     266     536      568   1.99
1955-1959    105-109    0.62320  0.96587  1.43      20      19      31       32   1.60
1955-1959    110+       0.72106  1.00000  1.39       1       1       1        1   1.39
1960-1964        0      0.02715  0.02652  0.12  100000    2652   97676  7126725  71.27
1960-1964      1-4      0.00110  0.00438  1.64   97348     427  388384  7029050  72.21
1960-1964      5-9      0.00053  0.00264  2.29   96921     256  483911  6640666  68.52
1960-1964     10-14     0.00042  0.00212  2.67   96665     205  482847  6156755  63.69
1960-1964     15-19     0.00085  0.00424  2.80   96460     409  481399  5673908  58.82
1960-1964     20-24     0.00114  0.00566  2.47   96051     544  478879  5192509  54.06
1960-1964     25-29     0.00109  0.00544  2.53   95507     519  476252  4713630  49.35
1960-1964     30-34     0.00127  0.00631  2.58   94988     600  473489  4237377  44.61
1960-1964     35-39     0.00181  0.00899  2.67   94389     849  469961  3763889  39.88
1960-1964     40-44     0.00277  0.01374  2.68   93540    1285  464722  3293927  35.21
1960-1964     45-49     0.00458  0.02267  2.71   92255    2092  456488  2829206  30.67
1960-1964     50-54     0.00741  0.03642  2.68   90163    3284  443207  2372718  26.32
1960-1964     55-59     0.01179  0.05738  2.68   86879    4985  422853  1929510  22.21
1960-1964     60-64     0.01862  0.08917  2.63   81894    7303  392162  1506657  18.40
1960-1964     65-69     0.02788  0.13072  2.62   74591    9751  349705  1114495  14.94
1960-1964     70-74     0.04363  0.19759  2.61   64840   12812  293643   764791  11.79
1960-1964     75-79     0.07002  0.29869  2.54   52029   15541  221960   471148   9.06
1960-1964     80-84     0.10670  0.42118  2.50   36488   15368  144034   249188   6.83
1960-1964     85-89     0.16877  0.58141  2.33   21120   12280   72757   105154   4.98
1960-1964     90-94     0.24703  0.72555  2.16    8841    6414   25966    32396   3.66
1960-1964     95-99     0.36259  0.85440  1.91    2426    2073    5717     6430   2.65
1960-1964    100-104    0.48792  0.92745  1.66     353     328     671      713   2.02
1960-1964    105-109    0.61573  0.96445  1.44      26      25      40       41   1.62
1960-1964    110+       0.71483  1.00000  1.40       1       1       1        1   1.40
1965-1969        0      0.02168  0.02127  0.11  100000    2127   98103  7206657  72.07
1965-1969      1-4      0.00095  0.00381  1.70   97873     373  390634  7108554  72.63
1965-1969      5-9      0.00051  0.00253  2.25   97500     246  486824  6717920  68.90
1965-1969     10-14     0.00042  0.00209  2.64   97254     204  485789  6231095  64.07
1965-1969     15-19     0.00090  0.00448  2.86   97050     435  484320  5745306  59.20
1965-1969     20-24     0.00118  0.00591  2.43   96615     571  481608  5260987  54.45
1965-1969     25-29     0.00108  0.00538  2.52   96044     516  478939  4779379  49.76
1965-1969     30-34     0.00126  0.00627  2.62   95528     599  476217  4300440  45.02
1965-1969     35-39     0.00178  0.00886  2.66   94929     842  472676  3824224  40.29
1965-1969     40-44     0.00278  0.01379  2.71   94088    1298  467463  3351548  35.62
1965-1969     45-49     0.00450  0.02224  2.67   92790    2064  459136  2884085  31.08
1965-1969     50-54     0.00729  0.03587  2.69   90726    3254  446123  2424949  26.73
1965-1969     55-59     0.01151  0.05603  2.67   87472    4901  425957  1978825  22.62
1965-1969     60-64     0.01778  0.08535  2.65   82570    7047  396260  1552868  18.81
1965-1969     65-69     0.02724  0.12785  2.60   75523    9656  354448  1156608  15.31
1965-1969     70-74     0.04104  0.18680  2.60   65868   12304  299824   802159  12.18
1965-1969     75-79     0.06527  0.28166  2.57   53564   15087  231146   502335   9.38
1965-1969     80-84     0.10123  0.40400  2.50   38477   15545  153558   271189   7.05
1965-1969     85-89     0.16081  0.56434  2.36   22933   12942   80479   117631   5.13
1965-1969     90-94     0.24309  0.72097  2.18    9991    7203   29632    37153   3.72
1965-1969     95-99     0.35515  0.84866  1.92    2788    2366    6662     7521   2.70
1965-1969    100-104    0.48311  0.92578  1.67     422     391     808      859   2.04
1965-1969    105-109    0.61470  0.96442  1.44      31      30      49       51   1.62
1965-1969    110+       0.71698  1.00000  1.39       1       1       2        2   1.39
1970-1974        0      0.01703  0.01677  0.10  100000    1677   98483  7291835  72.92
1970-1974      1-4      0.00081  0.00325  1.72   98323     320  392564  7193352  73.16
1970-1974      5-9      0.00046  0.00228  2.29   98003     223  489412  6800787  69.39
1970-1974     10-14     0.00041  0.00203  2.66   97780     199  488436  6311375  64.55
1970-1974     15-19     0.00106  0.00530  2.85   97582     517  486796  5822939  59.67
1970-1974     20-24     0.00122  0.00607  2.38   97065     589  483783  5336142  54.98
1970-1974     25-29     0.00104  0.00517  2.51   96476     499  481135  4852360  50.30
1970-1974     30-34     0.00122  0.00608  2.59   95977     583  478476  4371224  45.54
1970-1974     35-39     0.00176  0.00875  2.68   95393     835  475031  3892748  40.81
1970-1974     40-44     0.00276  0.01370  2.68   94559    1296  469783  3417717  36.14
1970-1974     45-49     0.00438  0.02168  2.69   93263    2022  461641  2947934  31.61
1970-1974     50-54     0.00694  0.03415  2.67   91241    3116  448956  2486293  27.25
1970-1974     55-59     0.01092  0.05325  2.66   88125    4692  429648  2037337  23.12
1970-1974     60-64     0.01685  0.08099  2.63   83433    6757  401140  1607689  19.27
1970-1974     65-69     0.02578  0.12142  2.61   76676    9310  361150  1206549  15.74
1970-1974     70-74     0.03927  0.17933  2.59   67366   12080  307664   845398  12.55
1970-1974     75-79     0.06086  0.26504  2.57   55285   14653  240780   537734   9.73
1970-1974     80-84     0.09579  0.38652  2.50   40632   15705  163959   296954   7.31
1970-1974     85-89     0.15181  0.54227  2.37   24927   13517   89041   132995   5.34
1970-1974     90-94     0.23296  0.70382  2.19   11410    8031   34472    43954   3.85
1970-1974     95-99     0.33976  0.83508  1.96    3379    2822    8306     9482   2.81
1970-1974    100-104    0.46505  0.91781  1.70     557     512    1100     1176   2.11
1970-1974    105-109    0.59616  0.96048  1.47      46      44      74       76   1.67
1970-1974    110+       0.69939  1.00000  1.43       2       2       3        3   1.43
1975-1979        0      0.01275  0.01261  0.08  100000    1261   98845  7416510  74.17
1975-1979      1-4      0.00066  0.00262  1.73   98739     259  394370  7317665  74.11
1975-1979      5-9      0.00038  0.00192  2.28   98481     189  491889  6923296  70.30
1975-1979     10-14     0.00035  0.00173  2.74   98292     170  491076  6431406  65.43
1975-1979     15-19     0.00099  0.00495  2.85   98122     485  489568  5940331  60.54
1975-1979     20-24     0.00115  0.00574  2.40   97637     560  486725  5450762  55.83
1975-1979     25-29     0.00099  0.00494  2.49   97076     479  484178  4964038  51.14
1975-1979     30-34     0.00111  0.00552  2.61   96597     533  481707  4479859  46.38
1975-1979     35-39     0.00159  0.00794  2.66   96063     762  478533  3998152  41.62
1975-1979     40-44     0.00248  0.01235  2.69   95301    1177  473791  3519620  36.93
1975-1979     45-49     0.00411  0.02038  2.69   94125    1918  466197  3045829  32.36
1975-1979     50-54     0.00657  0.03234  2.67   92207    2982  454075  2579632  27.98
1975-1979     55-59     0.01016  0.04960  2.66   89225    4426  435779  2125557  23.82
1975-1979     60-64     0.01570  0.07566  2.63   84799    6416  408799  1689779  19.93
1975-1979     65-69     0.02398  0.11343  2.62   78383    8891  370777  1280980  16.34
1975-1979     70-74     0.03664  0.16835  2.60   69492   11699  319344   910202  13.10
1975-1979     75-79     0.05640  0.24797  2.57   57793   14331  254106   590858  10.22
1975-1979     80-84     0.08807  0.36116  2.51   43462   15697  178236   336752   7.75
1975-1979     85-89     0.13892  0.50973  2.39   27765   14153  101873   158517   5.71
1975-1979     90-94     0.21224  0.66937  2.24   13612    9112   42932    56643   4.16
1975-1979     95-99     0.30937  0.80461  2.02    4501    3621   11705    13711   3.05
1975-1979    100-104    0.42782  0.89860  1.77     879     790    1847     2006   2.28
1975-1979    105-109    0.55673  0.95063  1.54      89      85     152      159   1.78
1975-1979    110+       0.66136  1.00000  1.51       4       4       7        7   1.51
1980-1984        0      0.00931  0.00924  0.07  100000     924   99145  7573541  75.74
1980-1984      1-4      0.00050  0.00199  1.74   99076     197  395860  7474396  75.44
1980-1984      5-9      0.00028  0.00139  2.36   98880     137  494036  7078535  71.59
1980-1984     10-14     0.00028  0.00142  2.74   98743     140  493396  6584499  66.68
1980-1984     15-19     0.00080  0.00400  2.85   98603     394  492164  6091103  61.77
1980-1984     20-24     0.00094  0.00469  2.41   98208     461  489848  5598939  57.01
1980-1984     25-29     0.00088  0.00440  2.51   97748     430  487668  5109091  52.27
1980-1984     30-34     0.00096  0.00479  2.57   97318     467  485454  4621423  47.49
1980-1984     35-39     0.00130  0.00647  2.67   96851     626  482798  4135968  42.70
1980-1984     40-44     0.00206  0.01027  2.70   96225     988  478848  3653170  37.96
1980-1984     45-49     0.00341  0.01690  2.73   95236    1609  472522  3174323  33.33
1980-1984     50-54     0.00569  0.02807  2.68   93627    2628  462029  2701801  28.86
1980-1984     55-59     0.00904  0.04428  2.67   90999    4029  445609  2239772  24.61
1980-1984     60-64     0.01399  0.06772  2.65   86970    5889  420992  1794163  20.63
1980-1984     65-69     0.02204  0.10476  2.63   81081    8494  385313  1373171  16.94
1980-1984     70-74     0.03387  0.15665  2.61   72587   11370  335725   987858  13.61
1980-1984     75-79     0.05260  0.23326  2.57   61217   14280  271453   652133  10.65
1980-1984     80-84     0.08284  0.34333  2.51   46937   16115  194541   380680   8.11
1980-1984     85-89     0.12777  0.48022  2.41   30822   14801  115842   186139   6.04
1980-1984     90-94     0.19752  0.64158  2.27   16021   10279   52038    70296   4.39
1980-1984     95-99     0.29446  0.78783  2.05    5742    4524   15363    18258   3.18
1980-1984    100-104    0.40928  0.88743  1.81    1218    1081    2642     2895   2.38
1980-1984    105-109    0.53594  0.94442  1.57     137     130     242      254   1.85
1980-1984    110+       0.63968  1.00000  1.56       8       8      12       12   1.56
1985-1989        0      0.00756  0.00751  0.07  100000     751   99301  7672571  76.73
1985-1989      1-4      0.00042  0.00168  1.69   99249     167  396612  7573270  76.31
1985-1989      5-9      0.00021  0.00106  2.30   99083     105  495130  7176658  72.43
1985-1989     10-14     0.00024  0.00118  2.74   98978     117  494625  6681528  67.51
1985-1989     15-19     0.00071  0.00352  2.85   98861     348  493556  6186902  62.58
1985-1989     20-24     0.00083  0.00416  2.42   98513     410  491510  5693346  57.79
1985-1989     25-29     0.00080  0.00401  2.51   98103     393  489536  5201836  53.02
1985-1989     30-34     0.00093  0.00465  2.59   97710     454  487458  4712300  48.23
1985-1989     35-39     0.00119  0.00592  2.63   97256     576  484916  4224841  43.44
1985-1989     40-44     0.00180  0.00894  2.68   96680     865  481394  3739926  38.68
1985-1989     45-49     0.00297  0.01475  2.70   95815    1413  475824  3258531  34.01
1985-1989     50-54     0.00496  0.02451  2.69   94402    2314  466662  2782707  29.48
1985-1989     55-59     0.00810  0.03973  2.67   92088    3659  451902  2316045  25.15
1985-1989     60-64     0.01294  0.06279  2.65   88429    5553  429079  1864143  21.08
1985-1989     65-69     0.02014  0.09613  2.63   82877    7967  395509  1435064  17.32
1985-1989     70-74     0.03172  0.14750  2.63   74910   11049  348333  1039554  13.88
1985-1989     75-79     0.04995  0.22286  2.58   63861   14232  284925   691221  10.82
1985-1989     80-84     0.08062  0.33600  2.52   49629   16675  206837   406296   8.19
1985-1989     85-89     0.12650  0.47720  2.43   32954   15725  124306   199459   6.05
1985-1989     90-94     0.19849  0.64328  2.27   17228   11083   55835    75153   4.36
1985-1989     95-99     0.29788  0.79239  2.05    6146    4870   16348    19318   3.14
1985-1989    100-104    0.41826  0.89346  1.79    1276    1140    2726     2970   2.33
1985-1989    105-109    0.55082  0.94922  1.55     136     129     234      245   1.80
1985-1989    110+       0.65891  1.00000  1.52       7       7      10       10   1.52
1990-1994        0      0.00637  0.00633  0.07  100000     633   99409  7769723  77.70
1990-1994      1-4      0.00032  0.00130  1.69   99367     129  397170  7670314  77.19
1990-1994      5-9      0.00018  0.00090  2.34   99238      90  495952  7273144  73.29
1990-1994     10-14     0.00021  0.00103  2.84   99149     102  495522  6777192  68.35
1990-1994     15-19     0.00061  0.00307  2.85   99046     304  494579  6281669  63.42
1990-1994     20-24     0.00074  0.00369  2.45   98743     364  492786  5787090  58.61
1990-1994     25-29     0.00078  0.00391  2.57   98379     385  490956  5294304  53.82
1990-1994     30-34     0.00094  0.00470  2.57   97994     461  488850  4803347  49.02
1990-1994     35-39     0.00125  0.00624  2.59   97533     608  486196  4314498  44.24
1990-1994     40-44     0.00172  0.00856  2.63   96925     830  482654  3828301  39.50
1990-1994     45-49     0.00269  0.01335  2.71   96095    1283  477537  3345647  34.82
1990-1994     50-54     0.00434  0.02150  2.69   94812    2038  469353  2868110  30.25
1990-1994     55-59     0.00720  0.03539  2.68   92774    3284  456254  2398757  25.86
1990-1994     60-64     0.01170  0.05695  2.67   89490    5096  435572  1942503  21.71
1990-1994     65-69     0.01830  0.08773  2.64   84394    7404  404494  1506931  17.86
1990-1994     70-74     0.02875  0.13458  2.63   76990   10362  360392  1102437  14.32
1990-1994     75-79     0.04629  0.20834  2.61   66628   13881  299901   742045  11.14
1990-1994     80-84     0.07690  0.32333  2.54   52747   17055  221772   442144   8.38
1990-1994     85-89     0.12273  0.46704  2.44   35692   16669  135822   220372   6.17
1990-1994     90-94     0.19336  0.63422  2.29   19022   12064   62394    84549   4.44
1990-1994     95-99     0.29285  0.78719  2.06    6958    5477   18704    22155   3.18
1990-1994    100-104    0.41743  0.89354  1.80    1481    1323    3170     3451   2.33
1990-1994    105-109    0.55570  0.95095  1.54     158     150     270      281   1.78
1990-1994    110+       0.66849  1.00000  1.50       8       8      12       12   1.50
1995-1999        0      0.00549  0.00546  0.06  100000     546   99488  7846499  78.46
1995-1999      1-4      0.00028  0.00110  1.68   99454     110  397559  7747011  77.90
1995-1999      5-9      0.00015  0.00074  2.47   99344      73  496533  7349451  73.98
1995-1999     10-14     0.00018  0.00090  2.75   99270      89  496151  6852918  69.03
1995-1999     15-19     0.00054  0.00268  2.88   99181     266  495342  6356767  64.09
1995-1999     20-24     0.00066  0.00330  2.46   98915     326  493749  5861425  59.26
1995-1999     25-29     0.00068  0.00337  2.56   98589     332  492133  5367676  54.44
1995-1999     30-34     0.00084  0.00421  2.60   98257     414  490289  4875543  49.62
1995-1999     35-39     0.00113  0.00562  2.63   97843     550  487914  4385254  44.82
1995-1999     40-44     0.00164  0.00818  2.64   97293     796  484585  3897340  40.06
1995-1999     45-49     0.00243  0.01209  2.67   96498    1167  479776  3412755  35.37
1995-1999     50-54     0.00391  0.01935  2.68   95331    1845  472379  2932979  30.77
1995-1999     55-59     0.00644  0.03174  2.67   93486    2967  460526  2460600  26.32
1995-1999     60-64     0.01042  0.05084  2.66   90519    4602  441849  2000075  22.10
1995-1999     65-69     0.01708  0.08209  2.65   85917    7053  412999  1558225  18.14
1995-1999     70-74     0.02711  0.12736  2.63   78864   10044  370499  1145226  14.52
1995-1999     75-79     0.04397  0.19894  2.61   68820   13691  311401   774728  11.26
1995-1999     80-84     0.07472  0.31599  2.56   55129   17420  233123   463327   8.40
1995-1999     85-89     0.12326  0.46909  2.45   37709   17689  143509   230204   6.10
1995-1999     90-94     0.19934  0.64629  2.28   20020   12939   64907    86695   4.33
1995-1999     95-99     0.30412  0.80098  2.05    7081    5672   18650    21788   3.08
1995-1999    100-104    0.43832  0.90603  1.76    1409    1277    2913     3138   2.23
1995-1999    105-109    0.58473  0.95872  1.49     132     127     217      225   1.70
1995-1999    110+       0.70159  1.00000  1.43       5       5       8        8   1.43
2000-2004        0      0.00526  0.00524  0.06  100000     524   99509  7961782  79.62
2000-2004      1-4      0.00022  0.00089  1.65   99476      89  397697  7862273  79.04
2000-2004      5-9      0.00011  0.00057  2.42   99388      57  496791  7464576  75.11
2000-2004     10-14     0.00014  0.00071  2.88   99331      71  496503  6967785  70.15
2000-2004     15-19     0.00047  0.00234  2.84   99260     232  495799  6471282  65.20
2000-2004     20-24     0.00060  0.00299  2.46   99028     297  494388  5975483  60.34
2000-2004     25-29     0.00058  0.00287  2.54   98732     284  492959  5481095  55.52
2000-2004     30-34     0.00070  0.00349  2.59   98448     344  491411  4988135  50.67
2000-2004     35-39     0.00097  0.00486  2.64   98104     477  489392  4496724  45.84
2000-2004     40-44     0.00143  0.00713  2.68   97627     696  486517  4007332  41.05
2000-2004     45-49     0.00227  0.01129  2.69   96931    1095  482124  3520815  36.32
2000-2004     50-54     0.00359  0.01780  2.67   95836    1706  475214  3038691  31.71
2000-2004     55-59     0.00574  0.02832  2.68   94130    2666  464478  2563477  27.23
2000-2004     60-64     0.00936  0.04581  2.66   91464    4190  447532  2099000  22.95
2000-2004     65-69     0.01491  0.07202  2.66   87275    6285  421656  1651468  18.92
2000-2004     70-74     0.02405  0.11378  2.64   80989    9215  383213  1229812  15.18
2000-2004     75-79     0.03924  0.17948  2.62   71774   12882  328270   846599  11.80
2000-2004     80-84     0.06721  0.28911  2.58   58892   17027  253342   518328   8.80
2000-2004     85-89     0.11534  0.44677  2.48   41866   18705  162170   264987   6.33
2000-2004     90-94     0.19135  0.63152  2.31   23161   14627   76438   102817   4.44
2000-2004     95-99     0.30189  0.79936  2.06    8535    6822   22598    26379   3.09
2000-2004    100-104    0.44215  0.90864  1.76    1712    1556    3519     3780   2.21
2000-2004    105-109    0.59464  0.96124  1.48     156     150     253      261   1.67
2000-2004    110+       0.71510  1.00000  1.40       6       6       8        8   1.40
2005-2009        0      0.00516  0.00514  0.06  100000     514   99518  8065981  80.66
2005-2009      1-4      0.00019  0.00077  1.59   99486      76  397761  7966462  80.08
2005-2009      5-9      0.00011  0.00055  2.38   99410      54  496908  7568701  76.14
2005-2009     10-14     0.00013  0.00064  2.90   99356      64  496645  7071794  71.18
2005-2009     15-19     0.00042  0.00211  2.89   99292     210  496019  6575149  66.22
2005-2009     20-24     0.00057  0.00284  2.47   99082     281  494700  6079130  61.35
2005-2009     25-29     0.00057  0.00285  2.54   98801     282  493314  5584430  56.52
2005-2009     30-34     0.00065  0.00326  2.59   98519     321  491823  5091117  51.68
2005-2009     35-39     0.00089  0.00446  2.67   98198     438  489969  4599294  46.84
2005-2009     40-44     0.00134  0.00668  2.66   97760     653  487270  4109325  42.03
2005-2009     45-49     0.00216  0.01074  2.68   97107    1043  483109  3622055  37.30
2005-2009     50-54     0.00342  0.01697  2.67   96064    1630  476525  3138946  32.68
2005-2009     55-59     0.00526  0.02596  2.66   94433    2452  466423  2662421  28.19
2005-2009     60-64     0.00826  0.04054  2.67   91981    3729  451216  2195998  23.87
2005-2009     65-69     0.01316  0.06384  2.66   88252    5634  428095  1744782  19.77
2005-2009     70-74     0.02116  0.10078  2.66   82619    8326  393576  1316687  15.94
2005-2009     75-79     0.03492  0.16131  2.64   74292   11984  343138   923112  12.43
2005-2009     80-84     0.05913  0.25899  2.61   62308   16137  272935   579974   9.31
2005-2009     85-89     0.10575  0.41895  2.52   46171   19343  182913   307039   6.65
2005-2009     90-94     0.18048  0.60964  2.34   26828   16355   90619   124126   4.63
2005-2009     95-99     0.28913  0.78535  2.09   10473    8225   28446    33508   3.20
2005-2009    100-104    0.43255  0.90411  1.78    2248    2032    4698     5061   2.25
2005-2009    105-109    0.59039  0.96058  1.49     216     207     351      363   1.68
2005-2009    110+       0.71534  1.00000  1.40       8       8      12       12   1.40
2010-2011        0      0.00492  0.00489  0.06  100000     489   99541  8153238  81.53
2010-2011      1-4      0.00018  0.00073  1.54   99511      73  397864  8053697  80.93
2010-2011      5-9      0.00009  0.00043  2.51   99438      42  497085  7655833  76.99
2010-2011     10-14     0.00011  0.00056  2.89   99396      55  496862  7158748  72.02
2010-2011     15-19     0.00037  0.00183  2.88   99340     182  496315  6661886  67.06
2010-2011     20-24     0.00053  0.00263  2.53   99158     260  495147  6165571  62.18
2010-2011     25-29     0.00053  0.00266  2.49   98898     263  493830  5670424  57.34
2010-2011     30-34     0.00062  0.00310  2.60   98635     306  492443  5176594  52.48
2010-2011     35-39     0.00080  0.00402  2.64   98329     395  490716  4684151  47.64
2010-2011     40-44     0.00123  0.00611  2.67   97934     599  488279  4193435  42.82
2010-2011     45-49     0.00194  0.00967  2.67   97336     941  484486  3705156  38.07
2010-2011     50-54     0.00315  0.01565  2.70   96395    1509  478501  3220670  33.41
2010-2011     55-59     0.00492  0.02433  2.66   94886    2308  469036  2742169  28.90
2010-2011     60-64     0.00758  0.03724  2.67   92578    3448  454841  2273133  24.55
2010-2011     65-69     0.01199  0.05830  2.66   89130    5196  433505  1818292  20.40
2010-2011     70-74     0.01914  0.09160  2.65   83934    7688  401607  1384787  16.50
2010-2011     75-79     0.03182  0.14806  2.66   76246   11289  354819   983180  12.89
2010-2011     80-84     0.05497  0.24300  2.62   64957   15784  287153   628361   9.67
2010-2011     85-89     0.09726  0.39227  2.54   49172   19289  198331   341208   6.94
2010-2011     90-94     0.17247  0.59217  2.35   29883   17696  102601   142877   4.78
2010-2011     95-99     0.27772  0.77165  2.12   12187    9404   33863    40276   3.30
2010-2011    100-104    0.42156  0.89827  1.81    2783    2500    5930     6413   2.30
2010-2011    105-109    0.58217  0.95887  1.50     283     271     466      483   1.70
2010-2011    110+       0.71027  1.00000  1.41      12      12      16       16   1.41
