Switzerland, Life tables (period 5x5), Total     Last modified: 20-May-2016, MPv5 (May07)

  Year          Age         mx       qx    ax      lx      dx      Lx       Tx     ex
1876-1879        0      0.24255  0.20903  0.34  100000   20903   86181  4055828  40.56
1876-1879      1-4      0.02211  0.08371  1.45   79097    6622  299483  3969647  50.19
1876-1879      5-9      0.00640  0.03140  2.15   72475    2276  355892  3670164  50.64
1876-1879     10-14     0.00397  0.01964  2.46   70199    1379  347500  3314272  47.21
1876-1879     15-19     0.00577  0.02848  2.72   68821    1960  339630  2966772  43.11
1876-1879     20-24     0.00750  0.03682  2.57   66861    2462  328329  2627142  39.29
1876-1879     25-29     0.00897  0.04387  2.52   64399    2825  314984  2298813  35.70
1876-1879     30-34     0.01011  0.04934  2.57   61574    3038  300502  1983828  32.22
1876-1879     35-39     0.01169  0.05681  2.51   58536    3325  284414  1683326  28.76
1876-1879     40-44     0.01282  0.06213  2.53   55210    3430  267580  1398912  25.34
1876-1879     45-49     0.01556  0.07497  2.58   51780    3882  249498  1131332  21.85
1876-1879     50-54     0.02103  0.10003  2.58   47898    4791  227874   881834  18.41
1876-1879     55-59     0.02953  0.13774  2.56   43107    5937  201047   653960  15.17
1876-1879     60-64     0.04299  0.19495  2.62   37170    7246  168574   452913  12.18
1876-1879     65-69     0.06570  0.28275  2.54   29923    8461  128783   284339   9.50
1876-1879     70-74     0.10382  0.41113  2.47   21462    8824   84995   155557   7.25
1876-1879     75-79     0.14459  0.52120  2.32   12639    6587   45557    70562   5.58
1876-1879     80-84     0.21360  0.66928  2.21    6051    4050   18961    25005   4.13
1876-1879     85-89     0.31206  0.80969  2.03    2001    1620    5193     6044   3.02
1876-1879     90-94     0.43786  0.90074  1.73     381     343     783      851   2.24
1876-1879     95-99     0.55225  0.94910  1.54      38      36      65       68   1.79
1876-1879    100-104    0.67199  0.97391  1.35       2       2       3        3   1.48
1876-1879    105-109    0.77375  0.98523  1.22       0       0       0        0   1.29
1876-1879    110+       0.84356  1.00000  1.19       0       0       0        0   1.19
1880-1884        0      0.19842  0.17541  0.34  100000   17541   88403  4342064  43.42
1880-1884      1-4      0.02030  0.07724  1.49   82459    6369  313822  4253661  51.59
1880-1884      5-9      0.00589  0.02896  2.15   76090    2204  374161  3939839  51.78
1880-1884     10-14     0.00342  0.01696  2.48   73886    1253  366267  3565678  48.26
1880-1884     15-19     0.00519  0.02564  2.67   72633    1862  358826  3199411  44.05
1880-1884     20-24     0.00707  0.03475  2.54   70771    2460  347791  2840585  40.14
1880-1884     25-29     0.00799  0.03919  2.52   68311    2677  334928  2492795  36.49
1880-1884     30-34     0.00945  0.04617  2.52   65634    3031  320661  2157866  32.88
1880-1884     35-39     0.01113  0.05417  2.51   62604    3391  304588  1837205  29.35
1880-1884     40-44     0.01269  0.06147  2.49   59213    3640  286913  1532617  25.88
1880-1884     45-49     0.01452  0.07012  2.57   55573    3897  268404  1245704  22.42
1880-1884     50-54     0.01970  0.09400  2.57   51676    4857  246564   977300  18.91
1880-1884     55-59     0.02771  0.12997  2.62   46819    6085  219586   730736  15.61
1880-1884     60-64     0.04098  0.18606  2.53   40734    7579  184923   511149  12.55
1880-1884     65-69     0.06128  0.26680  2.58   33155    8846  144350   326227   9.84
1880-1884     70-74     0.09633  0.38767  2.48   24309    9424   97828   181877   7.48
1880-1884     75-79     0.14415  0.52264  2.37   14885    7780   53968    84049   5.65
1880-1884     80-84     0.20950  0.65993  2.20    7106    4689   22383    30081   4.23
1880-1884     85-89     0.29479  0.78633  2.03    2416    1900    6446     7698   3.19
1880-1884     90-94     0.40128  0.87914  1.80     516     454    1131     1253   2.43
1880-1884     95-99     0.50750  0.93371  1.62      62      58     115      121   1.95
1880-1884    100-104    0.61838  0.96423  1.43       4       4       6        7   1.61
1880-1884    105-109    0.71882  0.97960  1.29       0       0       0        0   1.39
1880-1884    110+       0.79213  1.00000  1.26       0       0       0        0   1.26
1885-1889        0      0.18304  0.16328  0.34  100000   16328   89205  4500041  45.00
1885-1889      1-4      0.01718  0.06578  1.40   83672    5504  320399  4410836  52.72
1885-1889      5-9      0.00493  0.02434  2.19   78168    1902  385496  4090437  52.33
1885-1889     10-14     0.00309  0.01535  2.52   76266    1171  378429  3704942  48.58
1885-1889     15-19     0.00504  0.02489  2.71   75095    1869  371188  3326513  44.30
1885-1889     20-24     0.00693  0.03408  2.57   73226    2496  360052  2955325  40.36
1885-1889     25-29     0.00786  0.03856  2.54   70730    2727  346955  2595273  36.69
1885-1889     30-34     0.00890  0.04352  2.54   68003    2960  332743  2248318  33.06
1885-1889     35-39     0.01061  0.05167  2.52   65043    3361  316870  1915576  29.45
1885-1889     40-44     0.01242  0.06027  2.54   61683    3718  299254  1598706  25.92
1885-1889     45-49     0.01495  0.07209  2.55   57965    4179  279600  1299451  22.42
1885-1889     50-54     0.01959  0.09352  2.58   53786    5030  256765  1019851  18.96
1885-1889     55-59     0.02730  0.12814  2.60   48756    6248  228807   763087  15.65
1885-1889     60-64     0.04085  0.18584  2.58   42508    7900  193391   534280  12.57
1885-1889     65-69     0.06132  0.26607  2.52   34609    9208  150180   340889   9.85
1885-1889     70-74     0.09318  0.37858  2.52   25400    9616  103196   190709   7.51
1885-1889     75-79     0.14908  0.53431  2.35   15784    8434   56572    87513   5.54
1885-1889     80-84     0.21060  0.66383  2.22    7351    4879   23170    30941   4.21
1885-1889     85-89     0.29897  0.79263  2.04    2471    1959    6551     7771   3.14
1885-1889     90-94     0.40916  0.88628  1.80     512     454    1110     1219   2.38
1885-1889     95-99     0.52625  0.94066  1.58      58      55     104      110   1.88
1885-1889    100-104    0.64130  0.96873  1.40       3       3       5        5   1.55
1885-1889    105-109    0.74243  0.98223  1.26       0       0       0        0   1.34
1885-1889    110+       0.81426  1.00000  1.23       0       0       0        0   1.23
1890-1894        0      0.17250  0.15484  0.34  100000   15484   89762  4573687  45.74
1890-1894      1-4      0.01664  0.06385  1.45   84516    5396  324292  4483925  53.05
1890-1894      5-9      0.00520  0.02561  2.18   79120    2026  389884  4159633  52.57
1890-1894     10-14     0.00325  0.01611  2.48   77094    1242  382342  3769749  48.90
1890-1894     15-19     0.00490  0.02422  2.68   75852    1837  374994  3387407  44.66
1890-1894     20-24     0.00636  0.03133  2.59   74015    2319  364478  3012412  40.70
1890-1894     25-29     0.00750  0.03683  2.54   71696    2640  351980  2647934  36.93
1890-1894     30-34     0.00857  0.04197  2.56   69056    2898  338202  2295954  33.25
1890-1894     35-39     0.00987  0.04821  2.56   66158    3189  323000  1957752  29.59
1890-1894     40-44     0.01194  0.05801  2.57   62968    3653  305950  1634753  25.96
1890-1894     45-49     0.01449  0.06998  2.57   59315    4151  286475  1328802  22.40
1890-1894     50-54     0.01946  0.09294  2.58   55165    5127  263406  1042327  18.89
1890-1894     55-59     0.02737  0.12842  2.60   50038    6426  234775   778921  15.57
1890-1894     60-64     0.04088  0.18586  2.56   43612    8106  198296   544146  12.48
1890-1894     65-69     0.06229  0.27013  2.54   35506    9591  153967   345850   9.74
1890-1894     70-74     0.09644  0.38735  2.46   25915   10038  104085   191883   7.40
1890-1894     75-79     0.14713  0.53140  2.39   15877    8437   57345    87798   5.53
1890-1894     80-84     0.21791  0.67767  2.21    7440    5042   23136    30453   4.09
1890-1894     85-89     0.30864  0.80167  2.00    2398    1922    6229     7316   3.05
1890-1894     90-94     0.42775  0.89457  1.75     476     425     995     1088   2.29
1890-1894     95-99     0.53420  0.94319  1.57      50      47      89       93   1.85
1890-1894    100-104    0.64823  0.96991  1.39       3       3       4        4   1.54
1890-1894    105-109    0.74826  0.98281  1.25       0       0       0        0   1.33
1890-1894    110+       0.81923  1.00000  1.22       0       0       0        0   1.22
1895-1899        0      0.16215  0.14645  0.34  100000   14645   90317  4846017  48.46
1895-1899      1-4      0.01270  0.04915  1.38   85355    4195  330438  4755701  55.72
1895-1899      5-9      0.00379  0.01874  2.20   81160    1521  401545  4425263  54.53
1895-1899     10-14     0.00266  0.01320  2.52   79639    1051  395586  4023718  50.52
1895-1899     15-19     0.00446  0.02207  2.71   78588    1734  388972  3628133  46.17
1895-1899     20-24     0.00566  0.02792  2.54   76854    2145  378986  3239161  42.15
1895-1899     25-29     0.00632  0.03111  2.55   74708    2324  367843  2860174  38.28
1895-1899     30-34     0.00732  0.03597  2.59   72384    2603  355645  2492331  34.43
1895-1899     35-39     0.00896  0.04384  2.56   69780    3059  341438  2136686  30.62
1895-1899     40-44     0.01037  0.05059  2.58   66721    3375  325423  1795249  26.91
1895-1899     45-49     0.01349  0.06533  2.57   63346    4139  306689  1469825  23.20
1895-1899     50-54     0.01825  0.08743  2.60   59207    5176  283587  1163136  19.65
1895-1899     55-59     0.02530  0.11923  2.58   54031    6442  254594   879549  16.28
1895-1899     60-64     0.03765  0.17260  2.59   47588    8214  218174   624955  13.13
1895-1899     65-69     0.05699  0.25009  2.55   39375    9847  172791   406782  10.33
1895-1899     70-74     0.08729  0.35832  2.50   29528   10580  121213   233990   7.92
1895-1899     75-79     0.13338  0.49392  2.37   18947    9359   70167   112778   5.95
1895-1899     80-84     0.19685  0.63738  2.24    9589    6112   31048    42611   4.44
1895-1899     85-89     0.27988  0.76640  2.05    3477    2665    9521    11562   3.33
1895-1899     90-94     0.38603  0.87046  1.85     812     707    1832     2041   2.51
1895-1899     95-99     0.49493  0.92910  1.64     105      98     198      210   1.99
1895-1899    100-104    0.60850  0.96230  1.45       7       7      12       12   1.63
1895-1899    105-109    0.71196  0.97885  1.30       0       0       0        0   1.40
1895-1899    110+       0.78755  1.00000  1.27       0       0       0        0   1.27
1900-1904        0      0.15250  0.13853  0.34  100000   13853   90841  4920871  49.21
1900-1904      1-4      0.01240  0.04802  1.34   86147    4137  333584  4830030  56.07
1900-1904      5-9      0.00355  0.01758  2.24   82010    1442  406073  4496446  54.83
1900-1904     10-14     0.00253  0.01257  2.57   80568    1012  400377  4090373  50.77
1900-1904     15-19     0.00442  0.02189  2.71   79556    1741  393792  3689996  46.38
1900-1904     20-24     0.00566  0.02791  2.53   77814    2172  383698  3296204  42.36
1900-1904     25-29     0.00624  0.03073  2.53   75643    2325  372464  2912507  38.50
1900-1904     30-34     0.00700  0.03441  2.54   73318    2523  360393  2540042  34.64
1900-1904     35-39     0.00844  0.04135  2.55   70795    2928  346803  2179649  30.79
1900-1904     40-44     0.01018  0.04967  2.54   67867    3371  331038  1832846  27.01
1900-1904     45-49     0.01255  0.06090  2.57   64496    3928  312940  1501808  23.29
1900-1904     50-54     0.01811  0.08676  2.59   60569    5255  290159  1188867  19.63
1900-1904     55-59     0.02550  0.12022  2.62   55314    6650  260769   898708  16.25
1900-1904     60-64     0.03797  0.17379  2.57   48664    8458  222728   637940  13.11
1900-1904     65-69     0.05732  0.25139  2.56   40206   10108  176345   415211  10.33
1900-1904     70-74     0.08665  0.35626  2.51   30099   10723  123746   238866   7.94
1900-1904     75-79     0.13410  0.49742  2.41   19376    9638   71869   115120   5.94
1900-1904     80-84     0.19586  0.63736  2.26    9738    6206   31689    43252   4.44
1900-1904     85-89     0.28153  0.77361  2.09    3531    2732    9704    11563   3.27
1900-1904     90-94     0.42019  0.88863  1.75     799     710    1691     1859   2.33
1900-1904     95-99     0.52335  0.94019  1.59      89      84     160      168   1.89
1900-1904    100-104    0.64537  0.96972  1.39       5       5       8        8   1.54
1900-1904    105-109    0.75192  0.98330  1.25       0       0       0        0   1.33
1900-1904    110+       0.82642  1.00000  1.21       0       0       0        0   1.21
1905-1909        0      0.13097  0.12053  0.34  100000   12053   92029  5107663  51.08
1905-1909      1-4      0.01048  0.04078  1.36   87947    3586  342325  5015634  57.03
1905-1909      5-9      0.00306  0.01518  2.25   84360    1281  418282  4673309  55.40
1905-1909     10-14     0.00226  0.01125  2.58   83080     935  413141  4255027  51.22
1905-1909     15-19     0.00424  0.02101  2.74   82145    1726  406820  3841886  46.77
1905-1909     20-24     0.00555  0.02736  2.55   80419    2200  396705  3435066  42.71
1905-1909     25-29     0.00606  0.02986  2.52   78219    2336  385308  3038361  38.84
1905-1909     30-34     0.00666  0.03277  2.54   75884    2487  373311  2653053  34.96
1905-1909     35-39     0.00789  0.03869  2.56   73397    2840  360062  2279742  31.06
1905-1909     40-44     0.00984  0.04803  2.55   70557    3389  344491  1919680  27.21
1905-1909     45-49     0.01246  0.06050  2.59   67168    4063  326059  1575189  23.45
1905-1909     50-54     0.01708  0.08208  2.62   63105    5179  303182  1249130  19.79
1905-1909     55-59     0.02516  0.11866  2.60   57925    6873  273137   945948  16.33
1905-1909     60-64     0.03710  0.17042  2.61   51052    8701  234497   672811  13.18
1905-1909     65-69     0.05690  0.24963  2.55   42352   10572  185805   438314  10.35
1905-1909     70-74     0.08634  0.35499  2.50   31779   11282  130667   252509   7.95
1905-1909     75-79     0.13264  0.49377  2.41   20498   10121   76305   121842   5.94
1905-1909     80-84     0.19892  0.64289  2.25   10377    6671   33537    45536   4.39
1905-1909     85-89     0.28922  0.78375  2.08    3706    2904   10042    12000   3.24
1905-1909     90-94     0.39736  0.87878  1.83     801     704    1772     1958   2.44
1905-1909     95-99     0.51640  0.93757  1.60      97      91     176      186   1.91
1905-1909    100-104    0.63562  0.96789  1.41       6       6       9        9   1.57
1905-1909    105-109    0.74119  0.98220  1.26       0       0       0        0   1.35
1905-1909    110+       0.81610  1.00000  1.23       0       0       0        0   1.23
1910-1914        0      0.10978  0.10224  0.33  100000   10224   93130  5364655  53.65
1910-1914      1-4      0.00865  0.03384  1.37   89776    3038  351107  5271525  58.72
1910-1914      5-9      0.00260  0.01289  2.25   86738    1118  430615  4920418  56.73
1910-1914     10-14     0.00208  0.01037  2.59   85620     888  425960  4489803  52.44
1910-1914     15-19     0.00380  0.01883  2.71   84733    1596  420013  4063844  47.96
1910-1914     20-24     0.00497  0.02455  2.55   83137    2041  410686  3643831  43.83
1910-1914     25-29     0.00535  0.02639  2.51   81096    2140  400144  3233145  39.87
1910-1914     30-34     0.00595  0.02930  2.56   78956    2314  389123  2833001  35.88
1910-1914     35-39     0.00716  0.03519  2.58   76642    2697  376682  2443878  31.89
1910-1914     40-44     0.00869  0.04255  2.54   73945    3146  361999  2067196  27.96
1910-1914     45-49     0.01145  0.05573  2.60   70799    3945  344541  1705196  24.09
1910-1914     50-54     0.01601  0.07710  2.60   66853    5154  321902  1360655  20.35
1910-1914     55-59     0.02263  0.10736  2.63   61699    6624  292772  1038753  16.84
1910-1914     60-64     0.03463  0.15980  2.59   55075    8801  254161   745981  13.54
1910-1914     65-69     0.05405  0.23915  2.59   46274   11066  204744   491820  10.63
1910-1914     70-74     0.08394  0.34674  2.49   35208   12208  145432   287076   8.15
1910-1914     75-79     0.12591  0.47422  2.40   23000   10907   86625   141644   6.16
1910-1914     80-84     0.18958  0.62525  2.28   12093    7561   39883    55020   4.55
1910-1914     85-89     0.27677  0.76695  2.09    4532    3476   12558    15137   3.34
1910-1914     90-94     0.39814  0.87840  1.82    1056     928    2330     2579   2.44
1910-1914     95-99     0.50984  0.93540  1.62     128     120     236      249   1.94
1910-1914    100-104    0.63119  0.96715  1.41       8       8      13       13   1.58
1910-1914    105-109    0.73858  0.98197  1.26       0       0       0        0   1.35
1910-1914    110+       0.81459  1.00000  1.23       0       0       0        0   1.23
1915-1919        0      0.08783  0.08268  0.29  100000    8268   94144  5365678  53.66
1915-1919      1-4      0.00815  0.03193  1.43   91732    2929  359399  5271534  57.47
1915-1919      5-9      0.00289  0.01432  2.28   88803    1272  440555  4912135  55.32
1915-1919     10-14     0.00225  0.01121  2.62   87531     981  435318  4471579  51.09
1915-1919     15-19     0.00461  0.02283  2.78   86550    1976  428370  4036261  46.64
1915-1919     20-24     0.00668  0.03285  2.56   84574    2778  416085  3607891  42.66
1915-1919     25-29     0.00767  0.03763  2.53   81796    3078  401369  3191807  39.02
1915-1919     30-34     0.00794  0.03892  2.47   78718    3063  385834  2790437  35.45
1915-1919     35-39     0.00808  0.03961  2.51   75654    2997  370810  2404604  31.78
1915-1919     40-44     0.00917  0.04483  2.56   72658    3257  355341  2033794  27.99
1915-1919     45-49     0.01132  0.05508  2.57   69401    3823  337727  1678453  24.18
1915-1919     50-54     0.01568  0.07559  2.62   65578    4957  316105  1340726  20.44
1915-1919     55-59     0.02277  0.10800  2.62   60621    6547  287540  1024621  16.90
1915-1919     60-64     0.03339  0.15460  2.61   54074    8360  250384   737080  13.63
1915-1919     65-69     0.05306  0.23513  2.58   45714   10749  202582   486696  10.65
1915-1919     70-74     0.08413  0.34784  2.51   34965   12163  144560   284114   8.13
1915-1919     75-79     0.12807  0.48089  2.41   22803   10966   85623   139553   6.12
1915-1919     80-84     0.18952  0.62494  2.28   11837    7398   39033    53930   4.56
1915-1919     85-89     0.27565  0.76702  2.11    4440    3405   12354    14897   3.36
1915-1919     90-94     0.39471  0.87604  1.83    1034     906    2296     2543   2.46
1915-1919     95-99     0.51174  0.93620  1.61     128     120     235      247   1.93
1915-1919    100-104    0.63457  0.96784  1.41       8       8      12       13   1.57
1915-1919    105-109    0.74299  0.98245  1.26       0       0       0        0   1.34
1915-1919    110+       0.81939  1.00000  1.22       0       0       0        0   1.22
1920-1924        0      0.07397  0.07010  0.25  100000    7010   94766  5797970  57.98
1920-1924      1-4      0.00611  0.02406  1.45   92990    2237  366251  5703204  61.33
1920-1924      5-9      0.00226  0.01121  2.27   90753    1018  450990  5336953  58.81
1920-1924     10-14     0.00172  0.00857  2.58   89735     769  446816  4885962  54.45
1920-1924     15-19     0.00302  0.01500  2.74   88966    1334  441813  4439146  49.90
1920-1924     20-24     0.00407  0.02014  2.52   87632    1765  433784  3997333  45.62
1920-1924     25-29     0.00436  0.02155  2.49   85866    1851  424695  3563549  41.50
1920-1924     30-34     0.00489  0.02418  2.57   84016    2031  415137  3138854  37.36
1920-1924     35-39     0.00577  0.02843  2.54   81984    2331  404179  2723717  33.22
1920-1924     40-44     0.00720  0.03539  2.60   79653    2819  391490  2319537  29.12
1920-1924     45-49     0.00970  0.04741  2.62   76835    3643  375519  1928047  25.09
1920-1924     50-54     0.01372  0.06642  2.59   73192    4862  354250  1552528  21.21
1920-1924     55-59     0.02075  0.09886  2.62   68331    6755  325577  1198278  17.54
1920-1924     60-64     0.03108  0.14463  2.60   61575    8906  286508   872701  14.17
1920-1924     65-69     0.04774  0.21409  2.59   52669   11276  236188   586194  11.13
1920-1924     70-74     0.07814  0.32699  2.51   41393   13535  173217   350005   8.46
1920-1924     75-79     0.12095  0.46267  2.46   27858   12889  106564   176788   6.35
1920-1924     80-84     0.18285  0.61173  2.30   14969    9157   50080    70223   4.69
1920-1924     85-89     0.26648  0.75370  2.12    5812    4381   16439    20143   3.47
1920-1924     90-94     0.37291  0.86392  1.89    1432    1237    3316     3704   2.59
1920-1924     95-99     0.49490  0.92977  1.64     195     181     366      388   1.99
1920-1924    100-104    0.61686  0.96442  1.44      14      13      21       22   1.61
1920-1924    105-109    0.72675  0.98075  1.28       0       0       1        1   1.37
1920-1924    110+       0.80549  1.00000  1.24       0       0       0        0   1.24
1925-1929        0      0.05724  0.05475  0.21  100000    5475   95657  6022935  60.23
1925-1929      1-4      0.00516  0.02039  1.45   94525    1927  373182  5927277  62.71
1925-1929      5-9      0.00191  0.00950  2.30   92598     880  460617  5554096  59.98
1925-1929     10-14     0.00146  0.00727  2.62   91718     666  457004  5093479  55.53
1925-1929     15-19     0.00275  0.01368  2.76   91052    1246  452470  4636475  50.92
1925-1929     20-24     0.00379  0.01879  2.56   89806    1688  444917  4184005  46.59
1925-1929     25-29     0.00401  0.01984  2.50   88118    1749  436225  3739088  42.43
1925-1929     30-34     0.00411  0.02034  2.49   86370    1757  427441  3302863  38.24
1925-1929     35-39     0.00492  0.02431  2.62   84613    2057  418175  2875422  33.98
1925-1929     40-44     0.00644  0.03170  2.60   82556    2617  406493  2457247  29.76
1925-1929     45-49     0.00896  0.04388  2.64   79938    3508  391413  2050753  25.65
1925-1929     50-54     0.01323  0.06413  2.62   76430    4901  370482  1659340  21.71
1925-1929     55-59     0.01878  0.08989  2.62   71529    6430  342372  1288858  18.02
1925-1929     60-64     0.02943  0.13750  2.62   65099    8951  304191   946487  14.54
1925-1929     65-69     0.04607  0.20717  2.57   56148   11632  252481   642296  11.44
1925-1929     70-74     0.07167  0.30476  2.55   44516   13567  189281   389815   8.76
1925-1929     75-79     0.11712  0.44974  2.42   30949   13919  118840   200534   6.48
1925-1929     80-84     0.17758  0.60267  2.33   17030   10264   57798    81694   4.80
1925-1929     85-89     0.26078  0.74587  2.13    6767    5047   19354    23896   3.53
1925-1929     90-94     0.36397  0.85878  1.93    1720    1477    4057     4543   2.64
1925-1929     95-99     0.49277  0.92912  1.65     243     226     458      486   2.00
1925-1929    100-104    0.61717  0.96459  1.44      17      17      27       28   1.61
1925-1929    105-109    0.72903  0.98104  1.28       1       1       1        1   1.37
1925-1929    110+       0.80879  1.00000  1.24       0       0       0        0   1.24
1930-1934        0      0.05052  0.04853  0.19  100000    4853   96061  6180422  61.80
1930-1934      1-4      0.00422  0.01670  1.51   95147    1589  376629  6084361  63.95
1930-1934      5-9      0.00166  0.00824  2.29   93559     771  465707  5707732  61.01
1930-1934     10-14     0.00129  0.00643  2.58   92787     597  462495  5242025  56.49
1930-1934     15-19     0.00240  0.01193  2.76   92191    1100  458485  4779530  51.84
1930-1934     20-24     0.00347  0.01720  2.57   91090    1567  451643  4321045  47.44
1930-1934     25-29     0.00357  0.01768  2.48   89524    1583  443627  3869402  43.22
1930-1934     30-34     0.00389  0.01927  2.56   87941    1695  435570  3425775  38.96
1930-1934     35-39     0.00453  0.02240  2.57   86246    1932  426530  2990205  34.67
1930-1934     40-44     0.00580  0.02863  2.62   84314    2414  415818  2563675  30.41
1930-1934     45-49     0.00823  0.04038  2.63   81900    3308  401654  2147856  26.23
1930-1934     50-54     0.01232  0.05985  2.64   78593    4704  381860  1746202  22.22
1930-1934     55-59     0.01842  0.08827  2.65   73889    6522  354086  1364342  18.46
1930-1934     60-64     0.02691  0.12651  2.64   67367    8523  316688  1010256  15.00
1930-1934     65-69     0.04386  0.19835  2.59   58844   11672  266147   693568  11.79
1930-1934     70-74     0.06890  0.29440  2.53   47172   13887  201571   427421   9.06
1930-1934     75-79     0.10765  0.42329  2.48   33285   14089  130879   225850   6.79
1930-1934     80-84     0.16873  0.58251  2.34   19195   11182   66270    94971   4.95
1930-1934     85-89     0.25495  0.73594  2.13    8014    5898   23133    28700   3.58
1930-1934     90-94     0.36563  0.85882  1.91    2116    1817    4971     5568   2.63
1930-1934     95-99     0.49273  0.92945  1.65     299     278     564      597   2.00
1930-1934    100-104    0.62117  0.96554  1.43      21      20      33       34   1.60
1930-1934    105-109    0.73564  0.98181  1.27       1       1       1        1   1.36
1930-1934    110+       0.81626  1.00000  1.23       0       0       0        0   1.23
1935-1939        0      0.04650  0.04479  0.18  100000    4479   96314  6330134  63.30
1935-1939      1-4      0.00377  0.01493  1.49   95521    1426  378505  6233820  65.26
1935-1939      5-9      0.00149  0.00742  2.28   94095     698  468572  5855315  62.23
1935-1939     10-14     0.00119  0.00592  2.51   93396     553  465606  5386743  57.68
1935-1939     15-19     0.00201  0.01001  2.78   92843     930  462151  4921136  53.00
1935-1939     20-24     0.00291  0.01444  2.56   91914    1327  456325  4458986  48.51
1935-1939     25-29     0.00307  0.01525  2.48   90586    1381  449449  4002661  44.19
1935-1939     30-34     0.00333  0.01650  2.51   89205    1472  442367  3553211  39.83
1935-1939     35-39     0.00391  0.01938  2.56   87733    1700  434514  3110845  35.46
1935-1939     40-44     0.00513  0.02534  2.60   86033    2180  424939  2676331  31.11
1935-1939     45-49     0.00729  0.03585  2.63   83853    3006  412140  2251392  26.85
1935-1939     50-54     0.01111  0.05411  2.63   80847    4374  393889  1839252  22.75
1935-1939     55-59     0.01642  0.07900  2.62   76473    6041  367961  1445363  18.90
1935-1939     60-64     0.02552  0.12031  2.63   70431    8473  332058  1077403  15.30
1935-1939     65-69     0.04058  0.18508  2.63   61958   11467  282585   745345  12.03
1935-1939     70-74     0.06643  0.28591  2.57   50491   14436  217309   462760   9.17
1935-1939     75-79     0.10766  0.42262  2.46   36055   15238  141539   245451   6.81
1935-1939     80-84     0.16638  0.57734  2.35   20817   12019   72235   103911   4.99
1935-1939     85-89     0.25335  0.73539  2.15    8799    6470   25540    31676   3.60
1935-1939     90-94     0.36486  0.85810  1.91    2328    1998    5476     6137   2.64
1935-1939     95-99     0.49229  0.92939  1.65     330     307     624      661   2.00
1935-1939    100-104    0.62217  0.96580  1.43      23      23      36       37   1.60
1935-1939    105-109    0.73773  0.98206  1.26       1       1       1        1   1.35
1935-1939    110+       0.81884  1.00000  1.22       0       0       0        0   1.22
1940-1944        0      0.04379  0.04225  0.17  100000    4225   96492  6495717  64.96
1940-1944      1-4      0.00323  0.01280  1.54   95775    1226  380085  6399225  66.82
1940-1944      5-9      0.00132  0.00659  2.34   94549     623  471089  6019141  63.66
1940-1944     10-14     0.00106  0.00529  2.53   93926     497  468404  5548052  59.07
1940-1944     15-19     0.00175  0.00870  2.69   93429     813  465274  5079648  54.37
1940-1944     20-24     0.00249  0.01236  2.52   92617    1145  460245  4614374  49.82
1940-1944     25-29     0.00272  0.01350  2.47   91472    1235  454235  4154130  45.41
1940-1944     30-34     0.00276  0.01369  2.54   90237    1235  448140  3699894  41.00
1940-1944     35-39     0.00323  0.01603  2.58   89001    1427  441547  3251754  36.54
1940-1944     40-44     0.00438  0.02170  2.67   87575    1900  433441  2810207  32.09
1940-1944     45-49     0.00628  0.03092  2.65   85674    2649  422147  2376766  27.74
1940-1944     50-54     0.00961  0.04697  2.65   83025    3899  405942  1954618  23.54
1940-1944     55-59     0.01482  0.07160  2.64   79126    5666  382238  1548676  19.57
1940-1944     60-64     0.02317  0.10983  2.62   73460    8068  348130  1166438  15.88
1940-1944     65-69     0.03662  0.16828  2.60   65392   11004  300534   818307  12.51
1940-1944     70-74     0.06151  0.26788  2.59   54388   14569  236874   517773   9.52
1940-1944     75-79     0.10089  0.40261  2.49   39819   16031  158898   280899   7.05
1940-1944     80-84     0.16003  0.56306  2.37   23787   13394   83695   122002   5.13
1940-1944     85-89     0.24463  0.72327  2.17   10394    7517   30730    38307   3.69
1940-1944     90-94     0.36456  0.85442  1.89    2876    2457    6741     7577   2.63
1940-1944     95-99     0.49329  0.93026  1.65     419     390     790      836   2.00
1940-1944    100-104    0.62902  0.96736  1.42      29      28      45       46   1.58
1940-1944    105-109    0.74876  0.98326  1.25       1       1       1        1   1.33
1940-1944    110+       0.83137  1.00000  1.20       0       0       0        0   1.20
1945-1949        0      0.03898  0.03774  0.16  100000    3774   96816  6658324  66.58
1945-1949      1-4      0.00248  0.00987  1.55   96226     949  382576  6561508  68.19
1945-1949      5-9      0.00108  0.00536  2.30   95276     511  475004  6178932  64.85
1945-1949     10-14     0.00083  0.00413  2.59   94765     391  472884  5703928  60.19
1945-1949     15-19     0.00137  0.00683  2.76   94374     645  470422  5231044  55.43
1945-1949     20-24     0.00198  0.00985  2.59   93729     923  466423  4760622  50.79
1945-1949     25-29     0.00217  0.01077  2.49   92806    1000  461516  4294199  46.27
1945-1949     30-34     0.00239  0.01189  2.55   91806    1091  456355  3832683  41.75
1945-1949     35-39     0.00281  0.01394  2.55   90715    1264  450474  3376328  37.22
1945-1949     40-44     0.00379  0.01880  2.63   89451    1682  443260  2925854  32.71
1945-1949     45-49     0.00578  0.02854  2.66   87769    2505  432973  2482593  28.29
1945-1949     50-54     0.00899  0.04400  2.64   85264    3752  417457  2049620  24.04
1945-1949     55-59     0.01368  0.06628  2.67   81512    5402  394952  1632163  20.02
1945-1949     60-64     0.02150  0.10230  2.64   76110    7786  362147  1237210  16.26
1945-1949     65-69     0.03548  0.16368  2.64   68323   11183  315224   875063  12.81
1945-1949     70-74     0.05847  0.25605  2.58   57140   14631  250242   559839   9.80
1945-1949     75-79     0.09635  0.38872  2.52   42509   16524  171503   309598   7.28
1945-1949     80-84     0.15289  0.54597  2.38   25985   14187   92791   138095   5.31
1945-1949     85-89     0.23428  0.70513  2.18   11798    8319   35509    45304   3.84
1945-1949     90-94     0.33803  0.83087  1.94    3479    2890    8551     9795   2.82
1945-1949     95-99     0.46426  0.91738  1.70     588     540    1163     1244   2.11
1945-1949    100-104    0.59458  0.96009  1.47      49      47      78       81   1.67
1945-1949    105-109    0.71417  0.97953  1.30       2       2       3        3   1.40
1945-1949    110+       0.79999  1.00000  1.25       0       0       0        0   1.25
1950-1954        0      0.02978  0.02902  0.13  100000    2902   97477  6933842  69.34
1950-1954      1-4      0.00173  0.00688  1.57   97098     668  386766  6836364  70.41
1950-1954      5-9      0.00065  0.00323  2.24   96430     312  481287  6449598  66.88
1950-1954     10-14     0.00053  0.00264  2.56   96118     253  479973  5968311  62.09
1950-1954     15-19     0.00086  0.00432  2.84   95865     414  478427  5488339  57.25
1950-1954     20-24     0.00124  0.00620  2.56   95451     592  475807  5009912  52.49
1950-1954     25-29     0.00140  0.00697  2.54   94859     662  472670  4534104  47.80
1950-1954     30-34     0.00168  0.00838  2.57   94197     789  469068  4061434  43.12
1950-1954     35-39     0.00213  0.01061  2.62   93408     991  464685  3592366  38.46
1950-1954     40-44     0.00310  0.01536  2.66   92417    1420  458760  3127681  33.84
1950-1954     45-49     0.00487  0.02407  2.69   90997    2191  449917  2668921  29.33
1950-1954     50-54     0.00788  0.03867  2.67   88806    3434  436043  2219004  24.99
1950-1954     55-59     0.01230  0.05978  2.65   85372    5104  414892  1782962  20.88
1950-1954     60-64     0.01919  0.09182  2.65   80268    7370  384015  1368069  17.04
1950-1954     65-69     0.03155  0.14673  2.62   72898   10697  339085   984055  13.50
1950-1954     70-74     0.05204  0.23130  2.60   62202   14388  276463   644970  10.37
1950-1954     75-79     0.08672  0.35687  2.52   47814   17063  196768   368506   7.71
1950-1954     80-84     0.14190  0.51845  2.40   30751   15943  112351   171738   5.58
1950-1954     85-89     0.22261  0.68695  2.21   14808   10172   45696    59387   4.01
1950-1954     90-94     0.31892  0.81174  1.98    4636    3763   11799    13691   2.95
1950-1954     95-99     0.45179  0.91163  1.73     873     796    1761     1892   2.17
1950-1954    100-104    0.58425  0.95781  1.49      77      74     126      131   1.70
1950-1954    105-109    0.70668  0.97869  1.31       3       3       5        5   1.41
1950-1954    110+       0.79480  1.00000  1.26       0       0       0        0   1.26
1955-1959        0      0.02404  0.02354  0.11  100000    2354   97917  7070957  70.71
1955-1959      1-4      0.00139  0.00555  1.60   97646     542  389284  6973040  71.41
1955-1959      5-9      0.00056  0.00281  2.35   97104     273  484797  6583755  67.80
1955-1959     10-14     0.00044  0.00222  2.63   96831     215  483643  6098959  62.99
1955-1959     15-19     0.00081  0.00406  2.90   96616     392  482254  5615316  58.12
1955-1959     20-24     0.00116  0.00577  2.48   96223     555  479717  5133062  53.35
1955-1959     25-29     0.00118  0.00589  2.45   95668     564  476906  4653345  48.64
1955-1959     30-34     0.00137  0.00683  2.57   95105     650  473943  4176439  43.91
1955-1959     35-39     0.00181  0.00903  2.68   94455     853  470296  3702496  39.20
1955-1959     40-44     0.00271  0.01348  2.68   93602    1262  465087  3232200  34.53
1955-1959     45-49     0.00442  0.02189  2.69   92340    2021  457036  2767112  29.97
1955-1959     50-54     0.00710  0.03493  2.68   90319    3155  444288  2310077  25.58
1955-1959     55-59     0.01129  0.05502  2.66   87164    4795  424617  1865788  21.41
1955-1959     60-64     0.01810  0.08679  2.64   82368    7149  394935  1441171  17.50
1955-1959     65-69     0.02934  0.13729  2.66   75219   10327  351935  1046236  13.91
1955-1959     70-74     0.04837  0.21684  2.61   64892   14071  290901   694301  10.70
1955-1959     75-79     0.08269  0.34380  2.55   50821   17473  211312   403400   7.94
1955-1959     80-84     0.13452  0.49915  2.42   33349   16646  123744   192088   5.76
1955-1959     85-89     0.21704  0.67844  2.24   16703   11332   52212    68344   4.09
1955-1959     90-94     0.31272  0.81057  2.03    5371    4353   13922    16132   3.00
1955-1959     95-99     0.45051  0.91141  1.73    1017     927    2058     2211   2.17
1955-1959    100-104    0.58749  0.95881  1.49      90      86     147      152   1.69
1955-1959    105-109    0.71360  0.97962  1.30       4       4       5        5   1.40
1955-1959    110+       0.80343  1.00000  1.24       0       0       0        0   1.24
1960-1964        0      0.02129  0.02090  0.11  100000    2090   98135  7158195  71.58
1960-1964      1-4      0.00116  0.00462  1.68   97910     453  390592  7060060  72.11
1960-1964      5-9      0.00051  0.00253  2.21   97458     246  486603  6669469  68.43
1960-1964     10-14     0.00037  0.00184  2.56   97212     179  485621  6182866  63.60
1960-1964     15-19     0.00076  0.00379  2.88   97032     368  484381  5697245  58.71
1960-1964     20-24     0.00107  0.00536  2.42   96665     518  481988  5212864  53.93
1960-1964     25-29     0.00104  0.00517  2.50   96147     497  479488  4730876  49.20
1960-1964     30-34     0.00124  0.00619  2.58   95649     592  476811  4251387  44.45
1960-1964     35-39     0.00165  0.00822  2.62   95057     781  473428  3774576  39.71
1960-1964     40-44     0.00262  0.01303  2.65   94276    1228  468493  3301148  35.02
1960-1964     45-49     0.00407  0.02016  2.70   93047    1875  460927  2832655  30.44
1960-1964     50-54     0.00657  0.03235  2.73   91172    2949  449153  2371728  26.01
1960-1964     55-59     0.01083  0.05280  2.67   88223    4658  430275  1922575  21.79
1960-1964     60-64     0.01742  0.08365  2.65   83565    6991  401388  1492301  17.86
1960-1964     65-69     0.02793  0.13101  2.64   76574   10032  359164  1090913  14.25
1960-1964     70-74     0.04590  0.20693  2.62   66542   13770  299991   731749  11.00
1960-1964     75-79     0.07786  0.32718  2.56   52773   17266  221760   431758   8.18
1960-1964     80-84     0.12905  0.48493  2.44   35506   17218  133422   209998   5.91
1960-1964     85-89     0.20882  0.66322  2.25   18288   12129   58086    76576   4.19
1960-1964     90-94     0.31302  0.80885  2.01    6159    4982   15916    18491   3.00
1960-1964     95-99     0.44719  0.91005  1.74    1177    1071    2396     2575   2.19
1960-1964    100-104    0.58732  0.95894  1.49     106     102     173      179   1.69
1960-1964    105-109    0.71620  0.97999  1.29       4       4       6        6   1.39
1960-1964    110+       0.80747  1.00000  1.24       0       0       0        0   1.24
1965-1969        0      0.01709  0.01683  0.10  100000    1683   98479  7257695  72.58
1965-1969      1-4      0.00095  0.00380  1.68   98317     373  392405  7159216  72.82
1965-1969      5-9      0.00049  0.00247  2.20   97944     242  489043  6766811  69.09
1965-1969     10-14     0.00037  0.00185  2.56   97703     181  488071  6277767  64.25
1965-1969     15-19     0.00070  0.00351  2.90   97522     342  486890  5789696  59.37
1965-1969     20-24     0.00096  0.00478  2.46   97180     464  484719  5302806  54.57
1965-1969     25-29     0.00095  0.00475  2.49   96715     459  482425  4818087  49.82
1965-1969     30-34     0.00106  0.00529  2.58   96256     509  480047  4335661  45.04
1965-1969     35-39     0.00150  0.00750  2.68   95747     718  477072  3855614  40.27
1965-1969     40-44     0.00228  0.01133  2.67   95029    1077  472638  3378542  35.55
1965-1969     45-49     0.00380  0.01882  2.71   93953    1768  465705  2905904  30.93
1965-1969     50-54     0.00622  0.03066  2.69   92184    2826  454388  2440199  26.47
1965-1969     55-59     0.01004  0.04906  2.68   89358    4384  436605  1985810  22.22
1965-1969     60-64     0.01629  0.07844  2.66   84974    6665  409252  1549205  18.23
1965-1969     65-69     0.02697  0.12679  2.64   78309    9929  368109  1139953  14.56
1965-1969     70-74     0.04396  0.19889  2.61   68380   13600  309373   771843  11.29
1965-1969     75-79     0.07389  0.31309  2.56   54780   17151  232110   462470   8.44
1965-1969     80-84     0.12316  0.46891  2.46   37629   17645  143265   230361   6.12
1965-1969     85-89     0.19797  0.64570  2.31   19984   12904   65182    87096   4.36
1965-1969     90-94     0.30243  0.80033  2.06    7080    5667   18737    21914   3.10
1965-1969     95-99     0.43419  0.90335  1.77    1414    1277    2941     3177   2.25
1965-1969    100-104    0.57534  0.95616  1.51     137     131     227      236   1.72
1965-1969    105-109    0.70700  0.97898  1.31       6       6       8        8   1.41
1965-1969    110+       0.80101  1.00000  1.25       0       0       0        0   1.25
1970-1974        0      0.01384  0.01367  0.09  100000    1367   98752  7371231  73.71
1970-1974      1-4      0.00081  0.00323  1.75   98633     319  393817  7272479  73.73
1970-1974      5-9      0.00046  0.00229  2.27   98315     225  490959  6878662  69.97
1970-1974     10-14     0.00035  0.00177  2.61   98090     174  490033  6387702  65.12
1970-1974     15-19     0.00083  0.00417  2.89   97916     408  488721  5897670  60.23
1970-1974     20-24     0.00108  0.00540  2.36   97508     527  486149  5408949  55.47
1970-1974     25-29     0.00086  0.00430  2.49   96981     417  483855  4922800  50.76
1970-1974     30-34     0.00098  0.00487  2.56   96564     470  481670  4438945  45.97
1970-1974     35-39     0.00135  0.00675  2.71   96093     648  478980  3957275  41.18
1970-1974     40-44     0.00218  0.01085  2.70   95445    1035  474846  3478295  36.44
1970-1974     45-49     0.00354  0.01757  2.70   94410    1658  468230  3003449  31.81
1970-1974     50-54     0.00577  0.02849  2.69   92751    2642  457645  2535219  27.33
1970-1974     55-59     0.00908  0.04444  2.68   90109    4005  441254  2077574  23.06
1970-1974     60-64     0.01477  0.07138  2.67   86104    6146  416229  1636320  19.00
1970-1974     65-69     0.02407  0.11395  2.66   79958    9111  378455  1220092  15.26
1970-1974     70-74     0.03982  0.18189  2.62   70847   12886  323589   841637  11.88
1970-1974     75-79     0.06669  0.28731  2.59   57961   16652  249700   518048   8.94
1970-1974     80-84     0.11241  0.43829  2.49   41308   18105  161067   268348   6.50
1970-1974     85-89     0.18276  0.61253  2.31   23203   14213   77769   107281   4.62
1970-1974     90-94     0.28152  0.77351  2.09    8990    6954   24702    29512   3.28
1970-1974     95-99     0.41108  0.89012  1.82    2036    1813    4409     4810   2.36
1970-1974    100-104    0.55294  0.95039  1.55     224     213     385      401   1.79
1970-1974    105-109    0.68874  0.97677  1.33      11      11      16       16   1.45
1970-1974    110+       0.78738  1.00000  1.27       0       0       0        0   1.27
1975-1979        0      0.00978  0.00970  0.08  100000     970   99104  7519069  75.19
1975-1979      1-4      0.00059  0.00236  1.69   99030     234  395582  7419965  74.93
1975-1979      5-9      0.00035  0.00175  2.32   98797     173  493518  7024383  71.10
1975-1979     10-14     0.00030  0.00148  2.67   98623     146  492777  6530865  66.22
1975-1979     15-19     0.00074  0.00368  2.93   98477     363  491637  6038088  61.31
1975-1979     20-24     0.00106  0.00531  2.38   98115     521  489209  5546451  56.53
1975-1979     25-29     0.00089  0.00446  2.46   97594     435  486862  5057241  51.82
1975-1979     30-34     0.00095  0.00474  2.58   97158     461  484675  4570379  47.04
1975-1979     35-39     0.00125  0.00624  2.66   96697     604  482075  4085704  42.25
1975-1979     40-44     0.00194  0.00966  2.73   96094     928  478364  3603629  37.50
1975-1979     45-49     0.00323  0.01604  2.67   95165    1526  472270  3125265  32.84
1975-1979     50-54     0.00534  0.02636  2.71   93639    2469  462537  2652995  28.33
1975-1979     55-59     0.00840  0.04120  2.66   91170    3757  447069  2190459  24.03
1975-1979     60-64     0.01310  0.06357  2.68   87414    5557  424172  1743390  19.94
1975-1979     65-69     0.02167  0.10312  2.65   81857    8441  389473  1319217  16.12
1975-1979     70-74     0.03492  0.16134  2.64   73415   11845  339180   929744  12.66
1975-1979     75-79     0.05864  0.25702  2.60   61571   15825  269866   590564   9.59
1975-1979     80-84     0.09942  0.39880  2.52   45746   18244  183498   320698   7.01
1975-1979     85-89     0.16467  0.57346  2.35   27502   15771   95777   137200   4.99
1975-1979     90-94     0.25736  0.74063  2.13   11731    8688   33759    41423   3.53
1975-1979     95-99     0.38268  0.87146  1.88    3043    2652    6929     7664   2.52
1975-1979    100-104    0.52537  0.94228  1.60     391     369     701      735   1.88
1975-1979    105-109    0.66651  0.97380  1.37      23      22      33       34   1.50
1975-1979    110+       0.77114  1.00000  1.30       1       1       1        1   1.30
1980-1984        0      0.00786  0.00780  0.07  100000     780   99275  7609230  76.09
1980-1984      1-4      0.00050  0.00200  1.57   99220     199  396397  7509956  75.69
1980-1984      5-9      0.00027  0.00135  2.27   99021     133  494741  7113559  71.84
1980-1984     10-14     0.00024  0.00122  2.66   98888     121  494155  6618818  66.93
1980-1984     15-19     0.00071  0.00355  3.02   98767     351  493138  6124664  62.01
1980-1984     20-24     0.00114  0.00568  2.48   98416     559  490669  5631526  57.22
1980-1984     25-29     0.00095  0.00474  2.46   97857     463  488104  5140857  52.53
1980-1984     30-34     0.00090  0.00447  2.56   97393     435  485904  4652753  47.77
1980-1984     35-39     0.00121  0.00604  2.62   96958     585  483398  4166849  42.98
1980-1984     40-44     0.00181  0.00902  2.68   96372     869  479842  3683451  38.22
1980-1984     45-49     0.00298  0.01478  2.71   95504    1411  474282  3203609  33.54
1980-1984     50-54     0.00478  0.02362  2.69   94092    2222  465333  2729327  29.01
1980-1984     55-59     0.00785  0.03856  2.67   91870    3543  451097  2263994  24.64
1980-1984     60-64     0.01253  0.06088  2.66   88327    5377  429044  1812897  20.52
1980-1984     65-69     0.01953  0.09334  2.63   82950    7742  396385  1383853  16.68
1980-1984     70-74     0.03212  0.14929  2.65   75208   11228  349608   987468  13.13
1980-1984     75-79     0.05380  0.23842  2.62   63980   15254  283535   637859   9.97
1980-1984     80-84     0.09346  0.37975  2.53   48726   18503  197985   354324   7.27
1980-1984     85-89     0.15557  0.55333  2.39   30222   16723  107493   156339   5.17
1980-1984     90-94     0.24965  0.73189  2.17   13499    9880   39575    48846   3.62
1980-1984     95-99     0.37529  0.86655  1.89    3619    3136    8357     9270   2.56
1980-1984    100-104    0.52214  0.94157  1.60     483     455     871      913   1.89
1980-1984    105-109    0.66815  0.97421  1.36      28      27      41       42   1.49
1980-1984    110+       0.77597  1.00000  1.29       1       1       1        1   1.29
1985-1989        0      0.00707  0.00702  0.07  100000     702   99346  7723304  77.23
1985-1989      1-4      0.00042  0.00169  1.57   99298     168  396783  7623959  76.78
1985-1989      5-9      0.00019  0.00097  2.46   99130      96  495404  7227176  72.91
1985-1989     10-14     0.00023  0.00114  2.70   99034     113  494908  6731772  67.97
1985-1989     15-19     0.00066  0.00328  2.97   98921     324  493946  6236863  63.05
1985-1989     20-24     0.00102  0.00509  2.53   98597     502  491745  5742918  58.25
1985-1989     25-29     0.00099  0.00492  2.39   98095     483  489211  5251173  53.53
1985-1989     30-34     0.00098  0.00487  2.55   97611     475  486893  4761962  48.78
1985-1989     35-39     0.00117  0.00586  2.61   97136     569  484319  4275069  44.01
1985-1989     40-44     0.00171  0.00852  2.69   96567     823  480933  3790750  39.26
1985-1989     45-49     0.00261  0.01299  2.67   95745    1244  475827  3309817  34.57
1985-1989     50-54     0.00424  0.02098  2.66   94501    1982  467864  2833990  29.99
1985-1989     55-59     0.00701  0.03448  2.66   92518    3190  455124  2366126  25.57
1985-1989     60-64     0.01097  0.05347  2.68   89328    4776  435553  1911002  21.39
1985-1989     65-69     0.01818  0.08719  2.65   84552    7372  405436  1475449  17.45
1985-1989     70-74     0.02837  0.13303  2.66   77180   10267  361873  1070013  13.86
1985-1989     75-79     0.04760  0.21371  2.61   66913   14300  300438   708140  10.58
1985-1989     80-84     0.08331  0.34593  2.55   52613   18200  218479   407702   7.75
1985-1989     85-89     0.14101  0.51749  2.43   34412   17808  126291   189223   5.50
1985-1989     90-94     0.23499  0.70817  2.19   16604   11759   50038    62932   3.79
1985-1989     95-99     0.35909  0.85447  1.93    4846    4140   11530    12894   2.66
1985-1989    100-104    0.50952  0.93765  1.63     705     661    1298     1364   1.93
1985-1989    105-109    0.66137  0.97339  1.38      44      43      65       66   1.51
1985-1989    110+       0.77390  1.00000  1.29       1       1       2        2   1.29
1990-1994        0      0.00611  0.00607  0.07  100000     607   99433  7793437  77.93
1990-1994      1-4      0.00036  0.00145  1.57   99393     144  397222  7694005  77.41
1990-1994      5-9      0.00019  0.00096  2.52   99249      95  496007  7296783  73.52
1990-1994     10-14     0.00019  0.00096  2.66   99153      95  495545  6800776  68.59
1990-1994     15-19     0.00056  0.00282  3.03   99058     279  494744  6305231  63.65
1990-1994     20-24     0.00103  0.00514  2.56   98780     508  492660  5810487  58.82
1990-1994     25-29     0.00107  0.00534  2.49   98272     525  490044  5317828  54.11
1990-1994     30-34     0.00118  0.00590  2.49   97747     577  487285  4827784  49.39
1990-1994     35-39     0.00123  0.00615  2.52   97170     597  484372  4340498  44.67
1990-1994     40-44     0.00175  0.00872  2.63   96573     842  480870  3856127  39.93
1990-1994     45-49     0.00259  0.01287  2.68   95731    1232  475798  3375256  35.26
1990-1994     50-54     0.00396  0.01961  2.67   94499    1853  468169  2899459  30.68
1990-1994     55-59     0.00621  0.03060  2.65   92646    2835  456555  2431290  26.24
1990-1994     60-64     0.00997  0.04870  2.66   89811    4374  438815  1974735  21.99
1990-1994     65-69     0.01636  0.07880  2.66   85437    6732  411435  1535920  17.98
1990-1994     70-74     0.02646  0.12453  2.64   78705    9801  370427  1124486  14.29
1990-1994     75-79     0.04389  0.19867  2.62   68904   13689  311881   754058  10.94
1990-1994     80-84     0.07744  0.32601  2.58   55214   18001  232448   442177   8.01
1990-1994     85-89     0.13562  0.50384  2.45   37214   18750  138255   209729   5.64
1990-1994     90-94     0.22787  0.69898  2.24   18464   12906   56637    71474   3.87
1990-1994     95-99     0.35738  0.85384  1.94    5558    4746   13279    14836   2.67
1990-1994    100-104    0.51420  0.93976  1.62     812     763    1485     1557   1.92
1990-1994    105-109    0.67183  0.97511  1.36      49      48      71       73   1.48
1990-1994    110+       0.78685  1.00000  1.27       1       1       2        2   1.27
1995-1999        0      0.00480  0.00478  0.06  100000     478   99551  7920776  79.21
1995-1999      1-4      0.00028  0.00111  1.59   99522     111  397820  7821225  78.59
1995-1999      5-9      0.00013  0.00066  2.32   99411      66  496879  7423405  74.67
1995-1999     10-14     0.00016  0.00080  2.75   99345      79  496549  6926526  69.72
1995-1999     15-19     0.00048  0.00240  2.85   99266     238  495819  6429977  64.78
1995-1999     20-24     0.00077  0.00382  2.64   99028     379  494248  5934158  59.92
1995-1999     25-29     0.00076  0.00377  2.52   98650     372  492324  5439910  55.14
1995-1999     30-34     0.00091  0.00453  2.57   98278     446  490307  4947586  50.34
1995-1999     35-39     0.00105  0.00525  2.62   97832     514  487939  4457279  45.56
1995-1999     40-44     0.00155  0.00773  2.69   97318     752  484854  3969340  40.79
1995-1999     45-49     0.00232  0.01156  2.70   96566    1116  480266  3484486  36.08
1995-1999     50-54     0.00367  0.01820  2.68   95450    1737  473228  3004220  31.47
1995-1999     55-59     0.00566  0.02794  2.65   93713    2618  462416  2530992  27.01
1995-1999     60-64     0.00890  0.04360  2.68   91095    3972  446264  2068576  22.71
1995-1999     65-69     0.01417  0.06859  2.68   87122    5976  421742  1622312  18.62
1995-1999     70-74     0.02354  0.11157  2.67   81146    9053  384633  1200570  14.80
1995-1999     75-79     0.04028  0.18389  2.63   72093   13257  329105   815937  11.32
1995-1999     80-84     0.07161  0.30539  2.59   58836   17968  250928   486832   8.27
1995-1999     85-89     0.12850  0.48565  2.49   40868   19847  154452   235905   5.77
1995-1999     90-94     0.22699  0.69748  2.24   21020   14661   64589    81453   3.87
1995-1999     95-99     0.35955  0.85661  1.94    6359    5447   15150    16864   2.65
1995-1999    100-104    0.52491  0.94386  1.61     912     861    1640     1714   1.88
1995-1999    105-109    0.68883  0.97758  1.34      51      50      73       74   1.45
1995-1999    110+       0.80533  1.00000  1.24       1       1       1        1   1.24
2000-2004        0      0.00460  0.00458  0.06  100000     458   99570  8043351  80.43
2000-2004      1-4      0.00024  0.00097  1.66   99542      96  397943  7943781  79.80
2000-2004      5-9      0.00010  0.00051  2.51   99446      51  497101  7545838  75.88
2000-2004     10-14     0.00013  0.00067  2.93   99395      66  496836  7048737  70.92
2000-2004     15-19     0.00039  0.00195  3.04   99329     194  496261  6551901  65.96
2000-2004     20-24     0.00058  0.00292  2.42   99134     289  494924  6055639  61.09
2000-2004     25-29     0.00059  0.00295  2.52   98845     292  493502  5560715  56.26
2000-2004     30-34     0.00065  0.00325  2.51   98554     321  491970  5067213  51.42
2000-2004     35-39     0.00088  0.00440  2.62   98233     433  490136  4575242  46.58
2000-2004     40-44     0.00129  0.00643  2.66   97800     629  487530  4085106  41.77
2000-2004     45-49     0.00207  0.01032  2.67   97171    1003  483520  3597576  37.02
2000-2004     50-54     0.00328  0.01627  2.71   96168    1565  477256  3114056  32.38
2000-2004     55-59     0.00521  0.02573  2.68   94603    2434  467361  2636800  27.87
2000-2004     60-64     0.00791  0.03883  2.64   92169    3579  452389  2169439  23.54
2000-2004     65-69     0.01252  0.06080  2.65   88590    5386  430312  1717050  19.38
2000-2004     70-74     0.02050  0.09779  2.66   83204    8137  396965  1286738  15.46
2000-2004     75-79     0.03496  0.16161  2.66   75067   12131  346961   889773  11.85
2000-2004     80-84     0.06556  0.28351  2.62   62936   17843  272166   542812   8.62
2000-2004     85-89     0.12078  0.46351  2.49   45092   20901  173052   270647   6.00
2000-2004     90-94     0.21468  0.67642  2.27   24192   16364   76223    97595   4.03
2000-2004     95-99     0.34752  0.84688  1.97    7828    6629   19076    21371   2.73
2000-2004    100-104    0.51451  0.94066  1.63    1199    1127    2191     2295   1.91
2000-2004    105-109    0.68213  0.97681  1.35      71      69     102      104   1.46
2000-2004    110+       0.80190  1.00000  1.25       2       2       2        2   1.25
2005-2009        0      0.00423  0.00421  0.06  100000     421   99604  8169231  81.69
2005-2009      1-4      0.00016  0.00064  1.54   99579      64  398160  8069627  81.04
2005-2009      5-9      0.00010  0.00051  2.35   99515      51  497443  7671467  77.09
2005-2009     10-14     0.00010  0.00051  2.81   99465      51  497214  7174024  72.13
2005-2009     15-19     0.00033  0.00164  2.92   99414     163  496731  6676810  67.16
2005-2009     20-24     0.00046  0.00230  2.55   99251     228  495697  6180079  62.27
2005-2009     25-29     0.00046  0.00232  2.46   99023     230  494530  5684382  57.40
2005-2009     30-34     0.00051  0.00253  2.66   98793     250  493381  5189852  52.53
2005-2009     35-39     0.00070  0.00352  2.60   98544     347  491887  4696471  47.66
2005-2009     40-44     0.00107  0.00532  2.70   98197     523  489782  4204584  42.82
2005-2009     45-49     0.00178  0.00886  2.70   97675     865  486386  3714803  38.03
2005-2009     50-54     0.00287  0.01428  2.70   96810    1382  480862  3228416  33.35
2005-2009     55-59     0.00461  0.02279  2.67   95427    2174  472066  2747554  28.79
2005-2009     60-64     0.00719  0.03537  2.67   93253    3298  458564  2275488  24.40
2005-2009     65-69     0.01096  0.05341  2.65   89955    4804  438496  1816924  20.20
2005-2009     70-74     0.01773  0.08515  2.68   85151    7250  408946  1378429  16.19
2005-2009     75-79     0.03062  0.14292  2.67   77900   11133  363562   969482  12.45
2005-2009     80-84     0.05808  0.25559  2.65   66767   17065  293802   605920   9.08
2005-2009     85-89     0.11184  0.43784  2.52   49702   21761  194583   312118   6.28
2005-2009     90-94     0.20250  0.65542  2.31   27941   18313   90432   117535   4.21
2005-2009     95-99     0.33499  0.83629  2.01    9628    8052   24035    27103   2.82
2005-2009    100-104    0.50557  0.93798  1.65    1576    1478    2924     3068   1.95
2005-2009    105-109    0.67885  0.97654  1.35      98      95     141      143   1.47
2005-2009    110+       0.80265  1.00000  1.25       2       2       3        3   1.25
2010-2014        0      0.00391  0.00390  0.06  100000     390   99633  8266108  82.66
2010-2014      1-4      0.00013  0.00051  1.72   99610      50  398326  8166475  81.98
2010-2014      5-9      0.00007  0.00037  2.47   99560      37  497706  7768149  78.03
2010-2014     10-14     0.00008  0.00041  2.50   99523      41  497513  7270443  73.05
2010-2014     15-19     0.00024  0.00122  2.89   99482     121  497154  6772930  68.08
2010-2014     20-24     0.00031  0.00155  2.48   99361     154  496415  6275776  63.16
2010-2014     25-29     0.00036  0.00177  2.54   99207     176  495603  5779360  58.26
2010-2014     30-34     0.00042  0.00210  2.62   99031     208  494661  5283758  53.35
2010-2014     35-39     0.00057  0.00285  2.71   98823     282  493471  4789097  48.46
2010-2014     40-44     0.00093  0.00466  2.67   98541     460  491638  4295626  43.59
2010-2014     45-49     0.00151  0.00752  2.67   98082     738  488688  3803988  38.78
2010-2014     50-54     0.00253  0.01257  2.70   97344    1224  483908  3315299  34.06
2010-2014     55-59     0.00416  0.02058  2.66   96120    1978  475969  2831392  29.46
2010-2014     60-64     0.00651  0.03204  2.67   94142    3016  463671  2355423  25.02
2010-2014     65-69     0.01024  0.05000  2.65   91126    4556  444921  1891752  20.76
2010-2014     70-74     0.01595  0.07687  2.66   86570    6655  417264  1446832  16.71
2010-2014     75-79     0.02767  0.13004  2.69   79915   10392  375519  1029567  12.88
2010-2014     80-84     0.05322  0.23670  2.67   69523   16456  309198   654048   9.41
2010-2014     85-89     0.10468  0.41666  2.55   53067   22111  211223   344850   6.50
2010-2014     90-94     0.19476  0.64038  2.33   30956   19823  101783   133627   4.32
2010-2014     95-99     0.32848  0.83064  2.02   11132    9247   28151    31844   2.86
2010-2014    100-104    0.50203  0.93700  1.66    1885    1767    3519     3693   1.96
2010-2014    105-109    0.67898  0.97666  1.35     119     116     171      174   1.47
2010-2014    110+       0.80495  1.00000  1.24       3       3       3        3   1.24
