Chile, Life tables (period 5x5), Total     Last modified: 21-Jun-2013, MPv5 (May07)

  Year          Age         mx       qx    ax      lx      dx      Lx       Tx     ex
1992-1994        0      0.01384  0.01367  0.09  100000    1367   98751  7469323  74.69
1992-1994      1-4      0.00066  0.00265  1.46   98633     261  393869  7370572  74.73
1992-1994      5-9      0.00027  0.00134  2.40   98372     132  491516  6976703  70.92
1992-1994     10-14     0.00029  0.00145  2.68   98240     143  490869  6485187  66.01
1992-1994     15-19     0.00064  0.00318  2.74   98097     312  489781  5994318  61.11
1992-1994     20-24     0.00097  0.00486  2.53   97785     475  487755  5504538  56.29
1992-1994     25-29     0.00114  0.00567  2.51   97310     551  485176  5016783  51.55
1992-1994     30-34     0.00126  0.00630  2.55   96759     609  482300  4531606  46.83
1992-1994     35-39     0.00171  0.00853  2.60   96150     821  478779  4049306  42.11
1992-1994     40-44     0.00239  0.01190  2.63   95329    1135  473959  3570527  37.45
1992-1994     45-49     0.00382  0.01892  2.62   94194    1783  466733  3096568  32.87
1992-1994     50-54     0.00575  0.02835  2.64   92412    2619  455883  2629835  28.46
1992-1994     55-59     0.00899  0.04404  2.66   89792    3954  439711  2173952  24.21
1992-1994     60-64     0.01424  0.06892  2.65   85838    5916  415289  1734241  20.20
1992-1994     65-69     0.02211  0.10517  2.68   79922    8405  380121  1318952  16.50
1992-1994     70-74     0.03605  0.16577  2.58   71517   11856  328915   938831  13.13
1992-1994     75-79     0.05728  0.25149  2.58   59662   15005  261954   609916  10.22
1992-1994     80-84     0.08799  0.36095  2.51   44657   16119  183181   347962   7.79
1992-1994     85-89     0.13790  0.50777  2.40   28538   14491  105087   164781   5.77
1992-1994     90-94     0.20653  0.65615  2.22   14047    9217   44628    59694   4.25
1992-1994     95-99     0.30114  0.79543  2.03    4830    3842   12758    15066   3.12
1992-1994    100-104    0.41711  0.89226  1.79     988     882    2114     2308   2.34
1992-1994    105-109    0.54467  0.94713  1.56     106     101     185      194   1.82
1992-1994    110+       0.64905  1.00000  1.54       6       6       9        9   1.54
1995-1999        0      0.01111  0.01100  0.08  100000    1100   98987  7560235  75.60
1995-1999      1-4      0.00055  0.00218  1.66   98900     216  395094  7461248  75.44
1995-1999      5-9      0.00025  0.00124  2.37   98684     122  493100  7066154  71.60
1995-1999     10-14     0.00027  0.00133  2.71   98562     131  492509  6573055  66.69
1995-1999     15-19     0.00058  0.00289  2.80   98431     285  491530  6080545  61.77
1995-1999     20-24     0.00092  0.00461  2.58   98146     453  489635  5589015  56.95
1995-1999     25-29     0.00105  0.00522  2.57   97694     510  487230  5099381  52.20
1995-1999     30-34     0.00126  0.00630  2.58   97183     612  484436  4612150  47.46
1995-1999     35-39     0.00157  0.00782  2.62   96571     755  481054  4127715  42.74
1995-1999     40-44     0.00231  0.01150  2.66   95816    1102  476500  3646660  38.06
1995-1999     45-49     0.00349  0.01730  2.69   94714    1639  469779  3170160  33.47
1995-1999     50-54     0.00555  0.02739  2.67   93075    2549  459446  2700381  29.01
1995-1999     55-59     0.00852  0.04175  2.64   90526    3779  443720  2240935  24.75
1995-1999     60-64     0.01315  0.06379  2.68   86747    5534  420879  1797215  20.72
1995-1999     65-69     0.02068  0.09852  2.62   81213    8001  386998  1376335  16.95
1995-1999     70-74     0.03330  0.15434  2.64   73212   11299  339346   989338  13.51
1995-1999     75-79     0.05249  0.23281  2.57   61912   14414  274584   649991  10.50
1995-1999     80-84     0.08417  0.34812  2.52   47499   16535  196440   375407   7.90
1995-1999     85-89     0.13576  0.50201  2.41   30963   15544  114497   178968   5.78
1995-1999     90-94     0.21071  0.66679  2.25   15420   10282   48795    64470   4.18
1995-1999     95-99     0.30829  0.80413  2.03    5138    4132   13401    15675   3.05
1995-1999    100-104    0.43193  0.90144  1.77    1006     907    2100     2274   2.26
1995-1999    105-109    0.56647  0.95358  1.52      99      95     167      174   1.75
1995-1999    110+       0.67513  1.00000  1.48       5       5       7        7   1.48
2000-2004        0      0.00871  0.00864  0.07  100000     864   99199  7710962  77.11
2000-2004      1-4      0.00044  0.00177  1.59   99136     175  396123  7611763  76.78
2000-2004      5-9      0.00020  0.00099  2.41   98961      98  494551  7215640  72.91
2000-2004     10-14     0.00023  0.00113  2.72   98863     112  494060  6721090  67.98
2000-2004     15-19     0.00051  0.00256  2.82   98751     253  493205  6227030  63.06
2000-2004     20-24     0.00081  0.00404  2.55   98498     398  491515  5733825  58.21
2000-2004     25-29     0.00093  0.00466  2.54   98100     457  489375  5242310  53.44
2000-2004     30-34     0.00109  0.00544  2.58   97643     531  486931  4752934  48.68
2000-2004     35-39     0.00139  0.00693  2.63   97112     673  483961  4266004  43.93
2000-2004     40-44     0.00197  0.00979  2.65   96438     944  479972  3782043  39.22
2000-2004     45-49     0.00299  0.01486  2.65   95494    1419  474142  3302071  34.58
2000-2004     50-54     0.00466  0.02308  2.69   94076    2171  465373  2827930  30.06
2000-2004     55-59     0.00746  0.03667  2.66   91905    3370  451632  2362557  25.71
2000-2004     60-64     0.01156  0.05623  2.62   88535    4978  430823  1910926  21.58
2000-2004     65-69     0.01842  0.08831  2.67   83556    7378  400581  1480102  17.71
2000-2004     70-74     0.02977  0.13905  2.63   76178   10592  355800  1079521  14.17
2000-2004     75-79     0.04757  0.21351  2.61   65585   14003  294395   723721  11.03
2000-2004     80-84     0.07751  0.32514  2.52   51583   16772  216384   429327   8.32
2000-2004     85-89     0.12396  0.47100  2.45   34811   16396  132268   212943   6.12
2000-2004     90-94     0.19777  0.64434  2.30   18415   11866   59997    80674   4.38
2000-2004     95-99     0.29568  0.79063  2.06    6549    5178   17513    20677   3.16
2000-2004    100-104    0.42185  0.89623  1.79    1371    1229    2913     3165   2.31
2000-2004    105-109    0.56112  0.95246  1.53     142     136     242      252   1.77
2000-2004    110+       0.67414  1.00000  1.48       7       7      10       10   1.48
2005-2008        0      0.00779  0.00773  0.07  100000     773   99281  7799230  77.99
2005-2008      1-4      0.00033  0.00131  1.50   99227     130  396583  7699949  77.60
2005-2008      5-9      0.00017  0.00084  2.46   99097      83  495274  7303366  73.70
2005-2008     10-14     0.00019  0.00097  2.74   99014      96  494851  6808093  68.76
2005-2008     15-19     0.00051  0.00253  2.79   98917     250  494035  6313242  63.82
2005-2008     20-24     0.00072  0.00359  2.60   98668     354  492490  5819207  58.98
2005-2008     25-29     0.00085  0.00424  2.54   98314     416  490544  5326716  54.18
2005-2008     30-34     0.00105  0.00524  2.63   97897     513  488269  4836172  49.40
2005-2008     35-39     0.00129  0.00645  2.61   97384     628  485423  4347903  44.65
2005-2008     40-44     0.00182  0.00905  2.64   96756     876  481718  3862481  39.92
2005-2008     45-49     0.00265  0.01319  2.64   95881    1265  476421  3380762  35.26
2005-2008     50-54     0.00407  0.02018  2.67   94616    1909  468630  2904341  30.70
2005-2008     55-59     0.00651  0.03209  2.71   92707    2975  456719  2435711  26.27
2005-2008     60-64     0.01059  0.05169  2.67   89731    4638  437854  1978992  22.05
2005-2008     65-69     0.01694  0.08145  2.63   85093    6931  409047  1541139  18.11
2005-2008     70-74     0.02630  0.12389  2.67   78162    9684  368241  1132092  14.48
2005-2008     75-79     0.04579  0.20613  2.58   68479   14116  308296   763850  11.15
2005-2008     80-84     0.07696  0.32351  2.54   54363   17587  228534   455554   8.38
2005-2008     85-89     0.12223  0.46541  2.44   36776   17116  140026   227021   6.17
2005-2008     90-94     0.19503  0.63837  2.29   19660   12550   64351    86994   4.42
2005-2008     95-99     0.29281  0.78711  2.06    7110    5596   19112    22643   3.18
2005-2008    100-104    0.41696  0.89318  1.80    1514    1352    3242     3531   2.33
2005-2008    105-109    0.55433  0.95051  1.54     162     154     277      289   1.79
2005-2008    110+       0.66622  1.00000  1.50       8       8      12       12   1.50
