Czech Republic, Life tables (period 5x5), Total     Last modified: 02-Oct-2015, MPv5 (May07)

  Year          Age         mx       qx    ax      lx      dx      Lx       Tx     ex
1950-1954        0      0.04809  0.04626  0.18  100000    4626   96212  6638481  66.38
1950-1954      1-4      0.00213  0.00847  1.42   95374     807  379414  6542268  68.60
1950-1954      5-9      0.00064  0.00320  2.32   94566     303  472018  6162854  65.17
1950-1954     10-14     0.00061  0.00307  2.62   94263     289  470627  5690837  60.37
1950-1954     15-19     0.00113  0.00563  2.80   93974     529  468705  5220210  55.55
1950-1954     20-24     0.00155  0.00771  2.54   93445     721  465452  4751505  50.85
1950-1954     25-29     0.00168  0.00837  2.52   92724     776  461692  4286053  46.22
1950-1954     30-34     0.00197  0.00980  2.59   91948     901  457563  3824361  41.59
1950-1954     35-39     0.00255  0.01267  2.60   91047    1153  452460  3366798  36.98
1950-1954     40-44     0.00357  0.01769  2.65   89893    1590  445735  2914338  32.42
1950-1954     45-49     0.00558  0.02752  2.68   88303    2430  435888  2468603  27.96
1950-1954     50-54     0.00912  0.04465  2.67   85873    3834  420446  2032715  23.67
1950-1954     55-59     0.01429  0.06911  2.65   82039    5670  396857  1612269  19.65
1950-1954     60-64     0.02279  0.10814  2.64   76369    8258  362382  1215412  15.92
1950-1954     65-69     0.03679  0.16911  2.62   68110   11518  313097   853030  12.52
1950-1954     70-74     0.06064  0.26432  2.58   56592   14958  246692   539933   9.54
1950-1954     75-79     0.09984  0.39963  2.50   41634   16638  166645   293241   7.04
1950-1954     80-84     0.16270  0.56928  2.36   24996   14230   87461   126596   5.06
1950-1954     85-89     0.25020  0.73249  2.17   10766    7886   31519    39134   3.63
1950-1954     90-94     0.36340  0.85900  1.93    2880    2474    6808     7615   2.64
1950-1954     95-99     0.49545  0.93089  1.65     406     378     763      807   1.99
1950-1954    100-104    0.62830  0.96708  1.42      28      27      43       44   1.58
1950-1954    105-109    0.74532  0.98286  1.25       1       1       1        1   1.34
1950-1954    110+       0.82646  1.00000  1.21       0       0       0        0   1.21
1955-1959        0      0.02486  0.02432  0.12  100000    2432   97853  6943076  69.43
1955-1959      1-4      0.00126  0.00502  1.50   97568     490  389047  6845223  70.16
1955-1959      5-9      0.00051  0.00255  2.34   97078     248  484730  6456176  66.51
1955-1959     10-14     0.00046  0.00229  2.59   96830     222  483618  5971446  61.67
1955-1959     15-19     0.00090  0.00448  2.85   96609     433  482111  5487827  56.80
1955-1959     20-24     0.00119  0.00593  2.55   96176     570  479484  5005717  52.05
1955-1959     25-29     0.00124  0.00619  2.48   95606     592  476538  4526233  47.34
1955-1959     30-34     0.00149  0.00744  2.61   95014     707  473383  4049694  42.62
1955-1959     35-39     0.00196  0.00973  2.56   94307     918  469301  3576312  37.92
1955-1959     40-44     0.00289  0.01437  2.66   93390    1342  463804  3107011  33.27
1955-1959     45-49     0.00463  0.02291  2.70   92048    2109  455393  2643206  28.72
1955-1959     50-54     0.00803  0.03944  2.70   89939    3547  441526  2187814  24.33
1955-1959     55-59     0.01333  0.06464  2.66   86392    5585  418917  1746288  20.21
1955-1959     60-64     0.02117  0.10079  2.63   80807    8145  384696  1327370  16.43
1955-1959     65-69     0.03458  0.15983  2.64   72662   11614  335850   942674  12.97
1955-1959     70-74     0.05678  0.24972  2.59   61049   15245  268476   606824   9.94
1955-1959     75-79     0.09242  0.37594  2.52   45804   17220  186309   338347   7.39
1955-1959     80-84     0.15093  0.54121  2.39   28584   15470  102496   152038   5.32
1955-1959     85-89     0.23812  0.71338  2.19   13114    9355   39289    49542   3.78
1955-1959     90-94     0.35011  0.84366  1.93    3759    3171    9058    10253   2.73
1955-1959     95-99     0.48354  0.92643  1.67     588     544    1126     1195   2.03
1955-1959    100-104    0.62061  0.96582  1.43      43      42      67       69   1.60
1955-1959    105-109    0.74237  0.98266  1.26       1       1       2        2   1.34
1955-1959    110+       0.82670  1.00000  1.21       0       0       0        0   1.21
1960-1964        0      0.02047  0.02010  0.11  100000    2010   98201  7037712  70.38
1960-1964      1-4      0.00100  0.00398  1.56   97990     390  391008  6939510  70.82
1960-1964      5-9      0.00046  0.00230  2.30   97600     224  487394  6548502  67.10
1960-1964     10-14     0.00036  0.00182  2.58   97376     177  486451  6061108  62.24
1960-1964     15-19     0.00084  0.00417  2.89   97199     405  485138  5574658  57.35
1960-1964     20-24     0.00113  0.00566  2.50   96793     547  482597  5089520  52.58
1960-1964     25-29     0.00115  0.00575  2.53   96246     554  479861  4606922  47.87
1960-1964     30-34     0.00139  0.00693  2.65   95692     663  476905  4127062  43.13
1960-1964     35-39     0.00186  0.00924  2.66   95030     878  473089  3650157  38.41
1960-1964     40-44     0.00281  0.01394  2.65   94152    1312  467671  3177068  33.74
1960-1964     45-49     0.00428  0.02117  2.69   92839    1966  459646  2709396  29.18
1960-1964     50-54     0.00729  0.03585  2.70   90874    3258  446875  2249750  24.76
1960-1964     55-59     0.01244  0.06045  2.70   87615    5297  425909  1802875  20.58
1960-1964     60-64     0.02075  0.09891  2.64   82319    8142  392399  1376966  16.73
1960-1964     65-69     0.03321  0.15388  2.62   74176   11415  343755   984568  13.27
1960-1964     70-74     0.05383  0.23827  2.59   62762   14954  277814   640813  10.21
1960-1964     75-79     0.08806  0.36155  2.53   47808   17285  196286   362998   7.59
1960-1964     80-84     0.14621  0.52956  2.40   30523   16164  110553   166712   5.46
1960-1964     85-89     0.22814  0.69728  2.21   14359   10012   43886    56159   3.91
1960-1964     90-94     0.33727  0.83505  1.98    4347    3630   10762    12274   2.82
1960-1964     95-99     0.46538  0.91834  1.70     717     658    1415     1512   2.11
1960-1964    100-104    0.60068  0.96168  1.47      59      56      94       97   1.65
1960-1964    105-109    0.72378  0.98072  1.28       2       2       3        3   1.38
1960-1964    110+       0.81089  1.00000  1.23       0       0       0        0   1.23
1965-1969        0      0.02231  0.02188  0.11  100000    2188   98054  7005960  70.06
1965-1969      1-4      0.00088  0.00353  1.63   97812     345  390430  6907906  70.62
1965-1969      5-9      0.00043  0.00214  2.42   97467     209  486797  6517476  66.87
1965-1969     10-14     0.00038  0.00192  2.63   97258     187  485848  6030679  62.01
1965-1969     15-19     0.00088  0.00439  2.84   97071     427  484435  5544832  57.12
1965-1969     20-24     0.00118  0.00588  2.52   96645     568  481818  5060397  52.36
1965-1969     25-29     0.00116  0.00580  2.53   96077     557  479010  4578579  47.66
1965-1969     30-34     0.00139  0.00694  2.58   95519     663  475994  4099570  42.92
1965-1969     35-39     0.00192  0.00953  2.66   94857     904  472166  3623575  38.20
1965-1969     40-44     0.00297  0.01475  2.70   93953    1386  466575  3151409  33.54
1965-1969     45-49     0.00475  0.02351  2.66   92567    2176  457734  2684835  29.00
1965-1969     50-54     0.00739  0.03632  2.69   90391    3283  444353  2227101  24.64
1965-1969     55-59     0.01240  0.06029  2.69   87107    5251  423392  1782747  20.47
1965-1969     60-64     0.02120  0.10101  2.66   81856    8268  389951  1359356  16.61
1965-1969     65-69     0.03470  0.16024  2.62   73588   11792  339865   969405  13.17
1965-1969     70-74     0.05526  0.24369  2.58   61796   15059  272507   629539  10.19
1965-1969     75-79     0.08833  0.36205  2.51   46737   16921  191576   357033   7.64
1965-1969     80-84     0.14333  0.52203  2.40   29816   15565  108597   165457   5.55
1965-1969     85-89     0.22311  0.68777  2.21   14251    9801   43931    56860   3.99
1965-1969     90-94     0.32588  0.82130  1.98    4450    3655   11214    12929   2.91
1965-1969     95-99     0.45425  0.91298  1.72     795     726    1598     1715   2.16
1965-1969    100-104    0.58861  0.95896  1.48      69      66     113      117   1.69
1965-1969    105-109    0.71283  0.97949  1.30       3       3       4        4   1.40
1965-1969    110+       0.80186  1.00000  1.25       0       0       0        0   1.25
1970-1974        0      0.02066  0.02028  0.11  100000    2028   98186  6994125  69.94
1970-1974      1-4      0.00072  0.00288  1.69   97972     282  391236  6895939  70.39
1970-1974      5-9      0.00039  0.00196  2.32   97689     192  487933  6504703  66.59
1970-1974     10-14     0.00036  0.00178  2.65   97498     174  487079  6016770  61.71
1970-1974     15-19     0.00083  0.00416  2.82   97324     405  485738  5529691  56.82
1970-1974     20-24     0.00104  0.00521  2.49   96919     505  483325  5043953  52.04
1970-1974     25-29     0.00110  0.00547  2.54   96414     528  480770  4560627  47.30
1970-1974     30-34     0.00134  0.00668  2.62   95886     641  477908  4079857  42.55
1970-1974     35-39     0.00194  0.00966  2.67   95246     920  474084  3601949  37.82
1970-1974     40-44     0.00311  0.01543  2.70   94326    1455  468280  3127865  33.16
1970-1974     45-49     0.00507  0.02508  2.69   92871    2329  458965  2659585  28.64
1970-1974     50-54     0.00835  0.04093  2.64   90542    3706  443969  2200620  24.30
1970-1974     55-59     0.01277  0.06203  2.68   86836    5387  421670  1756652  20.23
1970-1974     60-64     0.02146  0.10218  2.66   81450    8323  387757  1334982  16.39
1970-1974     65-69     0.03564  0.16432  2.63   73127   12017  337142   947224  12.95
1970-1974     70-74     0.05759  0.25258  2.57   61111   15436  268007   610082   9.98
1970-1974     75-79     0.09200  0.37417  2.51   45675   17090  185763   342075   7.49
1970-1974     80-84     0.14652  0.53024  2.40   28585   15157  103442   156311   5.47
1970-1974     85-89     0.22684  0.69428  2.21   13428    9323   41098    52869   3.94
1970-1974     90-94     0.33156  0.82949  1.99    4105    3405   10270    11771   2.87
1970-1974     95-99     0.45720  0.91426  1.72     700     640    1400     1501   2.14
1970-1974    100-104    0.58993  0.95918  1.48      60      58      98      101   1.68
1970-1974    105-109    0.71258  0.97943  1.30       2       2       3        3   1.40
1970-1974    110+       0.80067  1.00000  1.25       0       0       0        0   1.25
1975-1979        0      0.01812  0.01783  0.10  100000    1783   98394  7064420  70.64
1975-1979      1-4      0.00057  0.00229  1.74   98217     225  392362  6966026  70.92
1975-1979      5-9      0.00036  0.00181  2.33   97993     177  489490  6573664  67.08
1975-1979     10-14     0.00031  0.00154  2.56   97815     151  488707  6084174  62.20
1975-1979     15-19     0.00066  0.00332  2.83   97664     324  487620  5595467  57.29
1975-1979     20-24     0.00090  0.00449  2.54   97341     437  485628  5107847  52.47
1975-1979     25-29     0.00096  0.00480  2.52   96904     465  483367  4622219  47.70
1975-1979     30-34     0.00122  0.00610  2.62   96439     588  480794  4138852  42.92
1975-1979     35-39     0.00183  0.00913  2.67   95850     875  477215  3658058  38.16
1975-1979     40-44     0.00297  0.01475  2.69   94975    1401  471635  3180843  33.49
1975-1979     45-49     0.00486  0.02405  2.69   93574    2250  462671  2709207  28.95
1975-1979     50-54     0.00808  0.03965  2.68   91324    3621  448209  2246536  24.60
1975-1979     55-59     0.01319  0.06395  2.64   87703    5608  425259  1798328  20.50
1975-1979     60-64     0.02029  0.09684  2.66   82094    7950  391883  1373069  16.73
1975-1979     65-69     0.03345  0.15498  2.64   74145   11491  343558   981186  13.23
1975-1979     70-74     0.05508  0.24309  2.59   62654   15231  276493   637628  10.18
1975-1979     75-79     0.08911  0.36490  2.52   47423   17305  194205   361135   7.62
1975-1979     80-84     0.14334  0.52206  2.40   30118   15724  109693   166930   5.54
1975-1979     85-89     0.22284  0.68812  2.22   14395    9905   44451    57237   3.98
1975-1979     90-94     0.33403  0.83022  1.97    4489    3727   11158    12786   2.85
1975-1979     95-99     0.45903  0.91544  1.72     762     698    1520     1628   2.14
1975-1979    100-104    0.59533  0.96058  1.47      64      62     104      108   1.67
1975-1979    105-109    0.72061  0.98042  1.29       3       2       3        4   1.38
1975-1979    110+       0.80965  1.00000  1.24       0       0       0        0   1.24
1980-1984        0      0.01500  0.01480  0.09  100000    1480   98654  7069372  70.69
1980-1984      1-4      0.00053  0.00211  1.69   98520     208  393600  6970718  70.75
1980-1984      5-9      0.00034  0.00170  2.33   98312     168  491112  6577119  66.90
1980-1984     10-14     0.00028  0.00138  2.61   98144     135  490399  6086007  62.01
1980-1984     15-19     0.00062  0.00307  2.80   98009     301  489385  5595608  57.09
1980-1984     20-24     0.00081  0.00404  2.62   97708     395  487601  5106223  52.26
1980-1984     25-29     0.00092  0.00461  2.53   97313     449  485460  4618622  47.46
1980-1984     30-34     0.00121  0.00603  2.61   96865     584  482926  4133162  42.67
1980-1984     35-39     0.00182  0.00905  2.67   96281     872  479369  3650236  37.91
1980-1984     40-44     0.00299  0.01486  2.70   95409    1418  473782  3170867  33.23
1980-1984     45-49     0.00510  0.02521  2.71   93991    2370  464532  2697085  28.70
1980-1984     50-54     0.00840  0.04121  2.67   91621    3776  449312  2232553  24.37
1980-1984     55-59     0.01359  0.06586  2.68   87846    5785  425789  1783241  20.30
1980-1984     60-64     0.02192  0.10416  2.62   82060    8547  389966  1357452  16.54
1980-1984     65-69     0.03362  0.15571  2.63   73513   11447  340486   967487  13.16
1980-1984     70-74     0.05514  0.24331  2.59   62066   15102  273881   627001  10.10
1980-1984     75-79     0.09098  0.37122  2.52   46965   17434  191628   353120   7.52
1980-1984     80-84     0.14655  0.52989  2.39   29531   15648  106775   161492   5.47
1980-1984     85-89     0.22518  0.69111  2.21   13883    9595   42608    54717   3.94
1980-1984     90-94     0.33718  0.83427  1.97    4288    3578   10610    12109   2.82
1980-1984     95-99     0.46518  0.91836  1.71     711     653    1403     1499   2.11
1980-1984    100-104    0.60199  0.96206  1.46      58      56      93       96   1.65
1980-1984    105-109    0.72687  0.98111  1.28       2       2       3        3   1.37
1980-1984    110+       0.81505  1.00000  1.23       0       0       0        0   1.23
1985-1989        0      0.01162  0.01150  0.08  100000    1150   98943  7140986  71.41
1985-1989      1-4      0.00046  0.00184  1.72   98850     182  394986  7042042  71.24
1985-1989      5-9      0.00028  0.00140  2.44   98669     138  492989  6647056  67.37
1985-1989     10-14     0.00024  0.00120  2.62   98531     119  492372  6154067  62.46
1985-1989     15-19     0.00057  0.00283  2.87   98412     279  491466  5661695  57.53
1985-1989     20-24     0.00076  0.00379  2.61   98133     372  489775  5170229  52.69
1985-1989     25-29     0.00082  0.00410  2.62   97761     401  487849  4680454  47.88
1985-1989     30-34     0.00111  0.00556  2.64   97360     541  485526  4192605  43.06
1985-1989     35-39     0.00175  0.00873  2.73   96819     845  482177  3707079  38.29
1985-1989     40-44     0.00303  0.01507  2.68   95974    1446  476511  3224902  33.60
1985-1989     45-49     0.00503  0.02484  2.69   94528    2348  467220  2748391  29.07
1985-1989     50-54     0.00814  0.03997  2.68   92180    3684  452358  2281171  24.75
1985-1989     55-59     0.01317  0.06388  2.67   88496    5653  429307  1828813  20.67
1985-1989     60-64     0.02110  0.10049  2.64   82843    8325  394603  1399506  16.89
1985-1989     65-69     0.03340  0.15455  2.59   74517   11516  344833  1004903  13.49
1985-1989     70-74     0.05189  0.23073  2.60   63001   14537  280127   660069  10.48
1985-1989     75-79     0.08466  0.35004  2.53   48465   16965  200380   379942   7.84
1985-1989     80-84     0.13749  0.50713  2.41   31500   15975  116186   179562   5.70
1985-1989     85-89     0.21626  0.67541  2.22   15525   10486   48488    63376   4.08
1985-1989     90-94     0.31923  0.81766  2.02    5039    4120   12908    14888   2.95
1985-1989     95-99     0.45445  0.91356  1.73     919     839    1847     1980   2.15
1985-1989    100-104    0.59418  0.96050  1.48      79      76     128      133   1.67
1985-1989    105-109    0.72258  0.98072  1.29       3       3       4        4   1.38
1985-1989    110+       0.81328  1.00000  1.23       0       0       0        0   1.23
1990-1994        0      0.00949  0.00941  0.07  100000     941   99130  7230435  72.30
1990-1994      1-4      0.00043  0.00170  1.65   99059     168  395842  7131306  71.99
1990-1994      5-9      0.00024  0.00118  2.43   98891     117  494155  6735464  68.11
1990-1994     10-14     0.00023  0.00114  2.63   98774     112  493605  6241309  63.19
1990-1994     15-19     0.00059  0.00297  2.87   98662     293  492686  5747704  58.26
1990-1994     20-24     0.00083  0.00413  2.50   98369     406  490831  5255017  53.42
1990-1994     25-29     0.00086  0.00428  2.56   97963     419  488794  4764186  48.63
1990-1994     30-34     0.00113  0.00564  2.65   97544     550  486426  4275392  43.83
1990-1994     35-39     0.00175  0.00871  2.73   96994     845  483047  3788967  39.06
1990-1994     40-44     0.00290  0.01443  2.72   96149    1387  477581  3305920  34.38
1990-1994     45-49     0.00496  0.02450  2.69   94762    2322  468435  2828339  29.85
1990-1994     50-54     0.00772  0.03789  2.67   92440    3503  454027  2359904  25.53
1990-1994     55-59     0.01237  0.06009  2.66   88937    5344  432191  1905877  21.43
1990-1994     60-64     0.01942  0.09285  2.64   83593    7761  399638  1473686  17.63
1990-1994     65-69     0.03033  0.14148  2.63   75832   10729  353687  1074048  14.16
1990-1994     70-74     0.04723  0.21180  2.57   65103   13789  291982   720361  11.06
1990-1994     75-79     0.07628  0.32143  2.55   51314   16494  216225   428380   8.35
1990-1994     80-84     0.12354  0.46952  2.45   34820   16349  132337   212155   6.09
1990-1994     85-89     0.19933  0.64636  2.28   18471   11939   59896    79818   4.32
1990-1994     90-94     0.30738  0.80282  2.03    6532    5244   17061    19922   3.05
1990-1994     95-99     0.43953  0.90667  1.76    1288    1168    2657     2861   2.22
1990-1994    100-104    0.58587  0.95897  1.49     120     115     197      204   1.69
1990-1994    105-109    0.72112  0.98071  1.29       5       5       7        7   1.38
1990-1994    110+       0.81598  1.00000  1.23       0       0       0        0   1.23
1995-1999        0      0.00583  0.00580  0.06  100000     580   99457  7403636  74.04
1995-1999      1-4      0.00034  0.00135  1.58   99420     134  397354  7304179  73.47
1995-1999      5-9      0.00020  0.00101  2.50   99286     101  496176  6906825  69.57
1995-1999     10-14     0.00019  0.00097  2.65   99185      96  495698  6410648  64.63
1995-1999     15-19     0.00053  0.00266  2.88   99089     264  494884  5914950  59.69
1995-1999     20-24     0.00070  0.00349  2.54   98825     345  493276  5420066  54.85
1995-1999     25-29     0.00074  0.00369  2.54   98480     364  491502  4926790  50.03
1995-1999     30-34     0.00095  0.00473  2.62   98116     464  489475  4435289  45.20
1995-1999     35-39     0.00148  0.00736  2.72   97652     719  486622  3945814  40.41
1995-1999     40-44     0.00251  0.01250  2.71   96934    1211  481890  3459192  35.69
1995-1999     45-49     0.00420  0.02079  2.70   95722    1990  474025  2977302  31.10
1995-1999     50-54     0.00692  0.03404  2.68   93732    3191  461250  2503277  26.71
1995-1999     55-59     0.01063  0.05186  2.65   90542    4696  441664  2042027  22.55
1995-1999     60-64     0.01680  0.08080  2.64   85846    6936  412829  1600364  18.64
1995-1999     65-69     0.02604  0.12261  2.62   78910    9675  371509  1187535  15.05
1995-1999     70-74     0.04176  0.18989  2.62   69235   13147  314825   816026  11.79
1995-1999     75-79     0.06695  0.28739  2.54   56088   16119  240779   501201   8.94
1995-1999     80-84     0.11120  0.43442  2.48   39969   17363  156149   260422   6.52
1995-1999     85-89     0.18191  0.61218  2.33   22605   13839   76075   104273   4.61
1995-1999     90-94     0.28844  0.78412  2.09    8767    6874   23833    28199   3.22
1995-1999     95-99     0.42149  0.89717  1.80    1893    1698    4028     4366   2.31
1995-1999    100-104    0.57191  0.95588  1.52     195     186     325      337   1.73
1995-1999    105-109    0.71299  0.97993  1.30       9       8      12       12   1.40
1995-1999    110+       0.81229  1.00000  1.23       0       0       0        0   1.23
2000-2004        0      0.00403  0.00402  0.06  100000     402   99622  7540888  75.41
2000-2004      1-4      0.00025  0.00101  1.61   99598     101  398153  7441265  74.71
2000-2004      5-9      0.00015  0.00075  2.44   99498      74  497298  7043112  70.79
2000-2004     10-14     0.00016  0.00080  2.70   99423      80  496933  6545814  65.84
2000-2004     15-19     0.00046  0.00230  2.92   99343     229  496241  6048881  60.89
2000-2004     20-24     0.00067  0.00335  2.52   99115     332  494750  5552641  56.02
2000-2004     25-29     0.00066  0.00329  2.53   98783     325  493111  5057891  51.20
2000-2004     30-34     0.00083  0.00416  2.64   98458     409  491324  4564780  46.36
2000-2004     35-39     0.00125  0.00625  2.66   98049     613  488807  4073456  41.55
2000-2004     40-44     0.00216  0.01074  2.71   97436    1046  484784  3584648  36.79
2000-2004     45-49     0.00376  0.01866  2.71   96389    1799  477828  3099865  32.16
2000-2004     50-54     0.00616  0.03038  2.67   94590    2874  466268  2622037  27.72
2000-2004     55-59     0.00971  0.04747  2.66   91717    4354  448403  2155769  23.50
2000-2004     60-64     0.01465  0.07078  2.63   87363    6184  422138  1707366  19.54
2000-2004     65-69     0.02282  0.10829  2.64   81179    8791  385188  1285228  15.83
2000-2004     70-74     0.03614  0.16636  2.62   72388   12043  333258   900040  12.43
2000-2004     75-79     0.06010  0.26240  2.58   60346   15834  263480   566782   9.39
2000-2004     80-84     0.10251  0.40760  2.49   44511   18143  176987   303302   6.81
2000-2004     85-89     0.17263  0.59310  2.36   26368   15639   90596   126315   4.79
2000-2004     90-94     0.27674  0.77038  2.12   10729    8266   29867    35719   3.33
2000-2004     95-99     0.40810  0.88922  1.83    2464    2191    5368     5852   2.38
2000-2004    100-104    0.55892  0.95258  1.54     273     260     465      484   1.77
2000-2004    105-109    0.70233  0.97872  1.32      13      13      18       18   1.42
2000-2004    110+       0.80431  1.00000  1.24       0       0       0        0   1.24
2005-2009        0      0.00315  0.00314  0.06  100000     314   99704  7683920  76.84
2005-2009      1-4      0.00019  0.00074  1.64   99686      74  398568  7584216  76.08
2005-2009      5-9      0.00011  0.00057  2.52   99612      56  497918  7185648  72.14
2005-2009     10-14     0.00015  0.00074  2.63   99555      73  497603  6687730  67.18
2005-2009     15-19     0.00038  0.00189  2.95   99482     188  497024  6190127  62.22
2005-2009     20-24     0.00059  0.00293  2.52   99294     291  495748  5693103  57.34
2005-2009     25-29     0.00059  0.00296  2.54   99003     293  494293  5197355  52.50
2005-2009     30-34     0.00074  0.00368  2.64   98710     364  492691  4703061  47.65
2005-2009     35-39     0.00111  0.00552  2.74   98346     542  490508  4210370  42.81
2005-2009     40-44     0.00184  0.00914  2.71   97804     894  486970  3719862  38.03
2005-2009     45-49     0.00318  0.01578  2.76   96910    1529  481122  3232892  33.36
2005-2009     50-54     0.00539  0.02661  2.69   95381    2538  471041  2751770  28.85
2005-2009     55-59     0.00872  0.04271  2.67   92843    3965  454975  2280729  24.57
2005-2009     60-64     0.01352  0.06550  2.64   88878    5822  430658  1825755  20.54
2005-2009     65-69     0.01981  0.09460  2.62   83056    7857  396594  1395097  16.80
2005-2009     70-74     0.03084  0.14372  2.63   75199   10807  350424   998503  13.28
2005-2009     75-79     0.05179  0.23047  2.61   64392   14840  286522   648079  10.06
2005-2009     80-84     0.09052  0.37058  2.56   49551   18363  202863   361557   7.30
2005-2009     85-89     0.15702  0.55593  2.37   31189   17339  110421   158694   5.09
2005-2009     90-94     0.26074  0.74944  2.16   13850   10380   39808    48273   3.49
2005-2009     95-99     0.39589  0.88209  1.86    3470    3061    7732     8465   2.44
2005-2009    100-104    0.55279  0.95132  1.55     409     389     704      732   1.79
2005-2009    105-109    0.70274  0.97893  1.32      20      20      28       28   1.42
2005-2009    110+       0.80860  1.00000  1.24       0       0       1        1   1.24
2010-2014        0      0.00255  0.00255  0.06  100000     255   99760  7805831  78.06
2010-2014      1-4      0.00016  0.00063  1.68   99745      62  398837  7706071  77.26
2010-2014      5-9      0.00009  0.00046  2.43   99683      46  498296  7307234  73.30
2010-2014     10-14     0.00011  0.00054  2.59   99637      54  498053  6808938  68.34
2010-2014     15-19     0.00035  0.00175  2.97   99583     174  497559  6310885  63.37
2010-2014     20-24     0.00051  0.00254  2.53   99408     252  496417  5813326  58.48
2010-2014     25-29     0.00053  0.00267  2.56   99156     265  495132  5316909  53.62
2010-2014     30-34     0.00066  0.00329  2.62   98891     325  493681  4821777  48.76
2010-2014     35-39     0.00094  0.00470  2.69   98566     463  491758  4328096  43.91
2010-2014     40-44     0.00159  0.00790  2.73   98103     775  488759  3836338  39.11
2010-2014     45-49     0.00267  0.01328  2.69   97328    1292  483660  3347579  34.39
2010-2014     50-54     0.00455  0.02253  2.72   96036    2164  475244  2863919  29.82
2010-2014     55-59     0.00759  0.03729  2.68   93872    3500  461247  2388676  25.45
2010-2014     60-64     0.01221  0.05935  2.65   90372    5364  439279  1927428  21.33
2010-2014     65-69     0.01870  0.08953  2.62   85008    7611  406909  1488149  17.51
2010-2014     70-74     0.02770  0.12988  2.61   77397   10053  362968  1081240  13.97
2010-2014     75-79     0.04546  0.20515  2.62   67345   13816  303902   718271  10.67
2010-2014     80-84     0.08084  0.33805  2.58   53529   18096  223837   414369   7.74
2010-2014     85-89     0.14516  0.52876  2.43   35433   18736  129072   190532   5.38
2010-2014     90-94     0.24202  0.71948  2.18   16697   12013   49639    61461   3.68
2010-2014     95-99     0.38071  0.87220  1.89    4684    4085   10731    11822   2.52
2010-2014    100-104    0.54243  0.94877  1.57     599     568    1047     1091   1.82
2010-2014    105-109    0.69897  0.97864  1.32      31      30      43       44   1.43
2010-2014    110+       0.80936  1.00000  1.24       1       1       1        1   1.24
