Germany, Life tables (period 5x5), Total	Last modified: 29 Mar 2017, MPv5 (May07)

  Year          Age         mx       qx    ax      lx      dx      Lx       Tx     ex
1990-1994        0      0.00623  0.00620  0.07  100000     620   99421  7586572  75.87
1990-1994      1-4      0.00037  0.00148  1.64   99380     147  397174  7487151  75.34
1990-1994      5-9      0.00018  0.00092  2.36   99233      91  495925  7089977  71.45
1990-1994     10-14     0.00018  0.00090  2.65   99142      89  495500  6594053  66.51
1990-1994     15-19     0.00056  0.00278  2.98   99053     275  494708  6098553  61.57
1990-1994     20-24     0.00074  0.00368  2.47   98778     363  492970  5603845  56.73
1990-1994     25-29     0.00077  0.00386  2.57   98415     380  491149  5110875  51.93
1990-1994     30-34     0.00105  0.00522  2.65   98034     512  488968  4619726  47.12
1990-1994     35-39     0.00152  0.00759  2.65   97522     740  485874  4130759  42.36
1990-1994     40-44     0.00226  0.01124  2.65   96783    1088  481355  3644885  37.66
1990-1994     45-49     0.00350  0.01736  2.67   95695    1661  474606  3163530  33.06
1990-1994     50-54     0.00542  0.02674  2.66   94034    2515  464282  2688924  28.60
1990-1994     55-59     0.00863  0.04230  2.68   91519    3871  448621  2224642  24.31
1990-1994     60-64     0.01380  0.06682  2.64   87648    5857  424423  1776020  20.26
1990-1994     65-69     0.02036  0.09710  2.63   81792    7942  390099  1351597  16.52
1990-1994     70-74     0.03269  0.15167  2.62   73850   11201  342639   961498  13.02
1990-1994     75-79     0.05474  0.24206  2.61   62649   15165  277030   618859   9.88
1990-1994     80-84     0.09426  0.38232  2.53   47484   18154  192602   341829   7.20
1990-1994     85-89     0.15953  0.56216  2.37   29330   16488  103355   149227   5.09
1990-1994     90-94     0.25349  0.73612  2.15   12842    9453   37293    45872   3.57
1990-1994     95-99     0.38023  0.87022  1.88    3389    2949    7756     8579   2.53
1990-1994    100-104    0.52762  0.94335  1.60     440     415     786      823   1.87
1990-1994    105-109    0.67323  0.97493  1.36      25      24      36       37   1.48
1990-1994    110+       0.78018  1.00000  1.28       1       1       1        1   1.28
1995-1999        0      0.00487  0.00485  0.06  100000     485   99545  7718329  77.18
1995-1999      1-4      0.00028  0.00111  1.61   99515     111  397797  7618783  76.56
1995-1999      5-9      0.00013  0.00067  2.39   99405      66  496851  7220986  72.64
1995-1999     10-14     0.00015  0.00073  2.76   99338      73  496529  6724136  67.69
1995-1999     15-19     0.00052  0.00258  3.01   99266     256  495818  6227606  62.74
1995-1999     20-24     0.00066  0.00329  2.45   99009     326  494215  5731788  57.89
1995-1999     25-29     0.00065  0.00324  2.57   98684     320  492639  5237574  53.07
1995-1999     30-34     0.00082  0.00412  2.64   98363     405  490862  4744935  48.24
1995-1999     35-39     0.00128  0.00637  2.69   97959     624  488349  4254072  43.43
1995-1999     40-44     0.00208  0.01034  2.69   97335    1007  484345  3765723  38.69
1995-1999     45-49     0.00319  0.01582  2.65   96328    1524  478064  3281379  34.06
1995-1999     50-54     0.00492  0.02434  2.65   94804    2307  468607  2803314  29.57
1995-1999     55-59     0.00741  0.03643  2.66   92497    3370  454592  2334707  25.24
1995-1999     60-64     0.01197  0.05822  2.67   89127    5189  433549  1880116  21.09
1995-1999     65-69     0.01925  0.09205  2.64   83937    7726  401430  1446566  17.23
1995-1999     70-74     0.02939  0.13737  2.63   76211   10469  356214  1045137  13.71
1995-1999     75-79     0.04860  0.21763  2.60   65742   14307  294391   688922  10.48
1995-1999     80-84     0.08431  0.34953  2.56   51434   17978  213244   394531   7.67
1995-1999     85-89     0.14434  0.52621  2.43   33457   17605  121970   181287   5.42
1995-1999     90-94     0.23872  0.71554  2.20   15851   11342   47513    59317   3.74
1995-1999     95-99     0.36588  0.85984  1.92    4509    3877   10597    11804   2.62
1995-1999    100-104    0.51624  0.93990  1.62     632     594    1151     1207   1.91
1995-1999    105-109    0.66662  0.97412  1.37      38      37      56       57   1.49
1995-1999    110+       0.77745  1.00000  1.29       1       1       1        1   1.29
2000-2004        0      0.00422  0.00420  0.06  100000     420   99605  7851995  78.52
2000-2004      1-4      0.00023  0.00093  1.57   99580      93  398094  7752390  77.85
2000-2004      5-9      0.00011  0.00055  2.38   99487      54  497292  7354296  73.92
2000-2004     10-14     0.00013  0.00063  2.73   99433      62  497022  6857004  68.96
2000-2004     15-19     0.00042  0.00208  3.00   99370     207  496437  6359983  64.00
2000-2004     20-24     0.00056  0.00278  2.44   99163     276  495110  5863546  59.13
2000-2004     25-29     0.00054  0.00268  2.53   98887     265  493782  5368436  54.29
2000-2004     30-34     0.00065  0.00326  2.64   98622     321  492353  4874654  49.43
2000-2004     35-39     0.00102  0.00509  2.70   98301     500  490354  4382301  44.58
2000-2004     40-44     0.00176  0.00876  2.72   97801     856  487050  3891948  39.79
2000-2004     45-49     0.00295  0.01465  2.68   96944    1420  481425  3404898  35.12
2000-2004     50-54     0.00450  0.02227  2.66   95524    2127  472635  2923472  30.60
2000-2004     55-59     0.00678  0.03336  2.65   93397    3115  459670  2450837  26.24
2000-2004     60-64     0.01014  0.04950  2.64   90281    4469  440880  1991167  22.06
2000-2004     65-69     0.01630  0.07853  2.67   85813    6739  413331  1550287  18.07
2000-2004     70-74     0.02675  0.12578  2.63   79074    9946  371825  1136956  14.38
2000-2004     75-79     0.04295  0.19484  2.62   69128   13469  313584   765130  11.07
2000-2004     80-84     0.07547  0.31881  2.57   55659   17745  235134   451546   8.11
2000-2004     85-89     0.13296  0.49727  2.47   37914   18854  141801   216412   5.71
2000-2004     90-94     0.22468  0.69306  2.24   19061   13210   58796    74611   3.91
2000-2004     95-99     0.35240  0.84944  1.95    5850    4970   14102    15815   2.70
2000-2004    100-104    0.50640  0.93685  1.64     881     825    1630     1713   1.95
2000-2004    105-109    0.66217  0.97363  1.37      56      54      82       84   1.50
2000-2004    110+       0.77707  1.00000  1.29       1       1       2        2   1.29
2005-2009        0      0.00372  0.00370  0.06  100000     370   99651  7966663  79.67
2005-2009      1-4      0.00020  0.00078  1.61   99630      78  398332  7867011  78.96
2005-2009      5-9      0.00009  0.00046  2.36   99552      46  497636  7468679  75.02
2005-2009     10-14     0.00011  0.00053  2.77   99505      53  497409  6971043  70.06
2005-2009     15-19     0.00030  0.00152  2.93   99453     152  496950  6473634  65.09
2005-2009     20-24     0.00042  0.00211  2.49   99301     209  495981  5976684  60.19
2005-2009     25-29     0.00045  0.00227  2.54   99092     225  494906  5480703  55.31
2005-2009     30-34     0.00056  0.00282  2.61   98867     279  493670  4985797  50.43
2005-2009     35-39     0.00083  0.00412  2.69   98588     407  492003  4492126  45.56
2005-2009     40-44     0.00142  0.00709  2.73   98182     696  489326  4000123  40.74
2005-2009     45-49     0.00255  0.01269  2.71   97486    1237  484599  3510797  36.01
2005-2009     50-54     0.00417  0.02065  2.67   96248    1987  476612  3026198  31.44
2005-2009     55-59     0.00631  0.03109  2.65   94261    2930  464408  2549586  27.05
2005-2009     60-64     0.00944  0.04616  2.63   91331    4216  446645  2085178  22.83
2005-2009     65-69     0.01397  0.06763  2.64   87115    5892  421683  1638533  18.81
2005-2009     70-74     0.02285  0.10846  2.67   81223    8809  385587  1216849  14.98
2005-2009     75-79     0.03959  0.18101  2.64   72413   13108  331101   831262  11.48
2005-2009     80-84     0.06944  0.29750  2.59   59306   17643  254072   500161   8.43
2005-2009     85-89     0.12550  0.47643  2.47   41662   19849  158159   246089   5.91
2005-2009     90-94     0.21592  0.67975  2.28   21813   14828   68672    87931   4.03
2005-2009     95-99     0.34412  0.84299  1.97    6986    5889   17113    19259   2.76
2005-2009    100-104    0.50310  0.93612  1.65    1097    1027    2041     2146   1.96
2005-2009    105-109    0.66461  0.97418  1.37      70      68     103      105   1.50
2005-2009    110+       0.78290  1.00000  1.28       2       2       2        2   1.28
2010-2014        0      0.00339  0.00338  0.06  100000     338   99682  8046796  80.47
2010-2014      1-4      0.00016  0.00065  1.61   99662      65  398494  7947115  79.74
2010-2014      5-9      0.00008  0.00042  2.39   99597      42  497878  7548620  75.79
2010-2014     10-14     0.00009  0.00044  2.75   99556      44  497679  7050742  70.82
2010-2014     15-19     0.00025  0.00125  2.93   99512     124  497301  6553063  65.85
2010-2014     20-24     0.00036  0.00178  2.54   99387     177  496501  6055762  60.93
2010-2014     25-29     0.00041  0.00203  2.59   99210     201  495566  5559261  56.04
2010-2014     30-34     0.00053  0.00263  2.64   99009     260  494432  5063695  51.14
2010-2014     35-39     0.00075  0.00374  2.68   98749     369  492891  4569262  46.27
2010-2014     40-44     0.00122  0.00610  2.72   98380     600  490529  4076372  41.43
2010-2014     45-49     0.00214  0.01066  2.73   97780    1042  486532  3585842  36.67
2010-2014     50-54     0.00377  0.01870  2.70   96737    1809  479536  3099310  32.04
2010-2014     55-59     0.00601  0.02962  2.66   94929    2812  468076  2619775  27.60
2010-2014     60-64     0.00915  0.04477  2.64   92116    4124  450844  2151698  23.36
2010-2014     65-69     0.01349  0.06537  2.62   87992    5752  426286  1700855  19.33
2010-2014     70-74     0.02037  0.09718  2.64   82240    7992  392358  1274569  15.50
2010-2014     75-79     0.03535  0.16331  2.67   74248   12125  343023   882211  11.88
2010-2014     80-84     0.06534  0.28273  2.62   62123   17564  268786   539188   8.68
2010-2014     85-89     0.11941  0.45986  2.50   44559   20491  171599   270402   6.07
2010-2014     90-94     0.20986  0.66754  2.27   24068   16066   76558    98803   4.11
2010-2014     95-99     0.34037  0.84042  1.99    8002    6725   19758    22245   2.78
2010-2014    100-104    0.50530  0.93739  1.65    1277    1197    2369     2487   1.95
2010-2014    105-109    0.67258  0.97550  1.36      80      78     116      118   1.48
2010-2014    110+       0.79343  1.00000  1.26       2       2       2        2   1.26
