Denmark, Life tables (period 5x5), Total     Last modified: 16-Nov-2015, MPv5 (May07)

  Year          Age         mx       qx    ax      lx      dx      Lx       Tx     ex
1835-1839        0      0.20215  0.17831  0.34  100000   17831   88210  4092857  40.93
1835-1839      1-4      0.02898  0.10797  1.46   82169    8872  306150  4004646  48.74
1835-1839      5-9      0.00894  0.04365  2.29   73297    3200  357815  3698496  50.46
1835-1839     10-14     0.00570  0.02806  2.36   70097    1967  345300  3340681  47.66
1835-1839     15-19     0.00552  0.02722  2.58   68130    1854  336170  2995381  43.97
1835-1839     20-24     0.00769  0.03777  2.59   66276    2503  325337  2659211  40.12
1835-1839     25-29     0.00833  0.04082  2.51   63772    2603  312373  2333874  36.60
1835-1839     30-34     0.00966  0.04717  2.56   61169    2885  298807  2021501  33.05
1835-1839     35-39     0.01212  0.05884  2.55   58284    3429  283015  1722695  29.56
1835-1839     40-44     0.01324  0.06408  2.52   54855    3515  265549  1439680  26.25
1835-1839     45-49     0.01713  0.08223  2.58   51340    4222  246501  1174131  22.87
1835-1839     50-54     0.02071  0.09849  2.52   47118    4641  224091   927630  19.69
1835-1839     55-59     0.02683  0.12597  2.58   42477    5351  199450   703539  16.56
1835-1839     60-64     0.03938  0.17973  2.57   37126    6673  169442   504089  13.58
1835-1839     65-69     0.05446  0.23990  2.52   30453    7306  134141   334646  10.99
1835-1839     70-74     0.07951  0.33150  2.49   23148    7673   96514   200505   8.66
1835-1839     75-79     0.11088  0.43098  2.42   15474    6669   60147   103992   6.72
1835-1839     80-84     0.17165  0.58935  2.34    8805    5189   30233    43844   4.98
1835-1839     85-89     0.24705  0.72043  2.11    3616    2605   10544    13612   3.76
1835-1839     90-94     0.31432  0.80604  1.98    1011     815    2592     3068   3.03
1835-1839     95-99     0.40234  0.87970  1.80     196     172     429      476   2.43
1835-1839    100-104    0.49691  0.92838  1.63      24      22      44       47   1.99
1835-1839    105-109    0.59165  0.95759  1.47       2       2       3        3   1.68
1835-1839    110+       0.66635  1.00000  1.50       0       0       0        0   1.50
1840-1844        0      0.20317  0.17911  0.34  100000   17911   88158  4280771  42.81
1840-1844      1-4      0.02262  0.08555  1.45   82089    7023  310435  4192613  51.07
1840-1844      5-9      0.00750  0.03680  2.37   75066    2762  368074  3882178  51.72
1840-1844     10-14     0.00514  0.02534  2.37   72304    1832  356697  3514104  48.60
1840-1844     15-19     0.00555  0.02741  2.62   70472    1932  347756  3157407  44.80
1840-1844     20-24     0.00737  0.03617  2.53   68540    2479  336585  2809652  40.99
1840-1844     25-29     0.00758  0.03718  2.52   66061    2456  324206  2473066  37.44
1840-1844     30-34     0.00879  0.04302  2.56   63604    2736  311339  2148860  33.78
1840-1844     35-39     0.01046  0.05098  2.54   60868    3103  296711  1837521  30.19
1840-1844     40-44     0.01273  0.06173  2.56   57765    3566  280140  1540810  26.67
1840-1844     45-49     0.01535  0.07397  2.54   54199    4009  261123  1260670  23.26
1840-1844     50-54     0.01937  0.09252  2.57   50190    4644  239686   999547  19.92
1840-1844     55-59     0.02562  0.12065  2.59   45546    5495  214487   759862  16.68
1840-1844     60-64     0.03828  0.17501  2.55   40051    7009  183117   545375  13.62
1840-1844     65-69     0.05280  0.23394  2.57   33042    7730  146406   362258  10.96
1840-1844     70-74     0.08220  0.34046  2.48   25312    8618  104842   215852   8.53
1840-1844     75-79     0.11449  0.44197  2.42   16694    7378   64446   111010   6.65
1840-1844     80-84     0.17095  0.58774  2.34    9316    5475   32028    46564   5.00
1840-1844     85-89     0.24269  0.71378  2.12    3841    2741   11295    14535   3.78
1840-1844     90-94     0.32389  0.81678  1.97    1099     898    2772     3240   2.95
1840-1844     95-99     0.42083  0.89207  1.77     201     180     427      468   2.32
1840-1844    100-104    0.52411  0.93893  1.58      22      20      39       41   1.89
1840-1844    105-109    0.62553  0.96524  1.42       1       1       2        2   1.59
1840-1844    110+       0.70422  1.00000  1.42       0       0       0        0   1.42
1845-1849        0      0.21858  0.19098  0.34  100000   19098   87373  4085633  40.86
1845-1849      1-4      0.02765  0.10342  1.49   80902    8367  302565  3998260  49.42
1845-1849      5-9      0.00921  0.04494  2.27   72535    3259  353769  3695695  50.95
1845-1849     10-14     0.00559  0.02754  2.35   69276    1908  341329  3341925  48.24
1845-1849     15-19     0.00575  0.02838  2.65   67368    1912  332355  3000596  44.54
1845-1849     20-24     0.00848  0.04154  2.53   65456    2719  320573  2668241  40.76
1845-1849     25-29     0.00793  0.03888  2.46   62737    2439  307489  2347668  37.42
1845-1849     30-34     0.00892  0.04364  2.57   60298    2631  295089  2040180  33.84
1845-1849     35-39     0.01048  0.05110  2.54   57666    2947  281078  1745091  30.26
1845-1849     40-44     0.01210  0.05875  2.54   54720    3215  265679  1464013  26.75
1845-1849     45-49     0.01505  0.07258  2.57   51505    3738  248459  1198334  23.27
1845-1849     50-54     0.01890  0.09034  2.56   47767    4315  228301   949875  19.89
1845-1849     55-59     0.02613  0.12296  2.60   43452    5343  204445   721574  16.61
1845-1849     60-64     0.03707  0.16997  2.56   38109    6477  174742   517128  13.57
1845-1849     65-69     0.05421  0.23933  2.55   31631    7570  139638   342386  10.82
1845-1849     70-74     0.08249  0.34218  2.51   24061    8233   99806   202748   8.43
1845-1849     75-79     0.11976  0.45667  2.40   15828    7228   60356   102943   6.50
1845-1849     80-84     0.17340  0.59226  2.32    8600    5093   29372    42587   4.95
1845-1849     85-89     0.24512  0.71778  2.11    3506    2517   10268    13215   3.77
1845-1849     90-94     0.32025  0.81394  1.98     990     805    2515     2947   2.98
1845-1849     95-99     0.41698  0.88949  1.78     184     164     393      432   2.34
1845-1849    100-104    0.51751  0.93647  1.59      20      19      37       39   1.91
1845-1849    105-109    0.61685  0.96340  1.43       1       1       2        2   1.61
1845-1849    110+       0.69441  1.00000  1.44       0       0       0        0   1.44
1850-1854        0      0.20432  0.18000  0.34  100000   18000   88099  4269435  42.69
1850-1854      1-4      0.02371  0.08966  1.56   82000    7352  310070  4181336  50.99
1850-1854      5-9      0.00844  0.04122  2.17   74648    3077  364532  3871266  51.86
1850-1854     10-14     0.00498  0.02457  2.40   71570    1759  353287  3506735  49.00
1850-1854     15-19     0.00531  0.02624  2.62   69812    1832  344707  3153447  45.17
1850-1854     20-24     0.00752  0.03694  2.55   67980    2511  333741  2808740  41.32
1850-1854     25-29     0.00750  0.03680  2.49   65469    2409  321285  2474999  37.80
1850-1854     30-34     0.00842  0.04127  2.55   63059    2603  308923  2153714  34.15
1850-1854     35-39     0.01029  0.05018  2.58   60457    3034  294932  1844791  30.51
1850-1854     40-44     0.01237  0.06001  2.53   57423    3446  278609  1549859  26.99
1850-1854     45-49     0.01453  0.07017  2.57   53977    3787  260673  1271250  23.55
1850-1854     50-54     0.02021  0.09636  2.58   50189    4836  239253  1010577  20.14
1850-1854     55-59     0.02477  0.11678  2.56   45353    5296  213817   771324  17.01
1850-1854     60-64     0.03632  0.16690  2.58   40057    6686  184074   557507  13.92
1850-1854     65-69     0.04903  0.21893  2.56   33371    7306  149013   373433  11.19
1850-1854     70-74     0.08007  0.33384  2.51   26066    8702  108680   224420   8.61
1850-1854     75-79     0.11434  0.44233  2.44   17364    7681   67172   115740   6.67
1850-1854     80-84     0.17055  0.58577  2.33    9683    5672   33257    48568   5.02
1850-1854     85-89     0.24054  0.71227  2.14    4011    2857   11877    15311   3.82
1850-1854     90-94     0.32055  0.81346  1.97    1154     939    2929     3434   2.98
1850-1854     95-99     0.41656  0.88940  1.78     215     191     460      505   2.35
1850-1854    100-104    0.51865  0.93697  1.59      24      22      43       45   1.91
1850-1854    105-109    0.61923  0.96394  1.43       2       1       2        2   1.61
1850-1854    110+       0.69754  1.00000  1.43       0       0       0        0   1.43
1855-1859        0      0.14809  0.13488  0.34  100000   13488   91083  4381376  43.81
1855-1859      1-4      0.02870  0.10752  1.63   86512    9301  324044  4290293  49.59
1855-1859      5-9      0.01127  0.05457  2.13   77210    4214  373979  3966250  51.37
1855-1859     10-14     0.00587  0.02889  2.33   72997    2109  359343  3592271  49.21
1855-1859     15-19     0.00547  0.02701  2.59   70888    1915  349817  3232928  45.61
1855-1859     20-24     0.00713  0.03503  2.56   68973    2416  338975  2883111  41.80
1855-1859     25-29     0.00754  0.03699  2.50   66558    2462  326628  2544135  38.22
1855-1859     30-34     0.00838  0.04103  2.53   64096    2630  313989  2217507  34.60
1855-1859     35-39     0.00966  0.04718  2.55   61466    2900  300220  1903518  30.97
1855-1859     40-44     0.01156  0.05621  2.55   58566    3292  284768  1603298  27.38
1855-1859     45-49     0.01350  0.06534  2.57   55274    3612  267579  1318529  23.85
1855-1859     50-54     0.01799  0.08618  2.57   51662    4452  247487  1050951  20.34
1855-1859     55-59     0.02423  0.11451  2.60   47210    5406  223086   803464  17.02
1855-1859     60-64     0.03426  0.15813  2.57   41804    6611  192936   580379  13.88
1855-1859     65-69     0.05136  0.22846  2.58   35194    8040  156543   387443  11.01
1855-1859     70-74     0.07856  0.32853  2.51   27153    8921  113548   230899   8.50
1855-1859     75-79     0.12077  0.46057  2.42   18233    8397   69531   117352   6.44
1855-1859     80-84     0.17261  0.59279  2.36    9835    5830   33778    47821   4.86
1855-1859     85-89     0.26425  0.74626  2.08    4005    2989   11310    14043   3.51
1855-1859     90-94     0.35673  0.85106  1.93    1016     865    2424     2733   2.69
1855-1859     95-99     0.48260  0.92490  1.67     151     140     290      309   2.04
1855-1859    100-104    0.60622  0.96229  1.45      11      11      18       19   1.64
1855-1859    105-109    0.71856  0.97987  1.29       0       0       1        1   1.39
1855-1859    110+       0.79942  1.00000  1.25       0       0       0        0   1.25
1860-1864        0      0.14590  0.13306  0.34  100000   13306   91203  4546176  45.46
1860-1864      1-4      0.02426  0.09155  1.52   86694    7937  327111  4454973  51.39
1860-1864      5-9      0.00872  0.04257  2.21   78757    3353  384422  4127862  52.41
1860-1864     10-14     0.00557  0.02747  2.40   75404    2071  371632  3743441  49.65
1860-1864     15-19     0.00532  0.02628  2.57   73333    1927  361978  3371808  45.98
1860-1864     20-24     0.00735  0.03611  2.58   71405    2578  350783  3009831  42.15
1860-1864     25-29     0.00781  0.03830  2.48   68827    2636  337492  2659048  38.63
1860-1864     30-34     0.00816  0.04000  2.53   66191    2648  324420  2321556  35.07
1860-1864     35-39     0.00952  0.04650  2.53   63543    2955  310404  1997136  31.43
1860-1864     40-44     0.01070  0.05215  2.54   60588    3159  295164  1686733  27.84
1860-1864     45-49     0.01280  0.06209  2.58   57429    3566  278501  1391569  24.23
1860-1864     50-54     0.01719  0.08250  2.58   53863    4444  258548  1113068  20.66
1860-1864     55-59     0.02269  0.10758  2.59   49419    5317  234294   854519  17.29
1860-1864     60-64     0.03492  0.16112  2.61   44103    7106  203509   620226  14.06
1860-1864     65-69     0.04953  0.22069  2.53   36997    8165  164843   416716  11.26
1860-1864     70-74     0.07608  0.32034  2.54   28832    9236  121401   251873   8.74
1860-1864     75-79     0.11191  0.43473  2.43   19596    8519   76125   130472   6.66
1860-1864     80-84     0.17247  0.59096  2.34   11077    6546   37955    54347   4.91
1860-1864     85-89     0.25314  0.73455  2.14    4531    3328   13148    16392   3.62
1860-1864     90-94     0.35698  0.84650  1.89    1203    1018    2852     3244   2.70
1860-1864     95-99     0.46354  0.91555  1.70     185     169     365      392   2.12
1860-1864    100-104    0.57613  0.95464  1.50      16      15      26       27   1.72
1860-1864    105-109    0.67958  0.97447  1.34       1       1       1        1   1.47
1860-1864    110+       0.75607  1.00000  1.32       0       0       0        0   1.32
1865-1869        0      0.14831  0.13507  0.34  100000   13507   91073  4380394  43.80
1865-1869      1-4      0.03006  0.11225  1.63   86493    9709  322925  4289322  49.59
1865-1869      5-9      0.01204  0.05819  2.15   76785    4468  371212  3966396  51.66
1865-1869     10-14     0.00663  0.03256  2.35   72317    2354  355337  3595185  49.71
1865-1869     15-19     0.00614  0.03022  2.56   69962    2115  344654  3239848  46.31
1865-1869     20-24     0.00744  0.03650  2.51   67848    2476  333078  2895194  42.67
1865-1869     25-29     0.00738  0.03622  2.50   65371    2368  320933  2562116  39.19
1865-1869     30-34     0.00816  0.04000  2.53   63004    2520  308793  2241183  35.57
1865-1869     35-39     0.00923  0.04513  2.54   60484    2730  295701  1932390  31.95
1865-1869     40-44     0.01050  0.05115  2.52   57754    2954  281444  1636688  28.34
1865-1869     45-49     0.01241  0.06025  2.57   54800    3302  265982  1355244  24.73
1865-1869     50-54     0.01629  0.07838  2.58   51498    4036  247736  1089262  21.15
1865-1869     55-59     0.02191  0.10407  2.59   47462    4939  225425   841525  17.73
1865-1869     60-64     0.03176  0.14744  2.58   42523    6270  197434   616101  14.49
1865-1869     65-69     0.04759  0.21348  2.59   36253    7739  162613   418667  11.55
1865-1869     70-74     0.07230  0.30611  2.50   28514    8728  120718   256054   8.98
1865-1869     75-79     0.10931  0.42819  2.47   19786    8472   77507   135336   6.84
1865-1869     80-84     0.16183  0.56620  2.35   11314    6406   39583    57829   5.11
1865-1869     85-89     0.24550  0.72339  2.16    4908    3550   14462    18246   3.72
1865-1869     90-94     0.34298  0.83730  1.94    1358    1137    3314     3784   2.79
1865-1869     95-99     0.46164  0.91552  1.70     221     202     438      470   2.13
1865-1869    100-104    0.58470  0.95742  1.49      19      18      31       32   1.70
1865-1869    105-109    0.69884  0.97748  1.32       1       1       1        1   1.43
1865-1869    110+       0.78234  1.00000  1.28       0       0       0        0   1.28
1870-1874        0      0.14643  0.13351  0.34  100000   13351   91173  4658120  46.58
1870-1874      1-4      0.02039  0.07761  1.50   86649    6725  329758  4566947  52.71
1870-1874      5-9      0.00757  0.03706  2.24   79925    2962  391456  4237190  53.01
1870-1874     10-14     0.00516  0.02548  2.44   76963    1961  379786  3845734  49.97
1870-1874     15-19     0.00561  0.02770  2.58   75002    2077  369984  3465949  46.21
1870-1874     20-24     0.00705  0.03467  2.54   72925    2528  358417  3095965  42.45
1870-1874     25-29     0.00726  0.03565  2.48   70397    2510  345666  2737548  38.89
1870-1874     30-34     0.00811  0.03975  2.57   67887    2699  332881  2391882  35.23
1870-1874     35-39     0.00974  0.04753  2.52   65188    3099  318263  2059001  31.59
1870-1874     40-44     0.01082  0.05270  2.54   62089    3272  302391  1740738  28.04
1870-1874     45-49     0.01315  0.06370  2.56   58817    3747  284934  1438347  24.45
1870-1874     50-54     0.01689  0.08114  2.57   55070    4468  264507  1153413  20.94
1870-1874     55-59     0.02239  0.10620  2.59   50602    5374  240074   888906  17.57
1870-1874     60-64     0.03281  0.15207  2.60   45228    6878  209620   648833  14.35
1870-1874     65-69     0.04883  0.21806  2.55   38350    8363  171265   439212  11.45
1870-1874     70-74     0.07387  0.31252  2.54   29987    9372  126874   267947   8.94
1870-1874     75-79     0.10994  0.42775  2.41   20616    8818   80210   141073   6.84
1870-1874     80-84     0.16014  0.56211  2.35   11797    6631   41410    60863   5.16
1870-1874     85-89     0.24038  0.71536  2.17    5166    3696   15374    19453   3.77
1870-1874     90-94     0.34496  0.83830  1.93    1470    1233    3573     4079   2.77
1870-1874     95-99     0.46168  0.91555  1.70     238     218     471      506   2.13
1870-1874    100-104    0.58474  0.95740  1.49      20      19      33       34   1.70
1870-1874    105-109    0.69836  0.97740  1.32       1       1       1        1   1.43
1870-1874    110+       0.78129  1.00000  1.28       0       0       0        0   1.28
1875-1879        0      0.15446  0.14015  0.34  100000   14015   90735  4626589  46.27
1875-1879      1-4      0.02137  0.08118  1.52   85985    6980  326625  4535853  52.75
1875-1879      5-9      0.00851  0.04157  2.21   79005    3284  385874  4209228  53.28
1875-1879     10-14     0.00536  0.02645  2.42   75721    2003  373444  3823353  50.49
1875-1879     15-19     0.00557  0.02747  2.57   73718    2025  363669  3449910  46.80
1875-1879     20-24     0.00698  0.03433  2.54   71693    2461  352400  3086241  43.05
1875-1879     25-29     0.00719  0.03531  2.51   69231    2445  340058  2733841  39.49
1875-1879     30-34     0.00800  0.03922  2.52   66787    2619  327447  2393783  35.84
1875-1879     35-39     0.00902  0.04414  2.55   64167    2832  313884  2066336  32.20
1875-1879     40-44     0.01025  0.04999  2.52   61335    3066  299083  1752451  28.57
1875-1879     45-49     0.01226  0.05953  2.58   58269    3469  282939  1453368  24.94
1875-1879     50-54     0.01619  0.07789  2.57   54800    4269  263612  1170429  21.36
1875-1879     55-59     0.02118  0.10073  2.58   50532    5090  240343   906816  17.95
1875-1879     60-64     0.03014  0.14057  2.61   45442    6388  211909   666474  14.67
1875-1879     65-69     0.04618  0.20776  2.59   39054    8114  175688   454564  11.64
1875-1879     70-74     0.07133  0.30296  2.51   30940    9374  131404   278876   9.01
1875-1879     75-79     0.10926  0.42832  2.48   21566    9237   84544   147472   6.84
1875-1879     80-84     0.16498  0.57246  2.33   12329    7058   42780    62928   5.10
1875-1879     85-89     0.23617  0.70737  2.17    5271    3729   15788    20148   3.82
1875-1879     90-94     0.33776  0.83261  1.96    1542    1284    3802     4360   2.83
1875-1879     95-99     0.45379  0.91146  1.72     258     235     519      558   2.16
1875-1879    100-104    0.57389  0.95461  1.50      23      22      38       40   1.73
1875-1879    105-109    0.68673  0.97582  1.33       1       1       1        2   1.45
1875-1879    110+       0.77034  1.00000  1.30       0       0       0        0   1.30
1880-1884        0      0.15517  0.14073  0.34  100000   14073   90697  4733304  47.33
1880-1884      1-4      0.02005  0.07635  1.49   85927    6561  327271  4642608  54.03
1880-1884      5-9      0.00753  0.03690  2.25   79366    2928  388787  4315337  54.37
1880-1884     10-14     0.00507  0.02504  2.41   76437    1914  377229  3926550  51.37
1880-1884     15-19     0.00529  0.02609  2.59   74523    1945  367936  3549320  47.63
1880-1884     20-24     0.00665  0.03273  2.53   72579    2375  357034  3181384  43.83
1880-1884     25-29     0.00694  0.03410  2.50   70204    2394  345027  2824350  40.23
1880-1884     30-34     0.00749  0.03678  2.53   67810    2494  332891  2479323  36.56
1880-1884     35-39     0.00829  0.04060  2.52   65316    2652  320001  2146432  32.86
1880-1884     40-44     0.00968  0.04728  2.56   62664    2963  306091  1826431  29.15
1880-1884     45-49     0.01157  0.05624  2.56   59701    3358  290312  1520340  25.47
1880-1884     50-54     0.01515  0.07310  2.59   56343    4119  271787  1230027  21.83
1880-1884     55-59     0.02048  0.09758  2.58   52225    5096  248778   958241  18.35
1880-1884     60-64     0.02886  0.13492  2.59   47129    6358  220350   709463  15.05
1880-1884     65-69     0.04356  0.19714  2.59   40770    8037  184493   489113  12.00
1880-1884     70-74     0.06699  0.28757  2.54   32733    9413  140513   304620   9.31
1880-1884     75-79     0.10366  0.41008  2.45   23320    9563   92250   164107   7.04
1880-1884     80-84     0.15739  0.55630  2.37   13757    7653   48625    71857   5.22
1880-1884     85-89     0.23738  0.70988  2.17    6104    4333   18254    23232   3.81
1880-1884     90-94     0.33967  0.83421  1.95    1771    1477    4349     4979   2.81
1880-1884     95-99     0.45790  0.91373  1.71     294     268     586      629   2.14
1880-1884    100-104    0.58046  0.95632  1.49      25      24      42       43   1.71
1880-1884    105-109    0.69365  0.97676  1.32       1       1       2        2   1.44
1880-1884    110+       0.77648  1.00000  1.29       0       0       0        0   1.29
1885-1889        0      0.14627  0.13338  0.34  100000   13338   91183  4831408  48.31
1885-1889      1-4      0.01897  0.07246  1.51   86662    6279  331041  4740225  54.70
1885-1889      5-9      0.00732  0.03586  2.24   80383    2883  393967  4409184  54.85
1885-1889     10-14     0.00511  0.02522  2.46   77501    1955  382537  4015218  51.81
1885-1889     15-19     0.00555  0.02739  2.56   75546    2069  372675  3632680  48.09
1885-1889     20-24     0.00650  0.03199  2.53   73476    2350  361567  3260005  44.37
1885-1889     25-29     0.00649  0.03192  2.49   71126    2271  349922  2898438  40.75
1885-1889     30-34     0.00722  0.03545  2.55   68855    2441  338284  2548516  37.01
1885-1889     35-39     0.00836  0.04097  2.54   66414    2721  325386  2210231  33.28
1885-1889     40-44     0.00931  0.04550  2.51   63693    2898  311262  1884846  29.59
1885-1889     45-49     0.01101  0.05364  2.58   60795    3261  296080  1573584  25.88
1885-1889     50-54     0.01430  0.06910  2.59   57534    3976  278073  1277503  22.20
1885-1889     55-59     0.01970  0.09405  2.59   53558    5037  255674   999430  18.66
1885-1889     60-64     0.02773  0.12994  2.59   48521    6305  227389   743756  15.33
1885-1889     65-69     0.04171  0.18948  2.59   42216    7999  191776   516368  12.23
1885-1889     70-74     0.06393  0.27649  2.56   34217    9461  147977   324592   9.49
1885-1889     75-79     0.10071  0.40157  2.48   24757    9942   98719   176615   7.13
1885-1889     80-84     0.15632  0.55303  2.36   14815    8193   52413    77896   5.26
1885-1889     85-89     0.23218  0.70351  2.20    6622    4659   20064    25483   3.85
1885-1889     90-94     0.34650  0.84002  1.93    1963    1649    4760     5419   2.76
1885-1889     95-99     0.46788  0.91898  1.70     314     289     617      659   2.10
1885-1889    100-104    0.59753  0.96071  1.47      25      24      41       42   1.66
1885-1889    105-109    0.71606  0.97973  1.29       1       1       1        1   1.39
1885-1889    110+       0.80101  1.00000  1.25       0       0       0        0   1.25
1890-1894        0      0.15242  0.13846  0.34  100000   13846   90845  4754038  47.54
1890-1894      1-4      0.02145  0.08148  1.54   86154    7020  327326  4663193  54.13
1890-1894      5-9      0.00783  0.03830  2.20   79134    3030  387179  4335867  54.79
1890-1894     10-14     0.00511  0.02522  2.43   76103    1920  375576  3948687  51.89
1890-1894     15-19     0.00526  0.02596  2.55   74184    1926  366193  3573111  48.17
1890-1894     20-24     0.00589  0.02905  2.51   72258    2099  356060  3206919  44.38
1890-1894     25-29     0.00606  0.02985  2.52   70159    2094  345611  2850858  40.63
1890-1894     30-34     0.00681  0.03347  2.54   68065    2278  334723  2505247  36.81
1890-1894     35-39     0.00795  0.03897  2.54   65787    2564  322631  2170524  32.99
1890-1894     40-44     0.00916  0.04480  2.55   63223    2832  309174  1847893  29.23
1890-1894     45-49     0.01094  0.05327  2.56   60390    3217  294091  1538719  25.48
1890-1894     50-54     0.01435  0.06938  2.60   57174    3967  276362  1244628  21.77
1890-1894     55-59     0.01983  0.09467  2.60   53207    5037  253958   968266  18.20
1890-1894     60-64     0.02955  0.13798  2.60   48170    6647  224923   714308  14.83
1890-1894     65-69     0.04393  0.19848  2.57   41523    8241  187593   489385  11.79
1890-1894     70-74     0.06846  0.29308  2.55   33282    9754  142477   301792   9.07
1890-1894     75-79     0.10741  0.42264  2.48   23528    9944   92578   159315   6.77
1890-1894     80-84     0.16912  0.58304  2.34   13584    7920   46831    66737   4.91
1890-1894     85-89     0.25998  0.74607  2.14    5664    4226   16254    19906   3.51
1890-1894     90-94     0.37989  0.86804  1.87    1438    1248    3286     3651   2.54
1890-1894     95-99     0.51299  0.93754  1.62     190     178     347      365   1.92
1890-1894    100-104    0.64737  0.97052  1.39      12      12      18       18   1.54
1890-1894    105-109    0.76334  0.98456  1.23       0       0       0        0   1.31
1890-1894    110+       0.84216  1.00000  1.19       0       0       0        0   1.19
1895-1899        0      0.14616  0.13328  0.34  100000   13328   91187  5183167  51.83
1895-1899      1-4      0.01289  0.04989  1.43   86672    4324  335577  5091980  58.75
1895-1899      5-9      0.00419  0.02070  2.21   82348    1705  406991  4756404  57.76
1895-1899     10-14     0.00335  0.01662  2.55   80643    1340  399930  4349412  53.93
1895-1899     15-19     0.00417  0.02065  2.59   79303    1638  392566  3949483  49.80
1895-1899     20-24     0.00512  0.02527  2.54   77665    1963  383489  3556917  45.80
1895-1899     25-29     0.00527  0.02599  2.51   75703    1967  373606  3173428  41.92
1895-1899     30-34     0.00604  0.02977  2.56   73735    2195  363319  2799822  37.97
1895-1899     35-39     0.00689  0.03389  2.54   71540    2425  351744  2436503  34.06
1895-1899     40-44     0.00838  0.04106  2.56   69115    2838  338652  2084759  30.16
1895-1899     45-49     0.01014  0.04951  2.58   66278    3281  323450  1746107  26.35
1895-1899     50-54     0.01340  0.06487  2.57   62996    4086  305061  1422656  22.58
1895-1899     55-59     0.01776  0.08521  2.61   58910    5020  282557  1117595  18.97
1895-1899     60-64     0.02618  0.12319  2.61   53890    6639  253596   835038  15.50
1895-1899     65-69     0.04048  0.18447  2.60   47252    8717  215347   581442  12.31
1895-1899     70-74     0.06392  0.27626  2.55   38535   10646  166549   366095   9.50
1895-1899     75-79     0.09972  0.39848  2.48   27889   11113  111448   199546   7.15
1895-1899     80-84     0.15534  0.55136  2.37   16776    9250   59545    88098   5.25
1895-1899     85-89     0.23706  0.71068  2.18    7526    5349   22563    28553   3.79
1895-1899     90-94     0.34749  0.84193  1.94    2178    1833    5276     5990   2.75
1895-1899     95-99     0.47390  0.92187  1.69     344     317     670      714   2.07
1895-1899    100-104    0.60585  0.96261  1.46      27      26      43       44   1.64
1895-1899    105-109    0.72539  0.98082  1.28       1       1       1        1   1.38
1895-1899    110+       0.81015  1.00000  1.23       0       0       0        0   1.23
1900-1904        0      0.13168  0.12113  0.34  100000   12113   91989  5389665  53.90
1900-1904      1-4      0.00988  0.03853  1.36   87887    3386  342609  5297676  60.28
1900-1904      5-9      0.00331  0.01642  2.34   84500    1387  418813  4955067  58.64
1900-1904     10-14     0.00273  0.01356  2.54   83113    1127  412788  4536254  54.58
1900-1904     15-19     0.00371  0.01839  2.63   81986    1508  406358  4123466  50.29
1900-1904     20-24     0.00468  0.02313  2.52   80478    1862  397776  3717108  46.19
1900-1904     25-29     0.00486  0.02402  2.53   78616    1888  388425  3319332  42.22
1900-1904     30-34     0.00577  0.02846  2.55   76728    2184  378286  2930907  38.20
1900-1904     35-39     0.00665  0.03274  2.56   74544    2440  366775  2552620  34.24
1900-1904     40-44     0.00810  0.03969  2.56   72104    2862  353523  2185846  30.32
1900-1904     45-49     0.00998  0.04870  2.57   69242    3372  338016  1832323  26.46
1900-1904     50-54     0.01283  0.06224  2.60   65869    4100  319498  1494307  22.69
1900-1904     55-59     0.01793  0.08594  2.58   61770    5309  296025  1174809  19.02
1900-1904     60-64     0.02537  0.11963  2.62   56461    6754  266261   878784  15.56
1900-1904     65-69     0.04032  0.18387  2.61   49707    9140  226655   612523  12.32
1900-1904     70-74     0.06281  0.27216  2.55   40567   11041  175779   385868   9.51
1900-1904     75-79     0.10001  0.39939  2.48   29526   11792  117908   210089   7.12
1900-1904     80-84     0.15593  0.55365  2.38   17734    9818   62965    92181   5.20
1900-1904     85-89     0.24442  0.72321  2.18    7915    5725   23421    29216   3.69
1900-1904     90-94     0.36323  0.85431  1.90    2191    1872    5153     5796   2.65
1900-1904     95-99     0.48885  0.92830  1.66     319     296     606      643   2.01
1900-1904    100-104    0.62177  0.96582  1.43      23      22      36       37   1.60
1900-1904    105-109    0.73898  0.98221  1.26       1       1       1        1   1.35
1900-1904    110+       0.82059  1.00000  1.22       0       0       0        0   1.22
1905-1909        0      0.12119  0.11220  0.34  100000   11220   92580  5581850  55.82
1905-1909      1-4      0.00823  0.03221  1.31   88780    2859  347420  5489269  61.83
1905-1909      5-9      0.00250  0.01239  2.34   85921    1065  426771  5141850  59.84
1905-1909     10-14     0.00217  0.01082  2.60   84856     918  422075  4715079  55.57
1905-1909     15-19     0.00338  0.01675  2.65   83938    1406  416384  4293004  51.14
1905-1909     20-24     0.00426  0.02110  2.54   82532    1741  408374  3876620  46.97
1905-1909     25-29     0.00456  0.02255  2.51   80790    1822  399419  3468246  42.93
1905-1909     30-34     0.00511  0.02522  2.55   78968    1992  389961  3068827  38.86
1905-1909     35-39     0.00592  0.02915  2.56   76976    2244  379405  2678866  34.80
1905-1909     40-44     0.00746  0.03662  2.58   74732    2737  367045  2299461  30.77
1905-1909     45-49     0.00909  0.04445  2.57   71995    3200  352191  1932416  26.84
1905-1909     50-54     0.01226  0.05957  2.61   68795    4098  334170  1580226  22.97
1905-1909     55-59     0.01691  0.08126  2.61   64697    5257  310905  1246056  19.26
1905-1909     60-64     0.02501  0.11802  2.61   59440    7015  280448   935151  15.73
1905-1909     65-69     0.03886  0.17777  2.61   52425    9319  239848   654703  12.49
1905-1909     70-74     0.06118  0.26615  2.56   43106   11472  187527   414855   9.62
1905-1909     75-79     0.09831  0.39436  2.49   31633   12475  126898   227327   7.19
1905-1909     80-84     0.15633  0.55334  2.36   19158   10601   67810   100429   5.24
1905-1909     85-89     0.23403  0.70751  2.21    8557    6054   25871    32619   3.81
1905-1909     90-94     0.35644  0.84730  1.90    2503    2121    5950     6749   2.70
1905-1909     95-99     0.47002  0.91986  1.69     382     352     748      799   2.09
1905-1909    100-104    0.59824  0.96075  1.47      31      29      49       51   1.66
1905-1909    105-109    0.71456  0.97948  1.29       1       1       2        2   1.40
1905-1909    110+       0.79780  1.00000  1.25       0       0       0        0   1.25
1910-1914        0      0.10422  0.09734  0.32  100000    9734   93395  5805459  58.05
1910-1914      1-4      0.00663  0.02608  1.37   90266    2354  354871  5712064  63.28
1910-1914      5-9      0.00214  0.01066  2.32   87912     937  437050  5357193  60.94
1910-1914     10-14     0.00178  0.00885  2.61   86975     770  433038  4920143  56.57
1910-1914     15-19     0.00300  0.01489  2.68   86206    1284  428046  4487105  52.05
1910-1914     20-24     0.00387  0.01919  2.54   84922    1630  420597  4059059  47.80
1910-1914     25-29     0.00413  0.02044  2.52   83292    1703  412245  3638462  43.68
1910-1914     30-34     0.00473  0.02337  2.55   81589    1907  403280  3226217  39.54
1910-1914     35-39     0.00567  0.02796  2.56   79683    2228  392974  2822937  35.43
1910-1914     40-44     0.00656  0.03229  2.56   77454    2501  381173  2429963  31.37
1910-1914     45-49     0.00867  0.04249  2.61   74954    3185  367145  2048790  27.33
1910-1914     50-54     0.01142  0.05555  2.58   71769    3987  349209  1681644  23.43
1910-1914     55-59     0.01608  0.07746  2.62   67782    5250  326420  1332435  19.66
1910-1914     60-64     0.02373  0.11230  2.62   62532    7022  295950  1006016  16.09
1910-1914     65-69     0.03666  0.16845  2.59   55509    9350  255049   710065  12.79
1910-1914     70-74     0.05793  0.25412  2.59   46159   11730  202500   455016   9.86
1910-1914     75-79     0.09545  0.38537  2.50   34429   13268  139003   252516   7.33
1910-1914     80-84     0.14910  0.53573  2.37   21161   11337   76034   113513   5.36
1910-1914     85-89     0.23645  0.71228  2.21    9825    6998   29596    37479   3.81
1910-1914     90-94     0.34138  0.83670  1.95    2827    2365    6928     7883   2.79
1910-1914     95-99     0.47501  0.92256  1.69     462     426     897      955   2.07
1910-1914    100-104    0.60902  0.96334  1.45      36      34      57       58   1.63
1910-1914    105-109    0.72913  0.98123  1.28       1       1       2        2   1.37
1910-1914    110+       0.81349  1.00000  1.23       0       0       0        0   1.23
1915-1919        0      0.09691  0.09085  0.31  100000    9085   93751  5709707  57.10
1915-1919      1-4      0.00727  0.02853  1.31   90915    2594  356681  5615956  61.77
1915-1919      5-9      0.00232  0.01155  2.35   88321    1020  438896  5259275  59.55
1915-1919     10-14     0.00205  0.01022  2.64   87301     892  434395  4820379  55.22
1915-1919     15-19     0.00373  0.01850  2.78   86409    1598  428492  4385984  50.76
1915-1919     20-24     0.00550  0.02712  2.48   84811    2300  418258  3957492  46.66
1915-1919     25-29     0.00618  0.03043  2.50   82511    2511  406275  3539234  42.89
1915-1919     30-34     0.00615  0.03030  2.51   80000    2424  393964  3132959  39.16
1915-1919     35-39     0.00654  0.03219  2.52   77576    2497  381676  2738995  35.31
1915-1919     40-44     0.00688  0.03384  2.54   75079    2541  369137  2357319  31.40
1915-1919     45-49     0.00841  0.04123  2.58   72538    2991  355462  1988183  27.41
1915-1919     50-54     0.01123  0.05469  2.59   69548    3804  338563  1632721  23.48
1915-1919     55-59     0.01584  0.07631  2.62   65744    5017  316780  1294159  19.68
1915-1919     60-64     0.02317  0.10987  2.65   60727    6672  287955   977379  16.09
1915-1919     65-69     0.03617  0.16639  2.60   54055    8994  248678   689424  12.75
1915-1919     70-74     0.05848  0.25620  2.58   45061   11545  197421   440746   9.78
1915-1919     75-79     0.09556  0.38604  2.51   33516   12939  135394   243325   7.26
1915-1919     80-84     0.15517  0.55313  2.40   20577   11382   73350   107931   5.25
1915-1919     85-89     0.23912  0.71490  2.19    9195    6574   27492    34581   3.76
1915-1919     90-94     0.35377  0.85081  1.95    2622    2231    6305     7090   2.70
1915-1919     95-99     0.49071  0.92930  1.66     391     363     741      785   2.01
1915-1919    100-104    0.62698  0.96698  1.42      28      27      43       44   1.59
1915-1919    105-109    0.74683  0.98307  1.25       1       1       1        1   1.34
1915-1919    110+       0.82939  1.00000  1.21       0       0       0        0   1.21
1920-1924        0      0.08866  0.08343  0.29  100000    8343   94111  6045442  60.45
1920-1924      1-4      0.00545  0.02151  1.37   91657    1971  361437  5951331  64.93
1920-1924      5-9      0.00174  0.00867  2.34   89685     778  446357  5589894  62.33
1920-1924     10-14     0.00148  0.00739  2.60   88908     657  442957  5143537  57.85
1920-1924     15-19     0.00264  0.01312  2.77   88250    1158  438668  4700580  53.26
1920-1924     20-24     0.00346  0.01714  2.51   87092    1493  431743  4261912  48.94
1920-1924     25-29     0.00366  0.01815  2.54   85599    1553  424170  3830169  44.75
1920-1924     30-34     0.00398  0.01972  2.53   84046    1657  416128  3405998  40.53
1920-1924     35-39     0.00451  0.02228  2.58   82389    1836  407498  2989871  36.29
1920-1924     40-44     0.00538  0.02658  2.60   80553    2141  397633  2582372  32.06
1920-1924     45-49     0.00716  0.03519  2.59   78412    2759  385418  2184740  27.86
1920-1924     50-54     0.01005  0.04909  2.64   75653    3714  369492  1799321  23.78
1920-1924     55-59     0.01450  0.07010  2.62   71939    5043  347689  1429830  19.88
1920-1924     60-64     0.02274  0.10791  2.64   66896    7219  317426  1082141  16.18
1920-1924     65-69     0.03565  0.16430  2.62   59677    9805  275033   764715  12.81
1920-1924     70-74     0.05709  0.25087  2.59   49872   12511  219160   489682   9.82
1920-1924     75-79     0.09558  0.38570  2.50   37361   14410  150769   270523   7.24
1920-1924     80-84     0.15570  0.55276  2.38   22951   12686   81478   119754   5.22
1920-1924     85-89     0.24150  0.71583  2.16   10264    7348   30424    38276   3.73
1920-1924     90-94     0.35534  0.85072  1.94    2917    2481    6983     7852   2.69
1920-1924     95-99     0.49359  0.93046  1.65     435     405     821      869   1.99
1920-1924    100-104    0.63019  0.96759  1.42      30      29      46       48   1.58
1920-1924    105-109    0.75002  0.98338  1.25       1       1       1        1   1.33
1920-1924    110+       0.83231  1.00000  1.20       0       0       0        0   1.20
1925-1929        0      0.08554  0.08061  0.29  100000    8061   94241  6170411  61.70
1925-1929      1-4      0.00456  0.01802  1.29   91939    1656  363271  6076170  66.09
1925-1929      5-9      0.00135  0.00674  2.34   90282     608  449796  5712899  63.28
1925-1929     10-14     0.00109  0.00542  2.64   89674     486  447223  5263103  58.69
1925-1929     15-19     0.00212  0.01056  2.74   89188     942  443813  4815880  54.00
1925-1929     20-24     0.00294  0.01459  2.50   88246    1287  438013  4372067  49.54
1925-1929     25-29     0.00289  0.01433  2.49   86959    1246  431672  3934054  45.24
1925-1929     30-34     0.00327  0.01622  2.53   85713    1391  425128  3502382  40.86
1925-1929     35-39     0.00414  0.02049  2.57   84322    1728  417415  3077255  36.49
1925-1929     40-44     0.00505  0.02493  2.58   82594    2059  407994  2659839  32.20
1925-1929     45-49     0.00687  0.03381  2.66   80535    2723  396292  2251845  27.96
1925-1929     50-54     0.00958  0.04684  2.64   77812    3644  380450  1855553  23.85
1925-1929     55-59     0.01422  0.06880  2.66   74168    5103  358889  1475102  19.89
1925-1929     60-64     0.02229  0.10585  2.63   69065    7310  327989  1116214  16.16
1925-1929     65-69     0.03546  0.16347  2.61   61755   10095  284663   788225  12.76
1925-1929     70-74     0.05856  0.25674  2.60   51660   13263  226493   503562   9.75
1925-1929     75-79     0.09679  0.38955  2.50   38396   14957  154533   277069   7.22
1925-1929     80-84     0.15442  0.54911  2.37   23439   12871   83348   122537   5.23
1925-1929     85-89     0.24462  0.72477  2.19   10569    7660   31313    39189   3.71
1925-1929     90-94     0.35343  0.84927  1.94    2909    2470    6990     7876   2.71
1925-1929     95-99     0.48703  0.92758  1.66     438     407     835      886   2.02
1925-1929    100-104    0.62023  0.96553  1.43      32      31      49       51   1.60
1925-1929    105-109    0.73784  0.98210  1.26       1       1       1        1   1.35
1925-1929    110+       0.81965  1.00000  1.22       0       0       0        0   1.22
1930-1934        0      0.07674  0.07263  0.26  100000    7263   94636  6289026  62.89
1930-1934      1-4      0.00366  0.01451  1.31   92737    1345  367335  6194389  66.79
1930-1934      5-9      0.00114  0.00569  2.33   91392     520  455571  5827054  63.76
1930-1934     10-14     0.00094  0.00470  2.54   90872     427  453312  5371483  59.11
1930-1934     15-19     0.00188  0.00935  2.72   90445     845  450302  4918171  54.38
1930-1934     20-24     0.00262  0.01303  2.50   89600    1167  445085  4467869  49.86
1930-1934     25-29     0.00281  0.01397  2.52   88432    1236  439096  4022783  45.49
1930-1934     30-34     0.00304  0.01507  2.52   87197    1314  432726  3583688  41.10
1930-1934     35-39     0.00376  0.01863  2.61   85883    1600  425589  3150962  36.69
1930-1934     40-44     0.00487  0.02407  2.58   84283    2029  416515  2725373  32.34
1930-1934     45-49     0.00654  0.03222  2.63   82254    2650  404988  2308858  28.07
1930-1934     50-54     0.00955  0.04669  2.65   79604    3717  389295  1903870  23.92
1930-1934     55-59     0.01426  0.06898  2.63   75887    5235  367021  1514575  19.96
1930-1934     60-64     0.02198  0.10450  2.64   70652    7383  335848  1147554  16.24
1930-1934     65-69     0.03535  0.16290  2.59   63269   10306  291533   811707  12.83
1930-1934     70-74     0.05853  0.25664  2.60   52963   13593  232216   520174   9.82
1930-1934     75-79     0.09517  0.38423  2.49   39370   15127  158956   287958   7.31
1930-1934     80-84     0.15304  0.54614  2.38   24243   13240   86514   129002   5.32
1930-1934     85-89     0.23289  0.70349  2.19   11003    7741   33237    42488   3.86
1930-1934     90-94     0.33534  0.82921  1.95    3262    2705    8067     9251   2.84
1930-1934     95-99     0.46197  0.91617  1.71     557     510    1105     1184   2.12
1930-1934    100-104    0.59043  0.95903  1.48      47      45      76       79   1.68
1930-1934    105-109    0.70836  0.97878  1.30       2       2       3        3   1.41
1930-1934    110+       0.79332  1.00000  1.26       0       0       0        0   1.26
1935-1939        0      0.06719  0.06390  0.23  100000    6390   95111  6421718  64.22
1935-1939      1-4      0.00346  0.01373  1.36   93610    1285  371051  6326607  67.59
1935-1939      5-9      0.00115  0.00571  2.39   92324     528  460243  5955556  64.51
1935-1939     10-14     0.00088  0.00437  2.54   91797     401  457996  5495314  59.86
1935-1939     15-19     0.00148  0.00735  2.75   91395     672  455467  5037317  55.12
1935-1939     20-24     0.00207  0.01030  2.51   90724     934  451288  4581850  50.50
1935-1939     25-29     0.00228  0.01134  2.54   89789    1018  446446  4130562  46.00
1935-1939     30-34     0.00265  0.01319  2.56   88771    1171  441006  3684115  41.50
1935-1939     35-39     0.00331  0.01642  2.58   87601    1438  434527  3243110  37.02
1935-1939     40-44     0.00427  0.02116  2.62   86162    1823  426475  2808582  32.60
1935-1939     45-49     0.00611  0.03013  2.62   84339    2541  415638  2382108  28.24
1935-1939     50-54     0.00908  0.04445  2.63   81798    3636  400365  1966470  24.04
1935-1939     55-59     0.01365  0.06612  2.66   78162    5168  378693  1566105  20.04
1935-1939     60-64     0.02179  0.10367  2.66   72994    7568  347264  1187412  16.27
1935-1939     65-69     0.03502  0.16180  2.65   65426   10586  302259   840148  12.84
1935-1939     70-74     0.05771  0.25315  2.58   54840   13883  240552   537889   9.81
1935-1939     75-79     0.09642  0.38828  2.49   40958   15903  164939   297338   7.26
1935-1939     80-84     0.15375  0.54756  2.37   25055   13719   89226   132399   5.28
1935-1939     85-89     0.23533  0.70829  2.19   11336    8029   34119    43173   3.81
1935-1939     90-94     0.34946  0.84348  1.93    3307    2789    7981     9054   2.74
1935-1939     95-99     0.47399  0.92194  1.69     518     477    1007     1073   2.07
1935-1939    100-104    0.60616  0.96268  1.46      40      39      64       66   1.64
1935-1939    105-109    0.72560  0.98083  1.28       2       1       2        2   1.38
1935-1939    110+       0.81014  1.00000  1.23       0       0       0        0   1.23
1940-1944        0      0.05176  0.04968  0.19  100000    4968   95987  6663654  66.64
1940-1944      1-4      0.00248  0.00984  1.40   95032     935  377694  6567667  69.11
1940-1944      5-9      0.00082  0.00409  2.31   94096     385  469446  6189973  65.78
1940-1944     10-14     0.00070  0.00350  2.50   93712     328  467739  5720528  61.04
1940-1944     15-19     0.00124  0.00616  2.76   93384     575  465628  5252788  56.25
1940-1944     20-24     0.00179  0.00889  2.55   92809     825  462018  4787160  51.58
1940-1944     25-29     0.00191  0.00952  2.53   91983     875  457755  4325142  47.02
1940-1944     30-34     0.00216  0.01075  2.57   91108     979  453158  3867388  42.45
1940-1944     35-39     0.00280  0.01391  2.62   90129    1254  447664  3414229  37.88
1940-1944     40-44     0.00368  0.01823  2.63   88875    1621  440531  2966565  33.38
1940-1944     45-49     0.00546  0.02695  2.66   87254    2352  430775  2526034  28.95
1940-1944     50-54     0.00815  0.03999  2.65   84902    3395  416536  2095259  24.68
1940-1944     55-59     0.01243  0.06037  2.66   81507    4921  396009  1678723  20.60
1940-1944     60-64     0.01973  0.09426  2.65   76586    7219  365944  1282713  16.75
1940-1944     65-69     0.03279  0.15212  2.63   69367   10552  321824   916770  13.22
1940-1944     70-74     0.05448  0.24090  2.60   58815   14169  260082   594945  10.12
1940-1944     75-79     0.08984  0.36721  2.51   44646   16395  182491   334863   7.50
1940-1944     80-84     0.14909  0.53599  2.38   28252   15143  101563   152372   5.39
1940-1944     85-89     0.23050  0.70078  2.20   13109    9187   39856    50809   3.88
1940-1944     90-94     0.34213  0.84070  1.98    3922    3298    9639    10953   2.79
1940-1944     95-99     0.46659  0.91867  1.70     625     574    1230     1315   2.10
1940-1944    100-104    0.59917  0.96120  1.47      51      49      82       84   1.66
1940-1944    105-109    0.71972  0.98019  1.29       2       2       3        3   1.39
1940-1944    110+       0.80542  1.00000  1.24       0       0       0        0   1.24
1945-1949        0      0.04180  0.04039  0.16  100000    4039   96625  6836582  68.37
1945-1949      1-4      0.00198  0.00789  1.46   95961     757  381926  6739957  70.24
1945-1949      5-9      0.00070  0.00349  2.34   95204     332  475136  6358031  66.78
1945-1949     10-14     0.00061  0.00302  2.62   94872     287  473678  5882895  62.01
1945-1949     15-19     0.00110  0.00547  2.82   94585     517  471799  5409217  57.19
1945-1949     20-24     0.00172  0.00856  2.56   94068     805  468377  4937419  52.49
1945-1949     25-29     0.00189  0.00941  2.52   93263     878  464133  4469042  47.92
1945-1949     30-34     0.00207  0.01031  2.53   92385     952  459572  4004909  43.35
1945-1949     35-39     0.00258  0.01282  2.56   91433    1172  454301  3545337  38.78
1945-1949     40-44     0.00340  0.01686  2.61   90260    1522  447664  3091036  34.25
1945-1949     45-49     0.00508  0.02508  2.61   88738    2225  438381  2643373  29.79
1945-1949     50-54     0.00748  0.03673  2.63   86513    3178  425031  2204991  25.49
1945-1949     55-59     0.01139  0.05546  2.64   83335    4622  405748  1779960  21.36
1945-1949     60-64     0.01821  0.08732  2.66   78713    6873  377460  1374213  17.46
1945-1949     65-69     0.02972  0.13889  2.65   71840    9978  335751   996753  13.87
1945-1949     70-74     0.04968  0.22204  2.61   61862   13736  276497   661002  10.69
1945-1949     75-79     0.08100  0.33754  2.53   48126   16244  200553   384506   7.99
1945-1949     80-84     0.13614  0.50278  2.40   31882   16030  117746   183953   5.77
1945-1949     85-89     0.20856  0.66494  2.28   15852   10541   50540    66207   4.18
1945-1949     90-94     0.32204  0.81868  2.00    5311    4348   13502    15667   2.95
1945-1949     95-99     0.43461  0.90257  1.76     963     869    2000     2165   2.25
1945-1949    100-104    0.56517  0.95294  1.52      94      89     158      165   1.75
1945-1949    105-109    0.68797  0.97627  1.33       4       4       6        6   1.45
1945-1949    110+       0.77772  1.00000  1.29       0       0       0        0   1.29
1950-1954        0      0.02898  0.02827  0.13  100000    2827   97538  7090006  70.90
1950-1954      1-4      0.00131  0.00522  1.51   97173     507  387429  6992468  71.96
1950-1954      5-9      0.00046  0.00231  2.35   96666     224  482740  6605040  68.33
1950-1954     10-14     0.00038  0.00192  2.62   96443     185  481773  6122300  63.48
1950-1954     15-19     0.00067  0.00333  2.79   96258     320  480581  5640528  58.60
1950-1954     20-24     0.00096  0.00477  2.59   95937     458  478583  5159947  53.78
1950-1954     25-29     0.00111  0.00554  2.63   95479     529  476140  4681364  49.03
1950-1954     30-34     0.00133  0.00665  2.57   94950     631  473214  4205223  44.29
1950-1954     35-39     0.00180  0.00895  2.62   94319     844  469584  3732009  39.57
1950-1954     40-44     0.00266  0.01324  2.66   93475    1238  464476  3262425  34.90
1950-1954     45-49     0.00442  0.02186  2.69   92237    2016  456532  2797949  30.33
1950-1954     50-54     0.00667  0.03285  2.68   90221    2963  444218  2341417  25.95
1950-1954     55-59     0.01037  0.05063  2.65   87258    4418  425903  1897199  21.74
1950-1954     60-64     0.01685  0.08101  2.64   82840    6711  398354  1471296  17.76
1950-1954     65-69     0.02730  0.12825  2.64   76129    9763  357606  1072942  14.09
1950-1954     70-74     0.04757  0.21363  2.62   66366   14178  298047   715337  10.78
1950-1954     75-79     0.08090  0.33764  2.55   52188   17621  217812   417289   8.00
1950-1954     80-84     0.13422  0.49931  2.44   34567   17260  128593   199477   5.77
1950-1954     85-89     0.21365  0.67260  2.25   17307   11641   54486    70884   4.10
1950-1954     90-94     0.32738  0.82598  2.00    5666    4680   14297    16398   2.89
1950-1954     95-99     0.45984  0.91629  1.72     986     904    1965     2101   2.13
1950-1954    100-104    0.60077  0.96196  1.47      83      79     132      136   1.65
1950-1954    105-109    0.72830  0.98131  1.28       3       3       4        4   1.37
1950-1954    110+       0.81740  1.00000  1.22       0       0       0        0   1.22
1955-1959        0      0.02406  0.02356  0.12  100000    2356   97916  7204286  72.04
1955-1959      1-4      0.00096  0.00383  1.56   97644     374  389665  7106370  72.78
1955-1959      5-9      0.00039  0.00193  2.30   97270     188  485843  6716704  69.05
1955-1959     10-14     0.00032  0.00160  2.56   97083     155  485035  6230861  64.18
1955-1959     15-19     0.00063  0.00314  2.89   96927     305  483995  5745826  59.28
1955-1959     20-24     0.00081  0.00406  2.55   96623     392  482154  5261831  54.46
1955-1959     25-29     0.00095  0.00472  2.67   96231     455  480094  4779677  49.67
1955-1959     30-34     0.00118  0.00589  2.66   95776     564  477557  4299583  44.89
1955-1959     35-39     0.00159  0.00794  2.67   95212     756  474299  3822026  40.14
1955-1959     40-44     0.00241  0.01200  2.63   94456    1134  469598  3347726  35.44
1955-1959     45-49     0.00386  0.01911  2.69   93322    1784  462487  2878128  30.84
1955-1959     50-54     0.00641  0.03159  2.65   91539    2892  450891  2415641  26.39
1955-1959     55-59     0.01022  0.04990  2.67   88647    4423  432942  1964750  22.16
1955-1959     60-64     0.01605  0.07732  2.65   84223    6512  405819  1531808  18.19
1955-1959     65-69     0.02639  0.12426  2.65   77712    9656  365861  1125989  14.49
1955-1959     70-74     0.04426  0.20023  2.62   68055   13627  307854   760128  11.17
1955-1959     75-79     0.07581  0.31991  2.56   54428   17412  229681   452274   8.31
1955-1959     80-84     0.12633  0.47788  2.45   37016   17689  140025   222593   6.01
1955-1959     85-89     0.20289  0.65391  2.28   19327   12638   62290    82568   4.27
1955-1959     90-94     0.30972  0.80713  2.03    6689    5399   17431    20279   3.03
1955-1959     95-99     0.44274  0.90785  1.75    1290    1171    2645     2847   2.21
1955-1959    100-104    0.58355  0.95809  1.49     119     114     195      202   1.70
1955-1959    105-109    0.71337  0.97968  1.30       5       5       7        7   1.40
1955-1959    110+       0.80539  1.00000  1.24       0       0       0        0   1.24
1960-1964        0      0.02081  0.02043  0.11  100000    2043   98174  7238794  72.39
1960-1964      1-4      0.00088  0.00349  1.66   97957     342  391027  7140620  72.90
1960-1964      5-9      0.00043  0.00212  2.29   97615     207  487514  6749592  69.14
1960-1964     10-14     0.00030  0.00151  2.61   97408     147  486688  6262078  64.29
1960-1964     15-19     0.00059  0.00294  2.80   97261     286  485675  5775390  59.38
1960-1964     20-24     0.00074  0.00369  2.50   96975     358  483981  5289715  54.55
1960-1964     25-29     0.00085  0.00422  2.58   96617     408  482099  4805734  49.74
1960-1964     30-34     0.00110  0.00548  2.62   96209     527  479792  4323635  44.94
1960-1964     35-39     0.00158  0.00785  2.71   95683     751  476695  3843844  40.17
1960-1964     40-44     0.00239  0.01187  2.67   94932    1127  472033  3367149  35.47
1960-1964     45-49     0.00379  0.01877  2.69   93805    1761  464949  2895116  30.86
1960-1964     50-54     0.00617  0.03041  2.71   92044    2799  453812  2430166  26.40
1960-1964     55-59     0.01023  0.04994  2.67   89245    4457  435822  1976355  22.15
1960-1964     60-64     0.01627  0.07837  2.67   84789    6645  408445  1540532  18.17
1960-1964     65-69     0.02659  0.12511  2.64   78144    9777  367649  1132087  14.49
1960-1964     70-74     0.04416  0.19974  2.61   68367   13656  309208   764438  11.18
1960-1964     75-79     0.07534  0.31842  2.57   54711   17421  231225   455229   8.32
1960-1964     80-84     0.12650  0.47796  2.44   37290   17823  140899   224005   6.01
1960-1964     85-89     0.20244  0.65247  2.28   19467   12701   62741    83106   4.27
1960-1964     90-94     0.31297  0.80892  2.01    6765    5473   17486    20364   3.01
1960-1964     95-99     0.43855  0.90552  1.76    1293    1171    2669     2879   2.23
1960-1964    100-104    0.57790  0.95666  1.50     122     117     202      210   1.72
1960-1964    105-109    0.70716  0.97893  1.31       5       5       7        7   1.41
1960-1964    110+       0.79944  1.00000  1.25       0       0       0        0   1.25
1965-1969        0      0.01659  0.01634  0.09  100000    1634   98520  7283098  72.83
1965-1969      1-4      0.00077  0.00306  1.71   98366     301  392774  7184577  73.04
1965-1969      5-9      0.00045  0.00223  2.44   98065     219  489765  6791803  69.26
1965-1969     10-14     0.00035  0.00173  2.44   97846     170  488797  6302039  64.41
1965-1969     15-19     0.00065  0.00322  2.83   97676     315  487698  5813242  59.52
1965-1969     20-24     0.00072  0.00361  2.50   97362     351  485930  5325544  54.70
1965-1969     25-29     0.00074  0.00371  2.63   97010     360  484196  4839614  49.89
1965-1969     30-34     0.00104  0.00517  2.62   96650     499  482063  4355417  45.06
1965-1969     35-39     0.00161  0.00804  2.68   96151     773  478963  3873355  40.28
1965-1969     40-44     0.00251  0.01245  2.66   95378    1188  474112  3394392  35.59
1965-1969     45-49     0.00390  0.01930  2.65   94190    1818  466683  2920280  31.00
1965-1969     50-54     0.00623  0.03071  2.67   92372    2837  455243  2453597  26.56
1965-1969     55-59     0.01026  0.05008  2.67   89535    4484  437218  1998354  22.32
1965-1969     60-64     0.01660  0.07988  2.66   85051    6794  409358  1561136  18.36
1965-1969     65-69     0.02690  0.12647  2.64   78257    9897  367888  1151778  14.72
1965-1969     70-74     0.04385  0.19836  2.60   68359   13560  309254   783890  11.47
1965-1969     75-79     0.07068  0.30165  2.57   54800   16531  233885   474636   8.66
1965-1969     80-84     0.11861  0.45542  2.45   38269   17429  146936   240751   6.29
1965-1969     85-89     0.19056  0.62903  2.30   20841   13109   68796    93816   4.50
1965-1969     90-94     0.28716  0.78131  2.08    7731    6041   21035    25020   3.24
1965-1969     95-99     0.41241  0.89039  1.81    1691    1505    3650     3985   2.36
1965-1969    100-104    0.54880  0.94886  1.55     185     176     320      334   1.80
1965-1969    105-109    0.67973  0.97539  1.34       9       9      14       14   1.47
1965-1969    110+       0.77593  1.00000  1.29       0       0       0        0   1.29
1970-1974        0      0.01257  0.01243  0.08  100000    1243   98861  7355499  73.55
1970-1974      1-4      0.00062  0.00249  1.78   98757     246  394482  7256638  73.48
1970-1974      5-9      0.00041  0.00206  2.38   98511     203  492024  6862156  69.66
1970-1974     10-14     0.00033  0.00163  2.64   98308     160  491163  6370132  64.80
1970-1974     15-19     0.00072  0.00359  2.69   98148     352  489927  5878970  59.90
1970-1974     20-24     0.00078  0.00389  2.44   97796     381  488004  5389043  55.11
1970-1974     25-29     0.00074  0.00371  2.60   97415     361  486210  4901039  50.31
1970-1974     30-34     0.00101  0.00506  2.62   97054     491  484102  4414828  45.49
1970-1974     35-39     0.00159  0.00793  2.67   96563     765  481028  3930727  40.71
1970-1974     40-44     0.00263  0.01305  2.67   95797    1250  476079  3449699  36.01
1970-1974     45-49     0.00421  0.02085  2.69   94547    1971  468192  2973620  31.45
1970-1974     50-54     0.00665  0.03273  2.65   92576    3030  455746  2505428  27.06
1970-1974     55-59     0.01011  0.04938  2.66   89546    4422  437401  2049682  22.89
1970-1974     60-64     0.01618  0.07794  2.66   85124    6634  410110  1612281  18.94
1970-1974     65-69     0.02563  0.12079  2.62   78490    9481  369919  1202170  15.32
1970-1974     70-74     0.04103  0.18674  2.60   69009   12887  314094   832251  12.06
1970-1974     75-79     0.06473  0.27960  2.57   56122   15692  242427   518158   9.23
1970-1974     80-84     0.10472  0.41459  2.49   40431   16762  160062   275730   6.82
1970-1974     85-89     0.17034  0.58664  2.35   23669   13885   81511   115668   4.89
1970-1974     90-94     0.26224  0.74762  2.13    9784    7315   27893    34157   3.49
1970-1974     95-99     0.38004  0.86886  1.88    2469    2145    5645     6264   2.54
1970-1974    100-104    0.51630  0.93880  1.61     324     304     589      619   1.91
1970-1974    105-109    0.65209  0.97137  1.39      20      19      30       30   1.53
1970-1974    110+       0.75438  1.00000  1.33       1       1       1        1   1.33
1975-1979        0      0.00927  0.00920  0.07  100000     920   99149  7422783  74.23
1975-1979      1-4      0.00054  0.00215  1.59   99080     213  395809  7323635  73.92
1975-1979      5-9      0.00032  0.00159  2.45   98868     157  493938  6927826  70.07
1975-1979     10-14     0.00027  0.00137  2.64   98711     135  493235  6433888  65.18
1975-1979     15-19     0.00067  0.00333  2.84   98575     328  492169  5940653  60.27
1975-1979     20-24     0.00082  0.00410  2.46   98247     402  490212  5448484  55.46
1975-1979     25-29     0.00081  0.00405  2.49   97845     396  488230  4958272  50.67
1975-1979     30-34     0.00095  0.00476  2.61   97449     464  486134  4470041  45.87
1975-1979     35-39     0.00150  0.00748  2.67   96985     725  483239  3983907  41.08
1975-1979     40-44     0.00253  0.01259  2.70   96260    1212  478518  3500669  36.37
1975-1979     45-49     0.00408  0.02019  2.67   95048    1919  470774  3022151  31.80
1975-1979     50-54     0.00663  0.03267  2.67   93129    3042  458564  2551377  27.40
1975-1979     55-59     0.01028  0.05018  2.65   90087    4521  439809  2092813  23.23
1975-1979     60-64     0.01576  0.07597  2.63   85566    6500  412417  1653004  19.32
1975-1979     65-69     0.02444  0.11555  2.64   79066    9136  373751  1240587  15.69
1975-1979     70-74     0.03923  0.17920  2.59   69930   12531  319429   866836  12.40
1975-1979     75-79     0.06198  0.26917  2.56   57398   15450  249267   547408   9.54
1975-1979     80-84     0.09783  0.39295  2.50   41948   16484  168496   298141   7.11
1975-1979     85-89     0.15999  0.56334  2.37   25465   14345   89662   129645   5.09
1975-1979     90-94     0.25257  0.73448  2.15   11119    8167   32336    39983   3.60
1975-1979     95-99     0.37111  0.86250  1.90    2952    2546    6862     7647   2.59
1975-1979    100-104    0.50959  0.93668  1.62     406     380     746      786   1.94
1975-1979    105-109    0.64868  0.97093  1.39      26      25      38       39   1.54
1975-1979    110+       0.75358  1.00000  1.33       1       1       1        1   1.33
1980-1984        0      0.00790  0.00785  0.07  100000     785   99271  7440877  74.41
1980-1984      1-4      0.00046  0.00183  1.63   99215     181  396432  7341607  74.00
1980-1984      5-9      0.00023  0.00116  2.52   99034     114  494887  6945174  70.13
1980-1984     10-14     0.00023  0.00113  2.80   98920     112  494352  6450287  65.21
1980-1984     15-19     0.00058  0.00288  2.87   98808     285  493435  5955935  60.28
1980-1984     20-24     0.00079  0.00396  2.54   98523     390  491655  5462501  55.44
1980-1984     25-29     0.00092  0.00457  2.55   98133     448  489568  4970845  50.65
1980-1984     30-34     0.00116  0.00580  2.55   97685     567  487033  4481277  45.87
1980-1984     35-39     0.00157  0.00784  2.68   97118     762  483820  3994244  41.13
1980-1984     40-44     0.00243  0.01210  2.73   96356    1165  479129  3510424  36.43
1980-1984     45-49     0.00417  0.02065  2.70   95190    1966  471427  3031295  31.84
1980-1984     50-54     0.00667  0.03284  2.69   93224    3061  459045  2559868  27.46
1980-1984     55-59     0.01044  0.05096  2.67   90163    4595  440097  2100823  23.30
1980-1984     60-64     0.01642  0.07907  2.65   85568    6766  411952  1660726  19.41
1980-1984     65-69     0.02443  0.11545  2.62   78802    9097  372386  1248774  15.85
1980-1984     70-74     0.03821  0.17505  2.61   69705   12202  319307   876388  12.57
1980-1984     75-79     0.06063  0.26418  2.57   57503   15191  250536   557081   9.69
1980-1984     80-84     0.09600  0.38674  2.49   42312   16364  170447   306545   7.24
1980-1984     85-89     0.15292  0.54560  2.38   25948   14157   92581   136098   5.24
1980-1984     90-94     0.24528  0.72409  2.17   11791    8538   34808    43517   3.69
1980-1984     95-99     0.35763  0.85163  1.93    3253    2771    7747     8709   2.68
1980-1984    100-104    0.49392  0.93081  1.65     483     449     910      962   1.99
1980-1984    105-109    0.63361  0.96837  1.41      33      32      51       52   1.57
1980-1984    110+       0.74066  1.00000  1.35       1       1       1        1   1.35
1985-1989        0      0.00814  0.00808  0.07  100000     808   99249  7470716  74.71
1985-1989      1-4      0.00044  0.00176  1.53   99192     174  396337  7371467  74.32
1985-1989      5-9      0.00020  0.00102  2.53   99018     101  494838  6975130  70.44
1985-1989     10-14     0.00021  0.00103  2.54   98917     102  494332  6480292  65.51
1985-1989     15-19     0.00052  0.00259  2.92   98815     256  493542  5985960  60.58
1985-1989     20-24     0.00073  0.00364  2.54   98559     359  491911  5492418  55.73
1985-1989     25-29     0.00085  0.00423  2.62   98200     415  490008  5000507  50.92
1985-1989     30-34     0.00116  0.00578  2.67   97784     565  487605  4510499  46.13
1985-1989     35-39     0.00158  0.00788  2.65   97219     766  484300  4022895  41.38
1985-1989     40-44     0.00242  0.01203  2.73   96454    1161  479637  3538595  36.69
1985-1989     45-49     0.00386  0.01916  2.71   95293    1825  472280  3058958  32.10
1985-1989     50-54     0.00660  0.03249  2.71   93468    3037  460393  2586678  27.67
1985-1989     55-59     0.01061  0.05175  2.65   90431    4680  441153  2126284  23.51
1985-1989     60-64     0.01619  0.07796  2.63   85751    6685  412905  1685132  19.65
1985-1989     65-69     0.02458  0.11601  2.59   79065    9172  373194  1272226  16.09
1985-1989     70-74     0.03685  0.16923  2.59   69893   11828  320963   899032  12.86
1985-1989     75-79     0.05800  0.25418  2.57   58065   14759  254460   578069   9.96
1985-1989     80-84     0.09122  0.37139  2.50   43306   16083  176309   323608   7.47
1985-1989     85-89     0.14658  0.53093  2.40   27223   14453   98603   147299   5.41
1985-1989     90-94     0.23474  0.70771  2.20   12769    9037   38499    48696   3.81
1985-1989     95-99     0.34928  0.84485  1.94    3732    3153    9028    10197   2.73
1985-1989    100-104    0.48707  0.92831  1.67     579     538    1104     1169   2.02
1985-1989    105-109    0.62954  0.96775  1.42      42      40      64       66   1.58
1985-1989    110+       0.73900  1.00000  1.35       1       1       2        2   1.35
1990-1994        0      0.00650  0.00646  0.07  100000     646   99397  7519738  75.20
1990-1994      1-4      0.00035  0.00141  1.62   99354     140  397082  7420341  74.69
1990-1994      5-9      0.00020  0.00098  2.51   99214      97  495827  7023259  70.79
1990-1994     10-14     0.00018  0.00092  2.75   99117      91  495378  6527431  65.86
1990-1994     15-19     0.00044  0.00218  2.94   99025     215  494683  6032053  60.91
1990-1994     20-24     0.00063  0.00312  2.50   98810     308  493279  5537371  56.04
1990-1994     25-29     0.00074  0.00368  2.61   98502     363  491639  5044091  51.21
1990-1994     30-34     0.00105  0.00524  2.63   98139     514  489477  4552452  46.39
1990-1994     35-39     0.00158  0.00789  2.70   97624     770  486349  4062975  41.62
1990-1994     40-44     0.00240  0.01195  2.60   96854    1157  481495  3576626  36.93
1990-1994     45-49     0.00363  0.01802  2.69   95697    1725  474508  3095131  32.34
1990-1994     50-54     0.00589  0.02907  2.65   93972    2731  463449  2620623  27.89
1990-1994     55-59     0.00980  0.04790  2.68   91241    4370  446087  2157174  23.64
1990-1994     60-64     0.01567  0.07555  2.64   86871    6563  418877  1711087  19.70
1990-1994     65-69     0.02420  0.11442  2.63   80307    9189  379755  1292210  16.09
1990-1994     70-74     0.03767  0.17272  2.60   71118   12284  326088   912455  12.83
1990-1994     75-79     0.05755  0.25239  2.56   58835   14849  258012   586367   9.97
1990-1994     80-84     0.09098  0.37103  2.52   43985   16320  179385   328356   7.47
1990-1994     85-89     0.14731  0.53288  2.41   27665   14742  100078   148971   5.38
1990-1994     90-94     0.23676  0.71313  2.21   12923    9216   38926    48892   3.78
1990-1994     95-99     0.35548  0.85056  1.93    3707    3153    8870     9966   2.69
1990-1994    100-104    0.49775  0.93278  1.65     554     517    1038     1096   1.98
1990-1994    105-109    0.64335  0.97029  1.40      37      36      56       58   1.55
1990-1994    110+       0.75374  1.00000  1.33       1       1       1        1   1.33
1995-1999        0      0.00493  0.00490  0.06  100000     490   99540  7599427  75.99
1995-1999      1-4      0.00029  0.00116  1.57   99510     116  397757  7499887  75.37
1995-1999      5-9      0.00013  0.00066  2.43   99394      65  496801  7102130  71.45
1995-1999     10-14     0.00017  0.00084  2.76   99329      84  496455  6605328  66.50
1995-1999     15-19     0.00044  0.00219  2.99   99245     217  495789  6108873  61.55
1995-1999     20-24     0.00056  0.00278  2.47   99028     275  494442  5613084  56.68
1995-1999     25-29     0.00069  0.00342  2.60   98752     338  492951  5118642  51.83
1995-1999     30-34     0.00092  0.00459  2.65   98414     452  491009  4625691  47.00
1995-1999     35-39     0.00137  0.00685  2.72   97962     671  488279  4134683  42.21
1995-1999     40-44     0.00231  0.01148  2.67   97291    1116  483857  3646404  37.48
1995-1999     45-49     0.00339  0.01682  2.67   96175    1618  477112  3162547  32.88
1995-1999     50-54     0.00527  0.02605  2.67   94557    2464  467044  2685434  28.40
1995-1999     55-59     0.00854  0.04186  2.67   92093    3855  451498  2218391  24.09
1995-1999     60-64     0.01459  0.07058  2.67   88238    6228  426709  1766892  20.02
1995-1999     65-69     0.02358  0.11171  2.64   82010    9161  388441  1340183  16.34
1995-1999     70-74     0.03600  0.16569  2.60   72849   12070  335292   951742  13.06
1995-1999     75-79     0.05618  0.24699  2.56   60779   15012  267199   616449  10.14
1995-1999     80-84     0.08813  0.36138  2.51   45767   16540  187676   349250   7.63
1995-1999     85-89     0.14138  0.51745  2.41   29228   15124  106974   161575   5.53
1995-1999     90-94     0.22988  0.70192  2.23   14104    9900   43066    54601   3.87
1995-1999     95-99     0.34732  0.84356  1.95    4204    3546   10211    11535   2.74
1995-1999    100-104    0.48828  0.92906  1.67     658     611    1251     1325   2.01
1995-1999    105-109    0.63386  0.96865  1.42      47      45      71       73   1.57
1995-1999    110+       0.74517  1.00000  1.34       1       1       2        2   1.34
2000-2004        0      0.00467  0.00465  0.06  100000     465   99563  7721519  77.22
2000-2004      1-4      0.00024  0.00096  1.55   99535      96  397903  7621956  76.58
2000-2004      5-9      0.00011  0.00053  2.58   99439      53  497067  7224053  72.65
2000-2004     10-14     0.00014  0.00072  2.74   99386      72  496768  6726986  67.69
2000-2004     15-19     0.00040  0.00200  2.87   99314     199  496148  6230218  62.73
2000-2004     20-24     0.00053  0.00264  2.55   99116     262  494937  5734069  57.85
2000-2004     25-29     0.00054  0.00271  2.57   98853     268  493615  5239132  53.00
2000-2004     30-34     0.00073  0.00363  2.66   98586     358  492090  4745517  48.14
2000-2004     35-39     0.00115  0.00574  2.70   98228     564  489843  4253427  43.30
2000-2004     40-44     0.00187  0.00932  2.70   97664     910  486227  3763583  38.54
2000-2004     45-49     0.00319  0.01585  2.70   96754    1534  480237  3277356  33.87
2000-2004     50-54     0.00490  0.02421  2.64   95220    2305  470663  2797119  29.38
2000-2004     55-59     0.00765  0.03761  2.68   92915    3494  456467  2326456  25.04
2000-2004     60-64     0.01200  0.05838  2.67   89421    5221  434947  1869988  20.91
2000-2004     65-69     0.02004  0.09575  2.69   84200    8062  402350  1435041  17.04
2000-2004     70-74     0.03259  0.15122  2.61   76138   11513  353225  1032691  13.56
2000-2004     75-79     0.05179  0.23017  2.59   64624   14875  287226   679467  10.51
2000-2004     80-84     0.08300  0.34427  2.52   49750   17127  206348   392241   7.88
2000-2004     85-89     0.13470  0.50092  2.44   32622   16341  121315   185893   5.70
2000-2004     90-94     0.22279  0.68920  2.23   16281   11221   50366    64578   3.97
2000-2004     95-99     0.33798  0.83548  1.97    5060    4228   12509    14212   2.81
2000-2004    100-104    0.48012  0.92593  1.68     833     771    1606     1703   2.05
2000-2004    105-109    0.62827  0.96775  1.43      62      60      95       98   1.58
2000-2004    110+       0.74198  1.00000  1.35       2       2       3        3   1.35
2005-2009        0      0.00384  0.00382  0.06  100000     382   99640  7849378  78.49
2005-2009      1-4      0.00018  0.00070  1.58   99618      70  398301  7749737  77.79
2005-2009      5-9      0.00009  0.00043  2.46   99548      42  497630  7351436  73.85
2005-2009     10-14     0.00010  0.00051  2.87   99505      51  497417  6853806  68.88
2005-2009     15-19     0.00034  0.00170  2.93   99454     169  496921  6356389  63.91
2005-2009     20-24     0.00046  0.00227  2.55   99285     226  495874  5859467  59.02
2005-2009     25-29     0.00051  0.00255  2.58   99060     252  494689  5363593  54.15
2005-2009     30-34     0.00062  0.00310  2.63   98807     306  493312  4868904  49.28
2005-2009     35-39     0.00093  0.00463  2.69   98501     456  491452  4375592  44.42
2005-2009     40-44     0.00157  0.00783  2.71   98045     768  488466  3884140  39.62
2005-2009     45-49     0.00273  0.01358  2.74   97278    1321  483406  3395674  34.91
2005-2009     50-54     0.00473  0.02340  2.69   95957    2245  474593  2912268  30.35
2005-2009     55-59     0.00696  0.03423  2.63   93712    3208  460960  2437674  26.01
2005-2009     60-64     0.01086  0.05294  2.65   90504    4791  441240  1976715  21.84
2005-2009     65-69     0.01677  0.08064  2.64   85713    6912  412265  1535474  17.91
2005-2009     70-74     0.02778  0.13041  2.66   78801   10277  369938  1123210  14.25
2005-2009     75-79     0.04668  0.20991  2.60   68524   14384  308143   753271  10.99
2005-2009     80-84     0.07620  0.32102  2.55   54140   17380  228080   445129   8.22
2005-2009     85-89     0.12770  0.48185  2.45   36760   17713  138709   217049   5.90
2005-2009     90-94     0.21216  0.67195  2.27   19047   12799   60326    78340   4.11
2005-2009     95-99     0.32777  0.82609  2.00    6248    5162   15748    18014   2.88
2005-2009    100-104    0.47034  0.92187  1.70    1087    1002    2130     2266   2.09
2005-2009    105-109    0.62016  0.96630  1.44      85      82     132      136   1.60
2005-2009    110+       0.73577  1.00000  1.36       3       3       4        4   1.36
2010-2014        0      0.00351  0.00349  0.06  100000     349   99671  8001272  80.01
2010-2014      1-4      0.00015  0.00058  1.51   99651      58  398457  7901601  79.29
2010-2014      5-9      0.00007  0.00033  2.52   99592      33  497880  7503144  75.34
2010-2014     10-14     0.00007  0.00036  2.62   99559      36  497710  7005264  70.36
2010-2014     15-19     0.00021  0.00106  2.90   99523     106  497393  6507555  65.39
2010-2014     20-24     0.00033  0.00166  2.56   99417     165  496683  6010162  60.45
2010-2014     25-29     0.00036  0.00180  2.60   99252     179  495834  5513479  55.55
2010-2014     30-34     0.00051  0.00252  2.57   99074     250  494760  5017645  50.65
2010-2014     35-39     0.00074  0.00371  2.67   98824     367  493264  4522885  45.77
2010-2014     40-44     0.00126  0.00626  2.73   98457     616  490886  4029621  40.93
2010-2014     45-49     0.00219  0.01092  2.71   97841    1068  486760  3538734  36.17
2010-2014     50-54     0.00388  0.01923  2.73   96773    1861  479631  3051974  31.54
2010-2014     55-59     0.00631  0.03108  2.64   94912    2950  467609  2572343  27.10
2010-2014     60-64     0.00948  0.04637  2.65   91962    4264  449776  2104733  22.89
2010-2014     65-69     0.01446  0.06994  2.64   87698    6133  424016  1654958  18.87
2010-2014     70-74     0.02322  0.11010  2.66   81565    8981  386794  1230941  15.09
2010-2014     75-79     0.04017  0.18358  2.66   72584   13325  331676   844147  11.63
2010-2014     80-84     0.06973  0.29827  2.58   59259   17675  253467   512471   8.65
2010-2014     85-89     0.11703  0.45220  2.49   41584   18804  160678   259004   6.23
2010-2014     90-94     0.19865  0.64617  2.30   22780   14720   74099    98326   4.32
2010-2014     95-99     0.31201  0.81041  2.04    8060    6532   20935    24227   3.01
2010-2014    100-104    0.45412  0.91456  1.73    1528    1398    3078     3292   2.15
2010-2014    105-109    0.60590  0.96357  1.46     131     126     208      214   1.64
2010-2014    110+       0.72431  1.00000  1.38       5       5       7        7   1.38
