Spain, Life tables (period 5x5), Total     Last modified: 16-Mar-2016, MPv5 (May07)

  Year          Age         mx       qx    ax      lx      dx      Lx       Tx     ex
1908-1909        0      0.17817  0.15940  0.34  100000   15940   89463  4118974  41.19
1908-1909      1-4      0.04315  0.15464  1.31   84060   12999  301270  4029512  47.94
1908-1909      5-9      0.00687  0.03365  1.95   71061    2391  348016  3728242  52.47
1908-1909     10-14     0.00362  0.01792  2.60   68670    1231  340392  3380226  49.22
1908-1909     15-19     0.00577  0.02847  2.73   67439    1920  332837  3039834  45.08
1908-1909     20-24     0.00759  0.03729  2.57   65519    2443  321670  2706998  41.32
1908-1909     25-29     0.00756  0.03706  2.40   63076    2337  309306  2385328  37.82
1908-1909     30-34     0.00899  0.04389  2.37   60738    2666  296686  2076022  34.18
1908-1909     35-39     0.00849  0.04149  2.30   58073    2409  283854  1779336  30.64
1908-1909     40-44     0.01171  0.05671  2.22   55663    3157  269530  1495483  26.87
1908-1909     45-49     0.01177  0.05703  2.28   52507    2995  254403  1225953  23.35
1908-1909     50-54     0.01868  0.08886  2.25   49512    4399  235474   971550  19.62
1908-1909     55-59     0.02011  0.09531  2.28   45113    4300  213853   736076  16.32
1908-1909     60-64     0.04279  0.19132  2.24   40813    7809  182489   522222  12.80
1908-1909     65-69     0.05012  0.21974  2.20   33004    7252  144696   339734  10.29
1908-1909     70-74     0.10866  0.41063  2.03   25752   10575   97321   195038   7.57
1908-1909     75-79     0.12633  0.46129  2.08   15177    7001   55421    97717   6.44
1908-1909     80-84     0.17477  0.57685  2.05    8176    4716   26987    42296   5.17
1908-1909     85-89     0.21046  0.65111  2.07    3460    2253   10703    15309   4.42
1908-1909     90-94     0.25500  0.69963  1.77    1207     844    3312     4606   3.82
1908-1909     95-99     0.27063  0.74849  2.01     363     271    1003     1294   3.57
1908-1909    100-104    0.30551  0.79025  1.95      91      72     236      291   3.19
1908-1909    105-109    0.34203  0.82675  1.88      19      16      46       55   2.89
1908-1909    110+       0.37003  1.00000  2.70       3       3       9        9   2.70
1910-1914        0      0.17620  0.15782  0.34  100000   15782   89567  4203859  42.04
1910-1914      1-4      0.04236  0.15206  1.30   84218   12806  302323  4114292  48.85
1910-1914      5-9      0.00671  0.03289  1.97   71412    2349  349937  3811969  53.38
1910-1914     10-14     0.00347  0.01721  2.51   69063    1188  342360  3462032  50.13
1910-1914     15-19     0.00544  0.02688  2.69   67875    1824  335166  3119673  45.96
1910-1914     20-24     0.00724  0.03557  2.56   66051    2349  324525  2784506  42.16
1910-1914     25-29     0.00723  0.03549  2.42   63702    2261  312666  2459981  38.62
1910-1914     30-34     0.00785  0.03848  2.51   61441    2364  301317  2147315  34.95
1910-1914     35-39     0.00862  0.04217  2.39   59077    2492  288873  1845998  31.25
1910-1914     40-44     0.01006  0.04899  2.38   56585    2772  275660  1557125  27.52
1910-1914     45-49     0.01191  0.05773  2.37   53813    3107  260889  1281465  23.81
1910-1914     50-54     0.01589  0.07631  2.42   50706    3869  243567  1020577  20.13
1910-1914     55-59     0.02164  0.10246  2.41   46837    4799  221769   777009  16.59
1910-1914     60-64     0.03617  0.16538  2.42   42038    6952  192222   555240  13.21
1910-1914     65-69     0.05234  0.22935  2.31   35086    8047  153750   363018  10.35
1910-1914     70-74     0.09288  0.37145  2.31   27039   10044  108139   209268   7.74
1910-1914     75-79     0.14981  0.52418  2.14   16995    8909   59468   101129   5.95
1910-1914     80-84     0.17293  0.57341  2.06    8087    4637   26814    41661   5.15
1910-1914     85-89     0.21388  0.65540  2.05    3450    2261   10571    14847   4.30
1910-1914     90-94     0.27030  0.72008  1.76    1189     856    3167     4276   3.60
1910-1914     95-99     0.28972  0.77334  1.99     333     257     888     1109   3.33
1910-1914    100-104    0.33381  0.82018  1.90      75      62     185      221   2.92
1910-1914    105-109    0.38017  0.85928  1.81      14      12      31       35   2.60
1910-1914    110+       0.41648  1.00000  2.40       2       2       5        5   2.40
1915-1919        0      0.17547  0.15723  0.34  100000   15723   89607  3975382  39.75
1915-1919      1-4      0.04169  0.15007  1.33   84277   12648  303393  3885776  46.11
1915-1919      5-9      0.00805  0.03931  2.00   71629    2816  349704  3582383  50.01
1915-1919     10-14     0.00450  0.02226  2.54   68813    1532  340304  3232679  46.98
1915-1919     15-19     0.00726  0.03570  2.70   67282    2402  330880  2892375  42.99
1915-1919     20-24     0.00972  0.04751  2.59   64879    3082  316977  2561495  39.48
1915-1919     25-29     0.01080  0.05256  2.45   61797    3248  300695  2244517  36.32
1915-1919     30-34     0.01151  0.05590  2.41   58549    3273  284279  1943822  33.20
1915-1919     35-39     0.01088  0.05290  2.38   55276    2924  268725  1659543  30.02
1915-1919     40-44     0.01287  0.06217  2.28   52352    3255  252915  1390819  26.57
1915-1919     45-49     0.01304  0.06307  2.40   49097    3097  237436  1137904  23.18
1915-1919     50-54     0.01876  0.08930  2.32   46000    4108  218998   900468  19.58
1915-1919     55-59     0.02144  0.10171  2.48   41893    4261  198740   681470  16.27
1915-1919     60-64     0.04117  0.18540  2.32   37631    6977  169458   482729  12.83
1915-1919     65-69     0.05085  0.22438  2.38   30655    6878  135252   313271  10.22
1915-1919     70-74     0.10467  0.40361  2.17   23776    9596   91686   178019   7.49
1915-1919     75-79     0.13768  0.49969  2.26   14180    7086   51465    86333   6.09
1915-1919     80-84     0.18173  0.59123  2.05    7095    4194   23080    34868   4.91
1915-1919     85-89     0.22613  0.67455  2.01    2900    1956    8651    11788   4.06
1915-1919     90-94     0.29439  0.74721  1.71     944     705    2396     3137   3.32
1915-1919     95-99     0.31184  0.79861  1.95     239     191     611      741   3.11
1915-1919    100-104    0.36071  0.84441  1.85      48      41     112      130   2.71
1915-1919    105-109    0.41173  0.88141  1.76       7       7      16       18   2.40
1915-1919    110+       0.45197  1.00000  2.21       1       1       2        2   2.21
1920-1924        0      0.17178  0.15427  0.34  100000   15427   89803  4340903  43.41
1920-1924      1-4      0.03753  0.13633  1.30   84573   11530  307218  4251099  50.27
1920-1924      5-9      0.00605  0.02972  2.00   73044    2171  358704  3943881  53.99
1920-1924     10-14     0.00345  0.01710  2.55   70873    1212  351393  3585176  50.59
1920-1924     15-19     0.00532  0.02630  2.71   69661    1832  344108  3233784  46.42
1920-1924     20-24     0.00711  0.03496  2.57   67829    2372  333387  2889675  42.60
1920-1924     25-29     0.00730  0.03581  2.44   65457    2344  321278  2556288  39.05
1920-1924     30-34     0.00754  0.03701  2.49   63113    2336  309715  2235010  35.41
1920-1924     35-39     0.00845  0.04134  2.41   60778    2512  297368  1925295  31.68
1920-1924     40-44     0.00973  0.04745  2.40   58265    2765  284126  1627926  27.94
1920-1924     45-49     0.01174  0.05696  2.38   55501    3161  269222  1343800  24.21
1920-1924     50-54     0.01527  0.07347  2.44   52339    3845  251835  1074578  20.53
1920-1924     55-59     0.02113  0.10022  2.43   48494    4860  229991   822743  16.97
1920-1924     60-64     0.03437  0.15801  2.45   43634    6894  200571   592752  13.58
1920-1924     65-69     0.04960  0.21889  2.32   36739    8042  162133   392182  10.67
1920-1924     70-74     0.08708  0.35423  2.37   28698   10165  116733   230048   8.02
1920-1924     75-79     0.14514  0.51385  2.16   18532    9523   65608   113315   6.11
1920-1924     80-84     0.16454  0.55716  2.10    9009    5020   30506    47707   5.30
1920-1924     85-89     0.21274  0.65330  2.05    3990    2607   12252    17200   4.31
1920-1924     90-94     0.26877  0.72101  1.79    1383     997    3711     4949   3.58
1920-1924     95-99     0.30047  0.78680  1.97     386     304    1011     1238   3.21
1920-1924    100-104    0.35341  0.83887  1.87      82      69     195      227   2.76
1920-1924    105-109    0.40936  0.88045  1.76      13      12      29       32   2.41
1920-1924    110+       0.45382  1.00000  2.20       2       2       3        3   2.20
1925-1929        0      0.13950  0.12772  0.34  100000   12772   91558  4831017  48.31
1925-1929      1-4      0.02654  0.09898  1.27   87228    8634  325325  4739459  54.33
1925-1929      5-9      0.00446  0.02203  2.03   78594    1732  387834  4414134  56.16
1925-1929     10-14     0.00274  0.01363  2.59   76862    1047  381789  4026299  52.38
1925-1929     15-19     0.00450  0.02228  2.74   75815    1689  375259  3644510  48.07
1925-1929     20-24     0.00581  0.02865  2.58   74126    2124  365480  3269251  44.10
1925-1929     25-29     0.00619  0.03045  2.45   72002    2192  354414  2903771  40.33
1925-1929     30-34     0.00653  0.03213  2.49   69810    2243  343411  2549358  36.52
1925-1929     35-39     0.00712  0.03495  2.48   67567    2362  331878  2205947  32.65
1925-1929     40-44     0.00901  0.04402  2.39   65206    2870  318542  1874069  28.74
1925-1929     45-49     0.01038  0.05058  2.48   62335    3153  303738  1555527  24.95
1925-1929     50-54     0.01492  0.07182  2.43   59182    4251  284979  1251788  21.15
1925-1929     55-59     0.01871  0.08940  2.52   54932    4911  262499   966810  17.60
1925-1929     60-64     0.03385  0.15571  2.43   50021    7789  230071   704311  14.08
1925-1929     65-69     0.04590  0.20504  2.40   42232    8659  188659   474240  11.23
1925-1929     70-74     0.08320  0.34024  2.32   33573   11423  137295   285581   8.51
1925-1929     75-79     0.12394  0.46546  2.33   22150   10310   83181   148286   6.69
1925-1929     80-84     0.15596  0.54232  2.19   11840    6421   41170    65105   5.50
1925-1929     85-89     0.20903  0.64697  2.06    5419    3506   16773    23935   4.42
1925-1929     90-94     0.24965  0.70086  1.87    1913    1341    5371     7162   3.74
1925-1929     95-99     0.30720  0.79525  1.97     572     455    1481     1792   3.13
1925-1929    100-104    0.36878  0.85252  1.85     117     100     271      310   2.65
1925-1929    105-109    0.43437  0.89637  1.72      17      15      36       39   2.28
1925-1929    110+       0.48721  1.00000  2.05       2       2       4        4   2.05
1930-1934        0      0.13494  0.12389  0.34  100000   12389   91811  5075072  50.75
1930-1934      1-4      0.02147  0.08108  1.24   87611    7104  330849  4983262  56.88
1930-1934      5-9      0.00358  0.01771  2.09   80507    1426  398385  4652412  57.79
1930-1934     10-14     0.00236  0.01174  2.57   79082     929  393154  4254027  53.79
1930-1934     15-19     0.00392  0.01943  2.74   78153    1519  387326  3860873  49.40
1930-1934     20-24     0.00515  0.02544  2.58   76634    1950  378449  3473547  45.33
1930-1934     25-29     0.00535  0.02641  2.46   74684    1972  368404  3095098  41.44
1930-1934     30-34     0.00567  0.02796  2.54   72712    2033  358561  2726694  37.50
1930-1934     35-39     0.00659  0.03241  2.45   70679    2291  347543  2368133  33.51
1930-1934     40-44     0.00786  0.03855  2.48   68388    2636  335286  2020590  29.55
1930-1934     45-49     0.00986  0.04808  2.43   65752    3162  320632  1685304  25.63
1930-1934     50-54     0.01313  0.06360  2.54   62590    3981  303155  1364672  21.80
1930-1934     55-59     0.01862  0.08895  2.48   58609    5213  279924  1061518  18.11
1930-1934     60-64     0.02947  0.13737  2.53   53396    7335  248897   781593  14.64
1930-1934     65-69     0.04390  0.19683  2.37   46061    9066  206502   532697  11.56
1930-1934     70-74     0.07659  0.32089  2.47   36995   11871  154992   326195   8.82
1930-1934     75-79     0.12265  0.45868  2.25   25124   11524   93954   171203   6.81
1930-1934     80-84     0.14829  0.52651  2.25   13600    7161   48287    77249   5.68
1930-1934     85-89     0.20623  0.64573  2.11    6439    4158   20163    28961   4.50
1930-1934     90-94     0.23908  0.68665  1.90    2281    1566    6552     8799   3.86
1930-1934     95-99     0.30547  0.79376  1.97     715     567    1857     2246   3.14
1930-1934    100-104    0.36983  0.85365  1.85     147     126     340      389   2.64
1930-1934    105-109    0.43799  0.89858  1.72      22      19      44       49   2.26
1930-1934    110+       0.49267  1.00000  2.03       2       2       4        4   2.03
1935-1939        0      0.13253  0.12185  0.34  100000   12185   91944  4910608  49.11
1935-1939      1-4      0.01885  0.07174  1.28   87815    6300  334116  4818664  54.87
1935-1939      5-9      0.00392  0.01940  2.13   81515    1582  403043  4484548  55.01
1935-1939     10-14     0.00262  0.01300  2.58   79934    1039  397159  4081506  51.06
1935-1939     15-19     0.00491  0.02429  2.88   78895    1917  390411  3684347  46.70
1935-1939     20-24     0.00791  0.03879  2.53   76978    2986  377523  3293936  42.79
1935-1939     25-29     0.00779  0.03816  2.43   73992    2824  362702  2916413  39.42
1935-1939     30-34     0.00743  0.03646  2.45   71169    2595  349221  2553711  35.88
1935-1939     35-39     0.00828  0.04056  2.45   68574    2781  335778  2204490  32.15
1935-1939     40-44     0.00985  0.04803  2.42   65793    3160  320813  1868712  28.40
1935-1939     45-49     0.01192  0.05787  2.47   62633    3624  303995  1547899  24.71
1935-1939     50-54     0.01568  0.07536  2.43   59008    4447  283628  1243903  21.08
1935-1939     55-59     0.02005  0.09549  2.53   54561    5210  259917   960276  17.60
1935-1939     60-64     0.03235  0.14943  2.45   49351    7374  227949   700359  14.19
1935-1939     65-69     0.04626  0.20652  2.41   41977    8669  187411   472409  11.25
1935-1939     70-74     0.07908  0.32716  2.36   33308   10897  137795   284999   8.56
1935-1939     75-79     0.12275  0.46254  2.34   22411   10366   84447   147204   6.57
1935-1939     80-84     0.16420  0.56163  2.19   12045    6765   41199    62756   5.21
1935-1939     85-89     0.22717  0.68176  2.07    5280    3600   15846    21557   4.08
1935-1939     90-94     0.27904  0.73577  1.79    1680    1236    4431     5712   3.40
1935-1939     95-99     0.33520  0.82426  1.92     444     366    1092     1281   2.88
1935-1939    100-104    0.40469  0.87900  1.78      78      69     169      189   2.42
1935-1939    105-109    0.47784  0.91866  1.65       9       9      18       20   2.07
1935-1939    110+       0.53711  1.00000  1.86       1       1       1        1   1.86
1940-1944        0      0.13425  0.12330  0.34  100000   12330   91850  5179889  51.80
1940-1944      1-4      0.01493  0.05741  1.31   87670    5033  337156  5088040  58.04
1940-1944      5-9      0.00314  0.01558  2.15   82636    1288  409514  4750883  57.49
1940-1944     10-14     0.00217  0.01079  2.57   81349     878  404614  4341370  53.37
1940-1944     15-19     0.00354  0.01758  2.77   80471    1415  399198  3936756  48.92
1940-1944     20-24     0.00578  0.02849  2.59   79056    2252  389864  3537558  44.75
1940-1944     25-29     0.00627  0.03088  2.48   76804    2371  378034  3147694  40.98
1940-1944     30-34     0.00654  0.03217  2.52   74433    2394  366216  2769659  37.21
1940-1944     35-39     0.00702  0.03448  2.46   72039    2484  353891  2403444  33.36
1940-1944     40-44     0.00826  0.04045  2.51   69555    2814  340768  2049553  29.47
1940-1944     45-49     0.01057  0.05149  2.47   66741    3436  325019  1708785  25.60
1940-1944     50-54     0.01402  0.06776  2.53   63305    4290  305948  1383766  21.86
1940-1944     55-59     0.01924  0.09181  2.51   59015    5418  281593  1077818  18.26
1940-1944     60-64     0.02922  0.13625  2.53   53597    7303  249942   796225  14.86
1940-1944     65-69     0.04243  0.19104  2.40   46294    8844  208451   546283  11.80
1940-1944     70-74     0.07100  0.30117  2.48   37450   11279  158855   337832   9.02
1940-1944     75-79     0.11329  0.43368  2.30   26171   11350  100185   178977   6.84
1940-1944     80-84     0.15799  0.55105  2.26   14821    8167   51696    78792   5.32
1940-1944     85-89     0.22711  0.68495  2.10    6654    4558   20068    27096   4.07
1940-1944     90-94     0.27864  0.74403  1.87    2096    1560    5598     7028   3.35
1940-1944     95-99     0.36371  0.85083  1.87     537     457    1255     1430   2.67
1940-1944    100-104    0.44983  0.90661  1.71      80      73     161      175   2.19
1940-1944    105-109    0.53868  0.94269  1.55       7       7      13       14   1.84
1940-1944    110+       0.61020  1.00000  1.64       0       0       1        1   1.64
1945-1949        0      0.08538  0.08045  0.28  100000    8045   94234  5935879  59.36
1945-1949      1-4      0.00860  0.03365  1.40   91955    3094  359782  5841645  63.53
1945-1949      5-9      0.00229  0.01139  2.18   88860    1012  441443  5481862  61.69
1945-1949     10-14     0.00164  0.00818  2.57   87848     719  437495  5040419  57.38
1945-1949     15-19     0.00269  0.01335  2.75   87129    1163  433033  4602925  52.83
1945-1949     20-24     0.00413  0.02043  2.62   85966    1756  425655  4169892  48.51
1945-1949     25-29     0.00453  0.02241  2.46   84210    1887  416254  3744237  44.46
1945-1949     30-34     0.00435  0.02151  2.48   82323    1771  407152  3327983  40.43
1945-1949     35-39     0.00483  0.02386  2.51   80552    1922  397975  2920831  36.26
1945-1949     40-44     0.00585  0.02882  2.50   78630    2266  387487  2522855  32.08
1945-1949     45-49     0.00775  0.03803  2.56   76364    2904  374748  2135368  27.96
1945-1949     50-54     0.01066  0.05196  2.55   73460    3817  357938  1760620  23.97
1945-1949     55-59     0.01495  0.07217  2.60   69643    5026  336144  1402682  20.14
1945-1949     60-64     0.02258  0.10703  2.57   64617    6916  306299  1066538  16.51
1945-1949     65-69     0.03528  0.16212  2.50   57700    9354  265138   760238  13.18
1945-1949     70-74     0.05658  0.24823  2.53   48346   12001  212095   495101  10.24
1945-1949     75-79     0.09345  0.37746  2.45   36345   13719  146802   283006   7.79
1945-1949     80-84     0.13347  0.49422  2.38   22627   11183   83780   136204   6.02
1945-1949     85-89     0.19863  0.63591  2.17   11444    7277   36638    52424   4.58
1945-1949     90-94     0.23873  0.69849  2.03    4167    2910   12191    15785   3.79
1945-1949     95-99     0.33567  0.82725  1.93    1256    1039    3096     3595   2.86
1945-1949    100-104    0.42652  0.89465  1.76     217     194     455      499   2.30
1945-1949    105-109    0.52251  0.93787  1.58      23      21      41       43   1.90
1945-1949    110+       0.60044  1.00000  1.67       1       1       2        2   1.67
1950-1954        0      0.06719  0.06390  0.23  100000    6390   95102  6415547  64.16
1950-1954      1-4      0.00559  0.02202  1.39   93610    2061  369070  6320446  67.52
1950-1954      5-9      0.00143  0.00713  2.21   91549     653  455921  5951375  65.01
1950-1954     10-14     0.00103  0.00516  2.56   90896     469  453337  5495454  60.46
1950-1954     15-19     0.00148  0.00737  2.69   90427     667  450598  5042118  55.76
1950-1954     20-24     0.00211  0.01049  2.57   89760     941  446520  4591519  51.15
1950-1954     25-29     0.00248  0.01230  2.51   88819    1093  441377  4145000  46.67
1950-1954     30-34     0.00271  0.01346  2.53   87726    1181  435713  3703623  42.22
1950-1954     35-39     0.00320  0.01588  2.56   86546    1374  429377  3267910  37.76
1950-1954     40-44     0.00416  0.02060  2.56   85172    1755  421579  2838534  33.33
1950-1954     45-49     0.00575  0.02835  2.58   83417    2365  411369  2416955  28.97
1950-1954     50-54     0.00871  0.04266  2.63   81052    3458  397075  2005586  24.74
1950-1954     55-59     0.01274  0.06183  2.62   77594    4798  376568  1608511  20.73
1950-1954     60-64     0.02062  0.09828  2.63   72797    7155  346992  1231943  16.92
1950-1954     65-69     0.03167  0.14692  2.55   65642    9644  304573   884951  13.48
1950-1954     70-74     0.05644  0.24836  2.59   55998   13907  246407   580377  10.36
1950-1954     75-79     0.08852  0.36126  2.46   42090   15206  171780   333970   7.93
1950-1954     80-84     0.13242  0.49279  2.41   26885   13248  100046   162191   6.03
1950-1954     85-89     0.19808  0.63729  2.20   13636    8690   43873    62145   4.56
1950-1954     90-94     0.24544  0.71165  2.05    4946    3520   14341    18272   3.69
1950-1954     95-99     0.34923  0.84020  1.91    1426    1198    3431     3931   2.76
1950-1954    100-104    0.44742  0.90664  1.72     228     207     462      500   2.19
1950-1954    105-109    0.54998  0.94703  1.54      21      20      37       38   1.81
1950-1954    110+       0.63255  1.00000  1.58       1       1       2        2   1.58
1955-1959        0      0.05418  0.05192  0.20  100000    5192   95835  6751882  67.52
1955-1959      1-4      0.00293  0.01163  1.45   94808    1103  376413  6656046  70.21
1955-1959      5-9      0.00085  0.00426  2.22   93705     399  467412  6279634  67.02
1955-1959     10-14     0.00065  0.00327  2.54   93306     305  465779  5812221  62.29
1955-1959     15-19     0.00089  0.00445  2.68   93001     414  464044  5346443  57.49
1955-1959     20-24     0.00123  0.00614  2.62   92587     569  461582  4882399  52.73
1955-1959     25-29     0.00160  0.00795  2.55   92018     731  458298  4420818  48.04
1955-1959     30-34     0.00185  0.00923  2.58   91287     842  454400  3962519  43.41
1955-1959     35-39     0.00244  0.01215  2.58   90445    1099  449567  3508120  38.79
1955-1959     40-44     0.00331  0.01643  2.59   89345    1468  443187  3058552  34.23
1955-1959     45-49     0.00474  0.02345  2.64   87877    2060  434519  2615365  29.76
1955-1959     50-54     0.00739  0.03630  2.64   85817    3115  421745  2180847  25.41
1955-1959     55-59     0.01144  0.05571  2.65   82702    4607  402704  1759101  21.27
1955-1959     60-64     0.01847  0.08856  2.67   78095    6916  374377  1356398  17.37
1955-1959     65-69     0.03039  0.14152  2.57   71178   10073  331462   982021  13.80
1955-1959     70-74     0.05071  0.22610  2.61   61105   13816  272465   650559  10.65
1955-1959     75-79     0.08565  0.35271  2.50   47289   16679  194746   378094   8.00
1955-1959     80-84     0.13206  0.49277  2.43   30610   15084  114218   183348   5.99
1955-1959     85-89     0.20178  0.64585  2.21   15526   10028   49695    69130   4.45
1955-1959     90-94     0.25797  0.73381  2.06    5499    4035   15641    19435   3.53
1955-1959     95-99     0.37296  0.86061  1.87    1464    1260    3377     3794   2.59
1955-1959    100-104    0.48219  0.92370  1.66     204     188     391      417   2.04
1955-1959    105-109    0.59373  0.95895  1.47      16      15      25       26   1.68
1955-1959    110+       0.68183  1.00000  1.47       1       1       1        1   1.47
1960-1964        0      0.04446  0.04288  0.17  100000    4288   96447  6975335  69.75
1960-1964      1-4      0.00173  0.00689  1.49   95712     660  381191  6878888  71.87
1960-1964      5-9      0.00061  0.00305  2.29   95052     290  474473  6497696  68.36
1960-1964     10-14     0.00049  0.00245  2.57   94762     232  473246  6023224  63.56
1960-1964     15-19     0.00071  0.00353  2.70   94530     334  471882  5549978  58.71
1960-1964     20-24     0.00091  0.00456  2.60   94196     429  469950  5078096  53.91
1960-1964     25-29     0.00123  0.00611  2.56   93767     573  467436  4608146  49.14
1960-1964     30-34     0.00150  0.00745  2.60   93194     695  464304  4140710  44.43
1960-1964     35-39     0.00198  0.00984  2.62   92499     910  460327  3676406  39.75
1960-1964     40-44     0.00286  0.01420  2.63   91589    1301  454859  3216078  35.11
1960-1964     45-49     0.00421  0.02086  2.64   90288    1883  447007  2761219  30.58
1960-1964     50-54     0.00662  0.03261  2.67   88405    2883  435302  2314212  26.18
1960-1964     55-59     0.01034  0.05051  2.68   85522    4319  417585  1878910  21.97
1960-1964     60-64     0.01721  0.08273  2.67   81203    6718  390330  1461325  18.00
1960-1964     65-69     0.02738  0.12850  2.62   74485    9572  349596  1070995  14.38
1960-1964     70-74     0.04711  0.21192  2.63   64913   13756  291988   721399  11.11
1960-1964     75-79     0.07777  0.32639  2.54   51157   16697  214705   429412   8.39
1960-1964     80-84     0.12433  0.47210  2.45   34460   16268  130846   214706   6.23
1960-1964     85-89     0.19035  0.62608  2.27   18191   11389   59832    83861   4.61
1960-1964     90-94     0.25831  0.73798  2.10    6802    5020   19433    24029   3.53
1960-1964     95-99     0.37468  0.86266  1.87    1782    1538    4104     4595   2.58
1960-1964    100-104    0.49065  0.92772  1.65     245     227     463      492   2.01
1960-1964    105-109    0.60837  0.96248  1.45      18      17      28       29   1.64
1960-1964    110+       0.70046  1.00000  1.43       1       1       1        1   1.43
1965-1969        0      0.03488  0.03387  0.14  100000    3387   97104  7124619  71.25
1965-1969      1-4      0.00103  0.00411  1.62   96613     397  385508  7027515  72.74
1965-1969      5-9      0.00046  0.00229  2.34   96216     220  480495  6642008  69.03
1965-1969     10-14     0.00041  0.00204  2.65   95996     195  479520  6161513  64.19
1965-1969     15-19     0.00064  0.00319  2.74   95800     306  478312  5681993  59.31
1965-1969     20-24     0.00091  0.00453  2.58   95495     432  476429  5203681  54.49
1965-1969     25-29     0.00106  0.00527  2.58   95062     501  474097  4727252  49.73
1965-1969     30-34     0.00131  0.00651  2.63   94561     616  471345  4253155  44.98
1965-1969     35-39     0.00182  0.00904  2.65   93945     849  467733  3781810  40.26
1965-1969     40-44     0.00265  0.01316  2.67   93096    1225  462621  3314077  35.60
1965-1969     45-49     0.00404  0.02000  2.66   91871    1838  455060  2851456  31.04
1965-1969     50-54     0.00622  0.03067  2.68   90033    2761  443758  2396396  26.62
1965-1969     55-59     0.00972  0.04751  2.69   87272    4146  426762  1952638  22.37
1965-1969     60-64     0.01603  0.07725  2.67   83126    6422  400654  1525876  18.36
1965-1969     65-69     0.02664  0.12529  2.63   76704    9610  360774  1125223  14.67
1965-1969     70-74     0.04458  0.20171  2.64   67094   13534  303576   764449  11.39
1965-1969     75-79     0.07449  0.31487  2.55   53560   16864  226411   460873   8.60
1965-1969     80-84     0.11877  0.45651  2.47   36696   16752  141046   234462   6.39
1965-1969     85-89     0.18558  0.61737  2.29   19944   12313   66347    93417   4.68
1965-1969     90-94     0.25685  0.73661  2.11    7631    5621   21886    27069   3.55
1965-1969     95-99     0.37423  0.86280  1.88    2010    1734    4634     5184   2.58
1965-1969    100-104    0.49444  0.92957  1.64     276     256     518      550   1.99
1965-1969    105-109    0.61624  0.96429  1.44      19      19      30       31   1.62
1965-1969    110+       0.71098  1.00000  1.41       1       1       1        1   1.41
1970-1974        0      0.02413  0.02363  0.12  100000    2363   97909  7252546  72.53
1970-1974      1-4      0.00092  0.00365  1.63   97637     357  389703  7154637  73.28
1970-1974      5-9      0.00043  0.00215  2.34   97280     209  485847  6764934  69.54
1970-1974     10-14     0.00036  0.00181  2.63   97071     175  484942  6279087  64.69
1970-1974     15-19     0.00063  0.00316  2.76   96896     307  483792  5794145  59.80
1970-1974     20-24     0.00086  0.00428  2.55   96589     413  481935  5310354  54.98
1970-1974     25-29     0.00098  0.00488  2.53   96176     470  479722  4828419  50.20
1970-1974     30-34     0.00121  0.00603  2.61   95707     577  477156  4348697  45.44
1970-1974     35-39     0.00165  0.00821  2.65   95130     781  473812  3871540  40.70
1970-1974     40-44     0.00247  0.01227  2.63   94349    1157  469008  3397728  36.01
1970-1974     45-49     0.00382  0.01895  2.69   93192    1766  461889  2928721  31.43
1970-1974     50-54     0.00607  0.02993  2.66   91426    2737  450741  2466831  26.98
1970-1974     55-59     0.00920  0.04501  2.67   88690    3992  434139  2016091  22.73
1970-1974     60-64     0.01497  0.07233  2.68   84698    6126  409263  1581952  18.68
1970-1974     65-69     0.02447  0.11568  2.64   78572    9090  371399  1172689  14.93
1970-1974     70-74     0.04297  0.19509  2.64   69482   13555  315471   801290  11.53
1970-1974     75-79     0.07189  0.30581  2.56   55927   17103  237910   485819   8.69
1970-1974     80-84     0.11771  0.45397  2.48   38824   17625  149739   247910   6.39
1970-1974     85-89     0.18518  0.61664  2.29   21199   13072   70592    98171   4.63
1970-1974     90-94     0.27159  0.76042  2.11    8127    6180   22754    27580   3.39
1970-1974     95-99     0.39064  0.87544  1.85    1947    1705    4363     4825   2.48
1970-1974    100-104    0.51879  0.93899  1.60     243     228     439      462   1.90
1970-1974    105-109    0.64572  0.96997  1.39      15      14      22       23   1.54
1970-1974    110+       0.74205  1.00000  1.35       0       0       1        1   1.35
1975-1979        0      0.01638  0.01614  0.09  100000    1614   98538  7420586  74.21
1975-1979      1-4      0.00074  0.00295  1.60   98386     290  392849  7322049  74.42
1975-1979      5-9      0.00036  0.00180  2.39   98096     176  490020  6929200  70.64
1975-1979     10-14     0.00032  0.00161  2.60   97920     158  489220  6439180  65.76
1975-1979     15-19     0.00060  0.00302  2.77   97762     295  488152  5949959  60.86
1975-1979     20-24     0.00077  0.00387  2.51   97467     377  486396  5461807  56.04
1975-1979     25-29     0.00082  0.00407  2.53   97090     395  484472  4975411  51.25
1975-1979     30-34     0.00102  0.00507  2.59   96694     490  482290  4490940  46.44
1975-1979     35-39     0.00143  0.00712  2.68   96204     685  479427  4008649  41.67
1975-1979     40-44     0.00219  0.01091  2.68   95519    1042  475175  3529223  36.95
1975-1979     45-49     0.00349  0.01729  2.68   94477    1633  468589  3054048  32.33
1975-1979     50-54     0.00556  0.02745  2.66   92843    2549  458256  2585459  27.85
1975-1979     55-59     0.00871  0.04269  2.66   90294    3855  442465  2127203  23.56
1975-1979     60-64     0.01353  0.06556  2.65   86439    5667  418892  1684738  19.49
1975-1979     65-69     0.02211  0.10513  2.66   80772    8492  383994  1265846  15.67
1975-1979     70-74     0.03730  0.17139  2.64   72281   12388  332136   881851  12.20
1975-1979     75-79     0.06481  0.28021  2.59   59893   16783  258970   549715   9.18
1975-1979     80-84     0.10806  0.42490  2.49   43110   18317  169515   290746   6.74
1975-1979     85-89     0.17179  0.58877  2.33   24793   14597   84971   121231   4.89
1975-1979     90-94     0.25666  0.73797  2.12   10195    7524   29315    36259   3.56
1975-1979     95-99     0.37044  0.86074  1.89    2671    2299    6207     6944   2.60
1975-1979    100-104    0.49779  0.93145  1.64     372     347     696      737   1.98
1975-1979    105-109    0.62649  0.96658  1.42      26      25      39       41   1.59
1975-1979    110+       0.72541  1.00000  1.38       1       1       1        1   1.38
1980-1984        0      0.01112  0.01101  0.08  100000    1101   98986  7601431  76.01
1980-1984      1-4      0.00058  0.00233  1.59   98899     231  395040  7502445  75.86
1980-1984      5-9      0.00029  0.00144  2.33   98668     142  492961  7107406  72.03
1980-1984     10-14     0.00027  0.00137  2.62   98526     135  492308  6614445  67.13
1980-1984     15-19     0.00054  0.00270  2.80   98391     266  491370  6122136  62.22
1980-1984     20-24     0.00073  0.00364  2.53   98125     358  489741  5630766  57.38
1980-1984     25-29     0.00076  0.00380  2.53   97768     371  487920  5141025  52.58
1980-1984     30-34     0.00091  0.00452  2.58   97396     440  485917  4653106  47.78
1980-1984     35-39     0.00126  0.00629  2.65   96956     610  483348  4167189  42.98
1980-1984     40-44     0.00195  0.00973  2.67   96347     937  479551  3683841  38.24
1980-1984     45-49     0.00308  0.01530  2.67   95409    1460  473646  3204290  33.58
1980-1984     50-54     0.00490  0.02420  2.66   93950    2274  464427  2730645  29.06
1980-1984     55-59     0.00763  0.03750  2.67   91676    3438  450361  2266217  24.72
1980-1984     60-64     0.01204  0.05856  2.65   88238    5168  429041  1815857  20.58
1980-1984     65-69     0.01878  0.08994  2.66   83070    7471  397844  1386815  16.69
1980-1984     70-74     0.03201  0.14891  2.66   75599   11257  351650   988972  13.08
1980-1984     75-79     0.05526  0.24408  2.61   64342   15704  284214   637322   9.91
1980-1984     80-84     0.09526  0.38548  2.53   48637   18749  196806   353108   7.26
1980-1984     85-89     0.15618  0.55309  2.36   29889   16531  105845   156302   5.23
1980-1984     90-94     0.23762  0.70916  2.16   13358    9473   39865    50456   3.78
1980-1984     95-99     0.35063  0.84527  1.94    3885    3284    9365    10592   2.73
1980-1984    100-104    0.48202  0.92566  1.67     601     556    1154     1226   2.04
1980-1984    105-109    0.61761  0.96518  1.44      45      43      70       72   1.61
1980-1984    110+       0.72273  1.00000  1.38       2       2       2        2   1.38
1985-1989        0      0.00850  0.00844  0.07  100000     844   99217  7679463  76.79
1985-1989      1-4      0.00046  0.00183  1.63   99156     181  396195  7580247  76.45
1985-1989      5-9      0.00023  0.00117  2.36   98975     116  494568  7184051  72.58
1985-1989     10-14     0.00023  0.00116  2.69   98859     115  494029  6689483  67.67
1985-1989     15-19     0.00060  0.00302  2.85   98744     298  493081  6195454  62.74
1985-1989     20-24     0.00089  0.00444  2.56   98446     437  491164  5702373  57.92
1985-1989     25-29     0.00094  0.00471  2.49   98009     461  488887  5211209  53.17
1985-1989     30-34     0.00100  0.00500  2.56   97548     488  486547  4722322  48.41
1985-1989     35-39     0.00130  0.00650  2.63   97060     631  483803  4235775  43.64
1985-1989     40-44     0.00190  0.00944  2.66   96429     911  480013  3751972  38.91
1985-1989     45-49     0.00298  0.01479  2.68   95518    1412  474314  3271960  34.25
1985-1989     50-54     0.00462  0.02288  2.66   94106    2153  465494  2797645  29.73
1985-1989     55-59     0.00714  0.03513  2.67   91953    3231  452234  2332152  25.36
1985-1989     60-64     0.01119  0.05453  2.65   88722    4838  432258  1879918  21.19
1985-1989     65-69     0.01767  0.08481  2.65   83885    7114  402692  1447660  17.26
1985-1989     70-74     0.02906  0.13603  2.65   76770   10443  359347  1044968  13.61
1985-1989     75-79     0.05037  0.22499  2.63   66327   14923  296267   685621  10.34
1985-1989     80-84     0.08737  0.35965  2.54   51405   18488  211590   389354   7.57
1985-1989     85-89     0.14727  0.53324  2.41   32917   17553  119185   177764   5.40
1985-1989     90-94     0.23449  0.70668  2.19   15364   10858   46304    58578   3.81
1985-1989     95-99     0.35036  0.84609  1.94    4507    3813   10883    12274   2.72
1985-1989    100-104    0.49062  0.92989  1.66     694     645    1315     1391   2.01
1985-1989    105-109    0.63471  0.96873  1.41      49      47      74       76   1.57
1985-1989    110+       0.74464  1.00000  1.34       2       2       2        2   1.34
1990-1994        0      0.00691  0.00686  0.07  100000     686   99360  7750300  77.50
1990-1994      1-4      0.00040  0.00159  1.62   99314     158  396879  7650940  77.04
1990-1994      5-9      0.00020  0.00102  2.37   99156     101  495512  7254062  73.16
1990-1994     10-14     0.00021  0.00105  2.73   99054     104  495036  6758550  68.23
1990-1994     15-19     0.00054  0.00268  2.88   98950     265  494189  6263514  63.30
1990-1994     20-24     0.00088  0.00440  2.58   98685     434  492378  5769325  58.46
1990-1994     25-29     0.00120  0.00600  2.63   98252     590  489859  5276946  53.71
1990-1994     30-34     0.00140  0.00699  2.49   97662     683  486594  4787087  49.02
1990-1994     35-39     0.00145  0.00725  2.56   96979     703  483177  4300494  44.34
1990-1994     40-44     0.00191  0.00950  2.64   96276     914  479219  3817317  39.65
1990-1994     45-49     0.00285  0.01413  2.66   95362    1348  473647  3338098  35.00
1990-1994     50-54     0.00433  0.02142  2.67   94014    2014  465384  2864451  30.47
1990-1994     55-59     0.00660  0.03252  2.66   92000    2992  452997  2399067  26.08
1990-1994     60-64     0.01025  0.05005  2.67   89008    4455  434651  1946069  21.86
1990-1994     65-69     0.01627  0.07836  2.66   84553    6625  407241  1511419  17.88
1990-1994     70-74     0.02670  0.12560  2.65   77928    9788  366619  1104177  14.17
1990-1994     75-79     0.04555  0.20562  2.64   68140   14011  307618   737559  10.82
1990-1994     80-84     0.07977  0.33404  2.57   54129   18081  226675   429941   7.94
1990-1994     85-89     0.13704  0.50693  2.43   36048   18274  133350   203266   5.64
1990-1994     90-94     0.22437  0.69190  2.23   17774   12298   54813    69916   3.93
1990-1994     95-99     0.34489  0.84210  1.96    5476    4611   13371    15103   2.76
1990-1994    100-104    0.49101  0.93056  1.66     865     805    1639     1732   2.00
1990-1994    105-109    0.64130  0.97011  1.41      60      58      91       93   1.55
1990-1994    110+       0.75495  1.00000  1.32       2       2       2        2   1.32
1995-1999        0      0.00505  0.00503  0.06  100000     503   99528  7865409  78.65
1995-1999      1-4      0.00031  0.00123  1.66   99497     123  397700  7765881  78.05
1995-1999      5-9      0.00016  0.00080  2.38   99374      80  496662  7368181  74.15
1995-1999     10-14     0.00018  0.00088  2.67   99295      87  496271  6871518  69.20
1995-1999     15-19     0.00043  0.00214  2.78   99208     212  495568  6375248  64.26
1995-1999     20-24     0.00060  0.00299  2.60   98996     296  494267  5879679  59.39
1995-1999     25-29     0.00084  0.00421  2.70   98700     416  492540  5385413  54.56
1995-1999     30-34     0.00123  0.00615  2.60   98284     605  489966  4892872  49.78
1995-1999     35-39     0.00142  0.00708  2.55   97679     692  486703  4402906  45.08
1995-1999     40-44     0.00182  0.00904  2.63   96987     877  482856  3916203  40.38
1995-1999     45-49     0.00264  0.01314  2.66   96111    1263  477592  3433347  35.72
1995-1999     50-54     0.00393  0.01945  2.65   94847    1845  469898  2955755  31.16
1995-1999     55-59     0.00600  0.02957  2.67   93002    2750  458598  2485857  26.73
1995-1999     60-64     0.00926  0.04531  2.66   90252    4090  441689  2027259  22.46
1995-1999     65-69     0.01479  0.07149  2.67   86163    6160  416449  1585570  18.40
1995-1999     70-74     0.02456  0.11614  2.67   80003    9291  378347  1169121  14.61
1995-1999     75-79     0.04263  0.19366  2.64   70711   13694  321224   790774  11.18
1995-1999     80-84     0.07363  0.31248  2.58   57017   17817  241990   469551   8.24
1995-1999     85-89     0.13028  0.48958  2.46   39201   19192  147308   227561   5.81
1995-1999     90-94     0.21796  0.68120  2.25   20009   13630   62535    80252   4.01
1995-1999     95-99     0.34157  0.83997  1.98    6379    5358   15686    17718   2.78
1995-1999    100-104    0.49425  0.93239  1.66    1021     952    1926     2031   1.99
1995-1999    105-109    0.65121  0.97199  1.39      69      67     103      106   1.53
1995-1999    110+       0.76842  1.00000  1.30       2       2       3        3   1.30
2000-2004        0      0.00410  0.00409  0.06  100000     409   99616  7981981  79.82
2000-2004      1-4      0.00024  0.00095  1.62   99591      94  398142  7882365  79.15
2000-2004      5-9      0.00013  0.00064  2.46   99497      64  497323  7484223  75.22
2000-2004     10-14     0.00015  0.00076  2.71   99433      75  496994  6986900  70.27
2000-2004     15-19     0.00040  0.00199  2.80   99358     198  496353  6489907  65.32
2000-2004     20-24     0.00053  0.00265  2.48   99160     263  495137  5993553  60.44
2000-2004     25-29     0.00058  0.00290  2.58   98897     287  493791  5498417  55.60
2000-2004     30-34     0.00079  0.00396  2.64   98610     391  492129  5004625  50.75
2000-2004     35-39     0.00115  0.00576  2.66   98219     565  489773  4512497  45.94
2000-2004     40-44     0.00167  0.00832  2.65   97654     812  486363  4022724  41.19
2000-2004     45-49     0.00254  0.01260  2.66   96842    1220  481352  3536361  36.52
2000-2004     50-54     0.00373  0.01851  2.65   95621    1770  473940  3055008  31.95
2000-2004     55-59     0.00551  0.02718  2.64   93851    2551  463245  2581069  27.50
2000-2004     60-64     0.00839  0.04113  2.66   91300    3755  447710  2117824  23.20
2000-2004     65-69     0.01321  0.06406  2.66   87546    5608  424606  1670113  19.08
2000-2004     70-74     0.02187  0.10405  2.67   81938    8526  389795  1245507  15.20
2000-2004     75-79     0.03835  0.17593  2.65   73412   12915  336734   855712  11.66
2000-2004     80-84     0.06792  0.29209  2.61   60497   17671  260164   518978   8.58
2000-2004     85-89     0.12162  0.46541  2.48   42826   19932  163891   258814   6.04
2000-2004     90-94     0.20835  0.66475  2.28   22894   15219   73047    94923   4.15
2000-2004     95-99     0.33128  0.83083  2.00    7675    6377   19250    21876   2.85
2000-2004    100-104    0.48556  0.92923  1.68    1298    1207    2485     2627   2.02
2000-2004    105-109    0.64579  0.97123  1.40      92      89     138      142   1.54
2000-2004    110+       0.76588  1.00000  1.31       3       3       3        3   1.31
2005-2009        0      0.00344  0.00343  0.06  100000     343   99677  8105799  81.06
2005-2009      1-4      0.00019  0.00076  1.64   99657      76  398450  8006122  80.34
2005-2009      5-9      0.00010  0.00051  2.34   99581      51  497772  7607672  76.40
2005-2009     10-14     0.00012  0.00060  2.72   99531      60  497517  7109900  71.43
2005-2009     15-19     0.00032  0.00161  2.80   99471     160  497003  6612383  66.48
2005-2009     20-24     0.00040  0.00199  2.52   99311     197  496065  6115380  61.58
2005-2009     25-29     0.00043  0.00216  2.53   99114     214  495039  5619315  56.70
2005-2009     30-34     0.00055  0.00275  2.65   98900     272  493857  5124275  51.81
2005-2009     35-39     0.00088  0.00438  2.70   98627     432  492141  4630418  46.95
2005-2009     40-44     0.00143  0.00711  2.68   98195     698  489356  4138277  42.14
2005-2009     45-49     0.00227  0.01127  2.67   97497    1099  484921  3648920  37.43
2005-2009     50-54     0.00351  0.01743  2.66   96398    1680  478063  3163999  32.82
2005-2009     55-59     0.00514  0.02538  2.65   94718    2404  467939  2685936  28.36
2005-2009     60-64     0.00758  0.03721  2.63   92314    3435  453414  2217997  24.03
2005-2009     65-69     0.01165  0.05672  2.67   88879    5041  432644  1764582  19.85
2005-2009     70-74     0.01912  0.09155  2.68   83838    7675  401358  1331938  15.89
2005-2009     75-79     0.03366  0.15606  2.67   76162   11886  353148   930580  12.22
2005-2009     80-84     0.06187  0.26959  2.61   64276   17328  280051   577431   8.98
2005-2009     85-89     0.11258  0.43978  2.51   46948   20647  183396   297381   6.33
2005-2009     90-94     0.19584  0.64105  2.31   26301   16860   86094   113985   4.33
2005-2009     95-99     0.31727  0.81754  2.04    9441    7718   24328    27891   2.95
2005-2009    100-104    0.47385  0.92478  1.70    1723    1593    3362     3564   2.07
2005-2009    105-109    0.63915  0.97033  1.41     130     126     197      202   1.56
2005-2009    110+       0.76375  1.00000  1.31       4       4       5        5   1.31
2010-2014        0      0.00294  0.00293  0.06  100000     293   99724  8242911  82.43
2010-2014      1-4      0.00015  0.00061  1.60   99707      61  398682  8143187  81.67
2010-2014      5-9      0.00008  0.00042  2.45   99646      41  498125  7744505  77.72
2010-2014     10-14     0.00009  0.00047  2.74   99605      47  497917  7246380  72.75
2010-2014     15-19     0.00019  0.00095  2.84   99558      95  497584  6748464  67.78
2010-2014     20-24     0.00027  0.00137  2.49   99463     137  496972  6250879  62.85
2010-2014     25-29     0.00031  0.00153  2.57   99327     152  496263  5753907  57.93
2010-2014     30-34     0.00041  0.00205  2.62   99174     204  495387  5257644  53.01
2010-2014     35-39     0.00061  0.00305  2.70   98971     301  494161  4762258  48.12
2010-2014     40-44     0.00108  0.00540  2.74   98669     533  492144  4268097  43.26
2010-2014     45-49     0.00192  0.00955  2.72   98136     937  488543  3775953  38.48
2010-2014     50-54     0.00314  0.01557  2.67   97200    1514  482474  3287410  33.82
2010-2014     55-59     0.00478  0.02362  2.65   95686    2261  473126  2804936  29.31
2010-2014     60-64     0.00700  0.03445  2.63   93425    3218  459506  2331810  24.96
2010-2014     65-69     0.01035  0.05050  2.65   90207    4556  440311  1872304  20.76
2010-2014     70-74     0.01662  0.08002  2.68   85651    6854  412327  1431993  16.72
2010-2014     75-79     0.02904  0.13604  2.68   78797   10720  369097  1019666  12.94
2010-2014     80-84     0.05418  0.24028  2.65   68078   16358  301917   650569   9.56
2010-2014     85-89     0.10138  0.40574  2.54   51720   20985  206984   348652   6.74
2010-2014     90-94     0.17938  0.60757  2.35   30735   18674  104104   141668   4.61
2010-2014     95-99     0.29761  0.79670  2.08   12061    9609   32289    37565   3.11
2010-2014    100-104    0.45403  0.91615  1.74    2452    2247    4948     5276   2.15
2010-2014    105-109    0.62332  0.96772  1.44     206     199     319      328   1.60
2010-2014    110+       0.75292  1.00000  1.33       7       7       9        9   1.33
