Finland, Life tables (period 5x5), Total     Last modified: 07-Oct-2016, MPv5 (May07)

  Year          Age         mx       qx    ax      lx      dx      Lx       Tx     ex
1878-1879        0      0.17771  0.15903  0.34  100000   15903   89489  4196000  41.96
1878-1879      1-4      0.03844  0.13990  1.42   84097   11765  306093  4106511  48.83
1878-1879      5-9      0.00880  0.04289  2.08   72332    3102  352600  3800419  52.54
1878-1879     10-14     0.00470  0.02321  2.40   69230    1607  341975  3447818  49.80
1878-1879     15-19     0.00517  0.02554  2.58   67623    1727  333930  3105843  45.93
1878-1879     20-24     0.00669  0.03292  2.51   65895    2169  324080  2771913  42.07
1878-1879     25-29     0.00740  0.03631  2.51   63726    2314  312863  2447833  38.41
1878-1879     30-34     0.00814  0.03987  2.48   61412    2449  300885  2134970  34.76
1878-1879     35-39     0.00947  0.04625  2.52   58963    2727  288046  1834085  31.11
1878-1879     40-44     0.01076  0.05239  2.51   56236    2946  273841  1546039  27.49
1878-1879     45-49     0.01205  0.05855  2.60   53290    3120  258964  1272198  23.87
1878-1879     50-54     0.01648  0.07918  2.53   50170    3972  241037  1013234  20.20
1878-1879     55-59     0.02318  0.10970  2.57   46197    5068  218670   772198  16.72
1878-1879     60-64     0.03711  0.16992  2.52   41130    6989  188345   553527  13.46
1878-1879     65-69     0.05322  0.23541  2.55   34141    8037  151013   365182  10.70
1878-1879     70-74     0.08369  0.34712  2.54   26104    9061  108265   214169   8.20
1878-1879     75-79     0.12442  0.46977  2.39   17043    8006   64349   105905   6.21
1878-1879     80-84     0.19373  0.63056  2.23    9037    5698   29413    41556   4.60
1878-1879     85-89     0.25655  0.73461  2.09    3338    2452    9560    12143   3.64
1878-1879     90-94     0.32974  0.82060  1.94     886     727    2205     2583   2.92
1878-1879     95-99     0.41164  0.88482  1.78     159     141     342      378   2.38
1878-1879    100-104    0.49832  0.92828  1.62      18      17      34       36   1.98
1878-1879    105-109    0.58487  0.95552  1.48       1       1       2        2   1.70
1878-1879    110+       0.65337  1.00000  1.53       0       0       0        0   1.53
1880-1884        0      0.18553  0.16526  0.34  100000   16526   89074  4059886  40.60
1880-1884      1-4      0.04040  0.14678  1.50   83474   12252  303268  3970812  47.57
1880-1884      5-9      0.01151  0.05567  2.03   71221    3965  344327  3667543  51.49
1880-1884     10-14     0.00523  0.02580  2.37   67257    1735  331714  3323216  49.41
1880-1884     15-19     0.00576  0.02842  2.60   65521    1862  323133  2991503  45.66
1880-1884     20-24     0.00716  0.03515  2.50   63659    2237  312697  2668370  41.92
1880-1884     25-29     0.00742  0.03640  2.44   61422    2236  301388  2355673  38.35
1880-1884     30-34     0.00817  0.04003  2.50   59186    2369  290019  2054285  34.71
1880-1884     35-39     0.00928  0.04537  2.52   56817    2578  277699  1764267  31.05
1880-1884     40-44     0.01084  0.05280  2.52   54239    2864  264105  1486568  27.41
1880-1884     45-49     0.01263  0.06127  2.56   51375    3148  249186  1222463  23.79
1880-1884     50-54     0.01682  0.08082  2.57   48227    3898  231658   973276  20.18
1880-1884     55-59     0.02311  0.10941  2.57   44330    4850  209875   741618  16.73
1880-1884     60-64     0.03449  0.15925  2.59   39480    6287  182276   531744  13.47
1880-1884     65-69     0.05418  0.23908  2.54   33192    7936  146462   349468  10.53
1880-1884     70-74     0.08444  0.34845  2.49   25257    8801  104218   203007   8.04
1880-1884     75-79     0.13155  0.48951  2.39   16456    8055   61234    98789   6.00
1880-1884     80-84     0.19584  0.63586  2.24    8401    5342   27275    37555   4.47
1880-1884     85-89     0.27719  0.76827  2.10    3059    2350    8479    10280   3.36
1880-1884     90-94     0.38119  0.86701  1.86     709     615    1612     1801   2.54
1880-1884     95-99     0.49229  0.92784  1.64      94      87     178      189   2.00
1880-1884    100-104    0.60272  0.96085  1.46       7       7      11       11   1.65
1880-1884    105-109    0.70272  0.97757  1.31       0       0       0        0   1.42
1880-1884    110+       0.77597  1.00000  1.29       0       0       0        0   1.29
1885-1889        0      0.16686  0.15028  0.34  100000   15028   90065  4350244  43.50
1885-1889      1-4      0.03330  0.12277  1.45   84972   10432  313326  4260179  50.14
1885-1889      5-9      0.00873  0.04257  2.12   74539    3173  363556  3946853  52.95
1885-1889     10-14     0.00441  0.02179  2.30   71366    1555  352630  3583297  50.21
1885-1889     15-19     0.00500  0.02471  2.74   69811    1725  345155  3230667  46.28
1885-1889     20-24     0.00682  0.03351  2.50   68086    2282  334722  2885512  42.38
1885-1889     25-29     0.00720  0.03537  2.52   65804    2327  323246  2550790  38.76
1885-1889     30-34     0.00809  0.03965  2.52   63477    2517  311137  2227544  35.09
1885-1889     35-39     0.00912  0.04458  2.56   60960    2718  298163  1916407  31.44
1885-1889     40-44     0.01044  0.05088  2.51   58242    2964  283828  1618244  27.78
1885-1889     45-49     0.01218  0.05911  2.53   55278    3268  268337  1334415  24.14
1885-1889     50-54     0.01548  0.07457  2.57   52011    3878  250611  1066078  20.50
1885-1889     55-59     0.02279  0.10796  2.56   48133    5196  228008   815467  16.94
1885-1889     60-64     0.03339  0.15456  2.60   42936    6636  198726   587460  13.68
1885-1889     65-69     0.05228  0.23191  2.57   36300    8418  161036   388734  10.71
1885-1889     70-74     0.08276  0.34250  2.48   27882    9549  115390   227698   8.17
1885-1889     75-79     0.12695  0.47644  2.38   18332    8734   68802   112308   6.13
1885-1889     80-84     0.19358  0.63343  2.27    9598    6080   31407    43506   4.53
1885-1889     85-89     0.27149  0.76035  2.11    3518    2675    9854    12099   3.44
1885-1889     90-94     0.36239  0.85190  1.89     843     718    1982     2245   2.66
1885-1889     95-99     0.46733  0.91684  1.69     125     114     245      263   2.11
1885-1889    100-104    0.57560  0.95438  1.50      10      10      17       18   1.73
1885-1889    105-109    0.67777  0.97421  1.34       0       0       1        1   1.47
1885-1889    110+       0.75479  1.00000  1.32       0       0       0        0   1.32
1890-1894        0      0.15134  0.13758  0.34  100000   13758   90905  4299697  43.00
1890-1894      1-4      0.03732  0.13650  1.49   86242   11772  315436  4208792  48.80
1890-1894      5-9      0.01023  0.04964  2.08   74470    3697  361541  3893356  52.28
1890-1894     10-14     0.00502  0.02476  2.32   70773    1752  349165  3531815  49.90
1890-1894     15-19     0.00568  0.02802  2.76   69021    1934  340779  3182650  46.11
1890-1894     20-24     0.00743  0.03643  2.27   67087    2444  328752  2841870  42.36
1890-1894     25-29     0.00697  0.03430  2.64   64643    2218  317988  2513118  38.88
1890-1894     30-34     0.00817  0.03999  2.42   62425    2496  305686  2195130  35.16
1890-1894     35-39     0.00883  0.04321  2.58   59929    2590  293384  1889444  31.53
1890-1894     40-44     0.01028  0.05012  2.47   57339    2874  279426  1596060  27.84
1890-1894     45-49     0.01202  0.05842  2.60   54465    3182  264692  1316634  24.17
1890-1894     50-54     0.01639  0.07885  2.59   51284    4044  246674  1051942  20.51
1890-1894     55-59     0.02149  0.10200  2.51   47240    4819  224195   805268  17.05
1890-1894     60-64     0.03184  0.14821  2.67   42421    6287  197458   581073  13.70
1890-1894     65-69     0.05211  0.23110  2.56   36134    8350  160256   383615  10.62
1890-1894     70-74     0.08324  0.34469  2.51   27783    9577  115053   223359   8.04
1890-1894     75-79     0.13154  0.48973  2.39   18207    8916   67782   108306   5.95
1890-1894     80-84     0.19886  0.64067  2.22    9290    5952   29930    40524   4.36
1890-1894     85-89     0.29518  0.78603  2.03    3338    2624    8889    10594   3.17
1890-1894     90-94     0.40735  0.88616  1.81     714     633    1554     1705   2.39
1890-1894     95-99     0.53346  0.94363  1.58      81      77     144      151   1.85
1890-1894    100-104    0.65712  0.97175  1.38       5       4       7        7   1.52
1890-1894    105-109    0.76412  0.98447  1.23       0       0       0        0   1.31
1890-1894    110+       0.83809  1.00000  1.19       0       0       0        0   1.19
1895-1899        0      0.14299  0.13064  0.34  100000   13064   91363  4686551  46.87
1895-1899      1-4      0.02578  0.09672  1.44   86936    8409  326206  4595188  52.86
1895-1899      5-9      0.00723  0.03543  2.18   78527    2782  384776  4268983  54.36
1895-1899     10-14     0.00425  0.02103  2.39   75745    1593  374575  3884206  51.28
1895-1899     15-19     0.00510  0.02522  2.67   74152    1870  366405  3509632  47.33
1895-1899     20-24     0.00697  0.03424  2.45   72282    2475  355085  3143226  43.49
1895-1899     25-29     0.00671  0.03298  2.53   69806    2302  343339  2788141  39.94
1895-1899     30-34     0.00769  0.03774  2.51   67504    2547  331188  2444802  36.22
1895-1899     35-39     0.00830  0.04065  2.51   64957    2641  318201  2113614  32.54
1895-1899     40-44     0.00929  0.04538  2.50   62316    2828  304499  1795412  28.81
1895-1899     45-49     0.01106  0.05383  2.54   59488    3202  289575  1490913  25.06
1895-1899     50-54     0.01488  0.07181  2.58   56286    4042  271638  1201338  21.34
1895-1899     55-59     0.02043  0.09728  2.56   52244    5082  248824   929700  17.80
1895-1899     60-64     0.02822  0.13217  2.61   47162    6233  220886   680875  14.44
1895-1899     65-69     0.04666  0.20985  2.60   40928    8589  184056   459989  11.24
1895-1899     70-74     0.07613  0.31965  2.49   32340   10337  135782   275933   8.53
1895-1899     75-79     0.11763  0.45118  2.42   22002    9927   84396   140151   6.37
1895-1899     80-84     0.18582  0.61608  2.27   12075    7439   40035    55756   4.62
1895-1899     85-89     0.27351  0.76032  2.08    4636    3525   12887    15720   3.39
1895-1899     90-94     0.37908  0.86632  1.87    1111     963    2539     2833   2.55
1895-1899     95-99     0.49844  0.93100  1.64     149     138     277      294   1.98
1895-1899    100-104    0.61836  0.96462  1.43      10      10      16       16   1.61
1895-1899    105-109    0.72614  0.98062  1.28       0       0       0        0   1.37
1895-1899    110+       0.80351  1.00000  1.24       0       0       0        0   1.24
1900-1904        0      0.14820  0.13497  0.34  100000   13497   91076  4484986  44.85
1900-1904      1-4      0.03020  0.11224  1.48   86503    9709  321506  4393909  50.80
1900-1904      5-9      0.00954  0.04644  2.13   76794    3566  373742  4072404  53.03
1900-1904     10-14     0.00528  0.02602  2.38   73227    1905  361153  3698661  50.51
1900-1904     15-19     0.00603  0.02973  2.57   71322    2120  351469  3337509  46.79
1900-1904     20-24     0.00744  0.03655  2.53   69202    2529  339754  2986040  43.15
1900-1904     25-29     0.00782  0.03834  2.44   66673    2556  326818  2646286  39.69
1900-1904     30-34     0.00765  0.03755  2.48   64117    2408  314507  2319468  36.18
1900-1904     35-39     0.00844  0.04135  2.53   61709    2552  302256  2004960  32.49
1900-1904     40-44     0.00958  0.04677  2.49   59158    2767  288853  1702705  28.78
1900-1904     45-49     0.01092  0.05317  2.51   56391    2998  274489  1413852  25.07
1900-1904     50-54     0.01451  0.07005  2.55   53393    3740  257811  1139363  21.34
1900-1904     55-59     0.02020  0.09629  2.58   49653    4781  236681   881552  17.75
1900-1904     60-64     0.03013  0.14054  2.61   44872    6306  209262   644871  14.37
1900-1904     65-69     0.04596  0.20677  2.58   38566    7974  173510   435609  11.30
1900-1904     70-74     0.07537  0.31735  2.51   30591    9708  128816   262100   8.57
1900-1904     75-79     0.11804  0.45266  2.43   20883    9453   80081   133284   6.38
1900-1904     80-84     0.18268  0.61037  2.28   11430    6977   38191    53203   4.65
1900-1904     85-89     0.27497  0.76378  2.09    4453    3401   12370    15011   3.37
1900-1904     90-94     0.38573  0.86917  1.84    1052     914    2370     2641   2.51
1900-1904     95-99     0.50209  0.93270  1.63     138     128     256      270   1.96
1900-1904    100-104    0.62593  0.96628  1.42       9       9      14       15   1.59
1900-1904    105-109    0.73650  0.98182  1.27       0       0       0        0   1.36
1900-1904    110+       0.81493  1.00000  1.23       0       0       0        0   1.23
1905-1909        0      0.13154  0.12101  0.34  100000   12101   92000  4692390  46.92
1905-1909      1-4      0.02462  0.09266  1.46   87899    8145  330866  4600391  52.34
1905-1909      5-9      0.00790  0.03864  2.19   79754    3082  390097  4269525  53.53
1905-1909     10-14     0.00491  0.02426  2.46   76672    1860  378637  3879428  50.60
1905-1909     15-19     0.00607  0.02992  2.61   74812    2238  368706  3500791  46.79
1905-1909     20-24     0.00742  0.03642  2.49   72574    2643  356242  3132086  43.16
1905-1909     25-29     0.00758  0.03720  2.50   69931    2601  343155  2775844  39.69
1905-1909     30-34     0.00790  0.03874  2.48   67330    2608  330076  2432688  36.13
1905-1909     35-39     0.00873  0.04272  2.52   64721    2765  316759  2102612  32.49
1905-1909     40-44     0.00975  0.04760  2.51   61957    2949  302424  1785853  28.82
1905-1909     45-49     0.01122  0.05457  2.53   59007    3220  287095  1483429  25.14
1905-1909     50-54     0.01461  0.07051  2.56   55787    3934  269333  1196334  21.44
1905-1909     55-59     0.02019  0.09623  2.58   51853    4990  247196   927001  17.88
1905-1909     60-64     0.03024  0.14089  2.58   46863    6603  218333   679806  14.51
1905-1909     65-69     0.04596  0.20676  2.58   40261    8324  181122   461472  11.46
1905-1909     70-74     0.07159  0.30378  2.51   31936    9702  135510   280350   8.78
1905-1909     75-79     0.11339  0.44013  2.46   22235    9786   86309   144840   6.51
1905-1909     80-84     0.17971  0.60338  2.28   12449    7511   41797    58531   4.70
1905-1909     85-89     0.26914  0.75439  2.09    4937    3725   13840    16734   3.39
1905-1909     90-94     0.40855  0.87823  1.75    1213    1065    2607     2894   2.39
1905-1909     95-99     0.50749  0.93487  1.62     148     138     272      287   1.94
1905-1909    100-104    0.63307  0.96767  1.41      10       9      15       15   1.57
1905-1909    105-109    0.74371  0.98257  1.26       0       0       0        0   1.34
1905-1909    110+       0.82129  1.00000  1.22       0       0       0        0   1.22
1910-1914        0      0.11957  0.11081  0.34  100000   11081   92674  4898170  48.98
1910-1914      1-4      0.02009  0.07641  1.44   88919    6795  338277  4805497  54.04
1910-1914      5-9      0.00605  0.02972  2.16   82124    2441  403703  4467220  54.40
1910-1914     10-14     0.00425  0.02101  2.46   79684    1674  394165  4063517  51.00
1910-1914     15-19     0.00594  0.02929  2.67   78010    2285  384716  3669352  47.04
1910-1914     20-24     0.00735  0.03609  2.50   75725    2733  371784  3284636  43.38
1910-1914     25-29     0.00768  0.03768  2.46   72992    2751  357979  2912851  39.91
1910-1914     30-34     0.00771  0.03783  2.51   70242    2657  344590  2554873  36.37
1910-1914     35-39     0.00831  0.04071  2.51   67585    2752  331058  2210282  32.70
1910-1914     40-44     0.00948  0.04631  2.55   64833    3002  316802  1879224  28.99
1910-1914     45-49     0.01143  0.05561  2.55   61831    3439  300719  1562421  25.27
1910-1914     50-54     0.01451  0.07011  2.58   58392    4094  282058  1261703  21.61
1910-1914     55-59     0.02027  0.09664  2.59   54299    5247  258850   979645  18.04
1910-1914     60-64     0.02976  0.13884  2.60   49051    6810  228878   720795  14.69
1910-1914     65-69     0.04426  0.19991  2.58   42241    8444  190781   491917  11.65
1910-1914     70-74     0.06953  0.29594  2.49   33796   10002  143854   301135   8.91
1910-1914     75-79     0.11012  0.43016  2.46   23795   10236   92947   157282   6.61
1910-1914     80-84     0.17976  0.60500  2.30   13559    8203   45635    64334   4.74
1910-1914     85-89     0.26201  0.74645  2.12    5356    3998   15259    18700   3.49
1910-1914     90-94     0.38168  0.86686  1.85    1358    1177    3084     3441   2.53
1910-1914     95-99     0.49950  0.93184  1.64     181     168     337      357   1.97
1910-1914    100-104    0.62496  0.96616  1.42      12      12      19       20   1.59
1910-1914    105-109    0.73688  0.98189  1.26       0       0       1        1   1.35
1910-1914    110+       0.81605  1.00000  1.23       0       0       0        0   1.23
1915-1919        0      0.12122  0.11223  0.34  100000   11223   92580  4316756  43.17
1915-1919      1-4      0.02473  0.09309  1.47   88777    8264  334228  4224176  47.58
1915-1919      5-9      0.00753  0.03686  2.16   80513    2968  394125  3889947  48.31
1915-1919     10-14     0.00504  0.02491  2.47   77545    1931  382845  3495823  45.08
1915-1919     15-19     0.00947  0.04640  2.82   75614    3508  370419  3112978  41.17
1915-1919     20-24     0.01463  0.07050  2.45   72106    5083  347549  2742559  38.04
1915-1919     25-29     0.01326  0.06414  2.44   67022    4299  324094  2395010  35.73
1915-1919     30-34     0.01242  0.06022  2.46   62723    3777  304029  2070917  33.02
1915-1919     35-39     0.01261  0.06113  2.50   58946    3604  285717  1766887  29.97
1915-1919     40-44     0.01334  0.06451  2.46   55343    3570  267632  1481170  26.76
1915-1919     45-49     0.01540  0.07419  2.52   51772    3841  249344  1213539  23.44
1915-1919     50-54     0.01801  0.08629  2.58   47931    4136  229637   964195  20.12
1915-1919     55-59     0.02480  0.11691  2.55   43795    5120  206445   734558  16.77
1915-1919     60-64     0.03424  0.15798  2.56   38675    6110  178453   528113  13.66
1915-1919     65-69     0.05140  0.22841  2.57   32565    7438  144722   349660  10.74
1915-1919     70-74     0.08093  0.33636  2.49   25127    8452  104429   204938   8.16
1915-1919     75-79     0.12687  0.47740  2.41   16676    7961   62747   100509   6.03
1915-1919     80-84     0.19992  0.64551  2.26    8715    5625   28138    37762   4.33
1915-1919     85-89     0.30122  0.79593  2.04    3089    2459    8163     9624   3.12
1915-1919     90-94     0.42033  0.89423  1.79     630     564    1341     1461   2.32
1915-1919     95-99     0.54904  0.94855  1.55      67      63     115      120   1.80
1915-1919    100-104    0.67434  0.97443  1.35       3       3       5        5   1.48
1915-1919    105-109    0.77992  0.98582  1.21       0       0       0        0   1.28
1915-1919    110+       0.85126  1.00000  1.17       0       0       0        0   1.17
1920-1924        0      0.10742  0.10019  0.33  100000   10019   93264  5085703  50.86
1920-1924      1-4      0.01560  0.05992  1.36   89981    5391  345678  4992439  55.48
1920-1924      5-9      0.00444  0.02194  2.22   84590    1856  417789  4646761  54.93
1920-1924     10-14     0.00366  0.01813  2.52   82734    1500  409956  4228971  51.12
1920-1924     15-19     0.00555  0.02740  2.71   81234    2226  401080  3819015  47.01
1920-1924     20-24     0.00795  0.03895  2.40   79009    3078  387035  3417935  43.26
1920-1924     25-29     0.00757  0.03716  2.49   75931    2821  372561  3030900  39.92
1920-1924     30-34     0.00776  0.03804  2.47   73110    2781  358500  2658339  36.36
1920-1924     35-39     0.00814  0.03988  2.51   70328    2805  344657  2299839  32.70
1920-1924     40-44     0.00929  0.04539  2.55   67523    3065  330106  1955182  28.96
1920-1924     45-49     0.01133  0.05512  2.54   64458    3553  313566  1625077  25.21
1920-1924     50-54     0.01464  0.07068  2.57   60905    4305  294063  1311511  21.53
1920-1924     55-59     0.02080  0.09904  2.60   56601    5606  269529  1017448  17.98
1920-1924     60-64     0.03015  0.14046  2.57   50995    7163  237542   747919  14.67
1920-1924     65-69     0.04487  0.20219  2.56   43832    8862  197522   510377  11.64
1920-1924     70-74     0.07019  0.29890  2.52   34970   10452  148919   312855   8.95
1920-1924     75-79     0.10924  0.42650  2.43   24517   10457   95720   163936   6.69
1920-1924     80-84     0.17493  0.59310  2.29   14061    8340   47674    68216   4.85
1920-1924     85-89     0.25320  0.73139  2.11    5721    4184   16526    20542   3.59
1920-1924     90-94     0.36994  0.85500  1.86    1537    1314    3552     4016   2.61
1920-1924     95-99     0.47229  0.92002  1.68     223     205     434      464   2.08
1920-1924    100-104    0.59122  0.95874  1.48      18      17      29       30   1.68
1920-1924    105-109    0.70126  0.97769  1.31       1       1       1        1   1.42
1920-1924    110+       0.78200  1.00000  1.28       0       0       0        0   1.28
1925-1929        0      0.09544  0.08955  0.31  100000    8955   93836  5276275  52.76
1925-1929      1-4      0.01111  0.04317  1.34   91045    3930  353731  5182440  56.92
1925-1929      5-9      0.00331  0.01639  2.31   87114    1428  431729  4828709  55.43
1925-1929     10-14     0.00320  0.01589  2.63   85686    1361  425200  4396981  51.31
1925-1929     15-19     0.00557  0.02752  2.70   84325    2321  416294  3971780  47.10
1925-1929     20-24     0.00796  0.03899  2.44   82004    3198  401824  3555486  43.36
1925-1929     25-29     0.00748  0.03669  2.46   78806    2892  386685  3153662  40.02
1925-1929     30-34     0.00736  0.03612  2.44   75915    2742  372563  2766976  36.45
1925-1929     35-39     0.00782  0.03837  2.52   73173    2808  358913  2394413  32.72
1925-1929     40-44     0.00920  0.04501  2.54   70365    3167  344046  2035500  28.93
1925-1929     45-49     0.01146  0.05575  2.57   67198    3746  326896  1691454  25.17
1925-1929     50-54     0.01551  0.07475  2.58   63452    4743  305785  1364558  21.51
1925-1929     55-59     0.02103  0.10003  2.56   58709    5873  279216  1058773  18.03
1925-1929     60-64     0.03044  0.14172  2.57   52837    7488  245975   779557  14.75
1925-1929     65-69     0.04540  0.20451  2.58   45349    9274  204272   533583  11.77
1925-1929     70-74     0.06856  0.29243  2.49   36074   10549  153876   329311   9.13
1925-1929     75-79     0.10411  0.41195  2.47   25525   10515  101003   175434   6.87
1925-1929     80-84     0.16879  0.58197  2.33   15010    8735   51752    74431   4.96
1925-1929     85-89     0.25216  0.73497  2.16    6275    4612   18289    22679   3.61
1925-1929     90-94     0.36447  0.85577  1.90    1663    1423    3905     4391   2.64
1925-1929     95-99     0.48567  0.92635  1.66     240     222     457      486   2.03
1925-1929    100-104    0.61117  0.96340  1.45      18      17      28       29   1.63
1925-1929    105-109    0.72401  0.98050  1.28       1       1       1        1   1.38
1925-1929    110+       0.80444  1.00000  1.24       0       0       0        0   1.24
1930-1934        0      0.07698  0.07284  0.26  100000    7284   94615  5530538  55.31
1930-1934      1-4      0.00885  0.03463  1.43   92716    3211  362604  5435924  58.63
1930-1934      5-9      0.00316  0.01569  2.31   89506    1404  443751  5073320  56.68
1930-1934     10-14     0.00276  0.01371  2.56   88102    1208  437566  4629569  52.55
1930-1934     15-19     0.00474  0.02343  2.72   86894    2036  429821  4192002  48.24
1930-1934     20-24     0.00667  0.03281  2.44   84857    2784  417174  3762182  44.34
1930-1934     25-29     0.00647  0.03183  2.47   82074    2612  403765  3345008  40.76
1930-1934     30-34     0.00667  0.03280  2.47   79461    2606  390703  2941243  37.01
1930-1934     35-39     0.00737  0.03621  2.53   76855    2783  377397  2550541  33.19
1930-1934     40-44     0.00871  0.04265  2.53   74072    3159  362564  2173144  29.34
1930-1934     45-49     0.01074  0.05234  2.59   70913    3711  345604  1810581  25.53
1930-1934     50-54     0.01470  0.07098  2.57   67201    4770  324425  1464976  21.80
1930-1934     55-59     0.02062  0.09817  2.57   62431    6129  297280  1140552  18.27
1930-1934     60-64     0.02992  0.13948  2.57   56303    7853  262450   843272  14.98
1930-1934     65-69     0.04462  0.20093  2.53   48450    9735  218202   580822  11.99
1930-1934     70-74     0.06636  0.28498  2.53   38715   11033  166268   362621   9.37
1930-1934     75-79     0.10238  0.40543  2.43   27682   11223  109621   196353   7.09
1930-1934     80-84     0.15460  0.54646  2.32   16459    8994   58175    86731   5.27
1930-1934     85-89     0.23248  0.69937  2.15    7465    5221   22456    28556   3.83
1930-1934     90-94     0.35388  0.84147  1.88    2244    1888    5336     6100   2.72
1930-1934     95-99     0.45654  0.91329  1.72     356     325     712      764   2.15
1930-1934    100-104    0.58188  0.95686  1.49      31      30      51       53   1.71
1930-1934    105-109    0.69832  0.97748  1.32       1       1       2        2   1.43
1930-1934    110+       0.78331  1.00000  1.28       0       0       0        0   1.28
1935-1939        0      0.07133  0.06769  0.25  100000    6769   94891  5646700  56.47
1935-1939      1-4      0.00763  0.02992  1.46   93231    2790  365833  5551809  59.55
1935-1939      5-9      0.00280  0.01389  2.34   90442    1256  448872  5185976  57.34
1935-1939     10-14     0.00221  0.01099  2.53   89186     980  443506  4737103  53.12
1935-1939     15-19     0.00386  0.01913  2.69   88206    1687  437134  4293598  48.68
1935-1939     20-24     0.00612  0.03017  2.63   86519    2610  426398  3856463  44.57
1935-1939     25-29     0.00676  0.03323  2.46   83908    2788  412467  3430065  40.88
1935-1939     30-34     0.00655  0.03222  2.50   81120    2613  399065  3017598  37.20
1935-1939     35-39     0.00682  0.03356  2.54   78507    2635  386062  2618533  33.35
1935-1939     40-44     0.00805  0.03949  2.55   75872    2996  372006  2232471  29.42
1935-1939     45-49     0.00999  0.04875  2.56   72876    3553  355726  1860465  25.53
1935-1939     50-54     0.01410  0.06820  2.60   69323    4728  335265  1504740  21.71
1935-1939     55-59     0.02026  0.09660  2.61   64596    6240  308072  1169474  18.10
1935-1939     60-64     0.03034  0.14144  2.61   58355    8254  272011   861402  14.76
1935-1939     65-69     0.04616  0.20742  2.56   50102   10392  225145   589391  11.76
1935-1939     70-74     0.06936  0.29617  2.53   39710   11761  169556   364247   9.17
1935-1939     75-79     0.10765  0.42226  2.45   27949   11802  109633   194690   6.97
1935-1939     80-84     0.16163  0.56454  2.33   16147    9116   56398    85057   5.27
1935-1939     85-89     0.22127  0.67978  2.16    7031    4780   21602    28659   4.08
1935-1939     90-94     0.30201  0.79716  2.04    2252    1795    5943     7058   3.13
1935-1939     95-99     0.39898  0.87845  1.81     457     401    1006     1115   2.44
1935-1939    100-104    0.50305  0.93155  1.62      56      52     103      109   1.96
1935-1939    105-109    0.60804  0.96183  1.45       4       4       6        6   1.64
1935-1939    110+       0.69081  1.00000  1.45       0       0       0        0   1.45
1940-1944        0      0.06841  0.06502  0.24  100000    6502   95041  4998903  49.99
1940-1944      1-4      0.00758  0.02976  1.56   93498    2782  367191  4903862  52.45
1940-1944      5-9      0.00308  0.01526  2.28   90715    1384  449818  4536672  50.01
1940-1944     10-14     0.00239  0.01189  2.58   89331    1062  444090  4086854  45.75
1940-1944     15-19     0.00695  0.03433  3.28   88269    3030  436125  3642763  41.27
1940-1944     20-24     0.02334  0.10997  2.39   85239    9374  401697  3206639  37.62
1940-1944     25-29     0.01753  0.08380  2.38   75865    6357  362645  2804942  36.97
1940-1944     30-34     0.01370  0.06614  2.38   69507    4597  335513  2442296  35.14
1940-1944     35-39     0.01156  0.05611  2.42   64910    3642  315145  2106783  32.46
1940-1944     40-44     0.00994  0.04846  2.46   61268    2969  298782  1791638  29.24
1940-1944     45-49     0.01025  0.05002  2.56   58298    2916  284386  1492856  25.61
1940-1944     50-54     0.01383  0.06695  2.64   55382    3708  268143  1208470  21.82
1940-1944     55-59     0.01997  0.09532  2.61   51675    4926  246613   940327  18.20
1940-1944     60-64     0.02948  0.13765  2.60   46749    6435  218285   693714  14.84
1940-1944     65-69     0.04438  0.20044  2.59   40314    8080  182059   475429  11.79
1940-1944     70-74     0.06786  0.29101  2.55   32234    9380  138227   293370   9.10
1940-1944     75-79     0.10826  0.42452  2.46   22853    9702   89613   155143   6.79
1940-1944     80-84     0.17328  0.59032  2.30   13151    7764   44805    65530   4.98
1940-1944     85-89     0.22199  0.67572  2.11    5388    3641   16401    20725   3.85
1940-1944     90-94     0.39749  0.89132  1.91    1747    1557    3918     4324   2.48
1940-1944     95-99     0.45848  0.91355  1.71     190     173     378      407   2.14
1940-1944    100-104    0.57573  0.95481  1.50      16      16      27       28   1.72
1940-1944    105-109    0.68312  0.97506  1.34       1       1       1        1   1.46
1940-1944    110+       0.76084  1.00000  1.31       0       0       0        0   1.31
1945-1949        0      0.05872  0.05612  0.21  100000    5612   95570  6039415  60.39
1945-1949      1-4      0.00457  0.01807  1.54   94388    1705  373357  5943845  62.97
1945-1949      5-9      0.00185  0.00920  2.24   92683     852  461062  5570488  60.10
1945-1949     10-14     0.00146  0.00727  2.64   91831     668  457579  5109426  55.64
1945-1949     15-19     0.00312  0.01549  2.91   91163    1412  452857  4651847  51.03
1945-1949     20-24     0.00508  0.02508  2.48   89751    2251  443080  4198990  46.79
1945-1949     25-29     0.00484  0.02390  2.48   87500    2091  432221  3755910  42.92
1945-1949     30-34     0.00484  0.02392  2.51   85408    2043  421955  3323689  38.92
1945-1949     35-39     0.00518  0.02555  2.51   83366    2130  411534  2901734  34.81
1945-1949     40-44     0.00642  0.03160  2.58   81236    2567  399979  2490200  30.65
1945-1949     45-49     0.00875  0.04287  2.65   78669    3372  385402  2090220  26.57
1945-1949     50-54     0.01242  0.06031  2.64   75296    4541  365759  1704818  22.64
1945-1949     55-59     0.01788  0.08575  2.62   70755    6067  339325  1339059  18.93
1945-1949     60-64     0.02706  0.12710  2.62   64688    8222  303900   999734  15.45
1945-1949     65-69     0.04097  0.18647  2.59   56466   10529  257000   695835  12.32
1945-1949     70-74     0.06377  0.27594  2.56   45937   12676  198775   438834   9.55
1945-1949     75-79     0.09722  0.39025  2.47   33261   12980  133512   240059   7.22
1945-1949     80-84     0.15624  0.55334  2.36   20281   11222   71827   106547   5.25
1945-1949     85-89     0.21985  0.67698  2.16    9059    6133   27894    34720   3.83
1945-1949     90-94     0.42146  0.89310  1.77    2926    2613    6201     6826   2.33
1945-1949     95-99     0.49278  0.92995  1.65     313     291     590      625   2.00
1945-1949    100-104    0.62653  0.96675  1.42      22      21      34       35   1.59
1945-1949    105-109    0.74334  0.98264  1.26       1       1       1        1   1.34
1945-1949    110+       0.82401  1.00000  1.21       0       0       0        0   1.21
1950-1954        0      0.03551  0.03447  0.15  100000    3447   97059  6607944  66.08
1950-1954      1-4      0.00199  0.00791  1.50   96553     764  384304  6510885  67.43
1950-1954      5-9      0.00077  0.00385  2.30   95789     369  477952  6126581  63.96
1950-1954     10-14     0.00066  0.00329  2.64   95421     314  476363  5648629  59.20
1950-1954     15-19     0.00119  0.00594  2.88   95107     565  474332  5172266  54.38
1950-1954     20-24     0.00195  0.00970  2.58   94541     917  470484  4697934  49.69
1950-1954     25-29     0.00228  0.01132  2.59   93625    1060  465568  4227450  45.15
1950-1954     30-34     0.00258  0.01283  2.59   92565    1187  459970  3761882  40.64
1950-1954     35-39     0.00320  0.01589  2.61   91378    1452  453412  3301912  36.13
1950-1954     40-44     0.00435  0.02153  2.64   89926    1936  445050  2848500  31.68
1950-1954     45-49     0.00664  0.03271  2.66   87989    2878  433223  2403450  27.32
1950-1954     50-54     0.01042  0.05086  2.66   85111    4329  415430  1970227  23.15
1950-1954     55-59     0.01594  0.07681  2.62   80783    6205  389152  1554797  19.25
1950-1954     60-64     0.02477  0.11702  2.63   74578    8727  352249  1165645  15.63
1950-1954     65-69     0.03925  0.17936  2.60   65851   11811  300947   813396  12.35
1950-1954     70-74     0.06258  0.27145  2.56   54040   14669  234414   512449   9.48
1950-1954     75-79     0.10194  0.40592  2.49   39371   15981  156772   278036   7.06
1950-1954     80-84     0.15735  0.55586  2.36   23390   13001   82625   121264   5.18
1950-1954     85-89     0.24026  0.71698  2.19   10388    7448   31001    38639   3.72
1950-1954     90-94     0.37075  0.85963  1.88    2940    2527    6817     7638   2.60
1950-1954     95-99     0.49536  0.93115  1.65     413     384     776      821   1.99
1950-1954    100-104    0.63201  0.96793  1.42      28      28      44       45   1.57
1950-1954    105-109    0.75182  0.98355  1.25       1       1       1        1   1.33
1950-1954    110+       0.83401  1.00000  1.20       0       0       0        0   1.20
1955-1959        0      0.02667  0.02606  0.12  100000    2606   97713  6803222  68.03
1955-1959      1-4      0.00167  0.00664  1.49   97394     647  387950  6705510  68.85
1955-1959      5-9      0.00062  0.00308  2.38   96747     298  482955  6317559  65.30
1955-1959     10-14     0.00048  0.00240  2.55   96449     232  481680  5834604  60.49
1955-1959     15-19     0.00085  0.00425  2.78   96218     409  480182  5352924  55.63
1955-1959     20-24     0.00126  0.00630  2.63   95809     603  477615  4872742  50.86
1955-1959     25-29     0.00162  0.00809  2.60   95206     770  474181  4395127  46.16
1955-1959     30-34     0.00204  0.01017  2.58   94436     961  469857  3920946  41.52
1955-1959     35-39     0.00280  0.01392  2.63   93475    1301  464296  3451089  36.92
1955-1959     40-44     0.00390  0.01934  2.70   92174    1782  456772  2986793  32.40
1955-1959     45-49     0.00598  0.02949  2.68   90392    2666  445783  2530021  27.99
1955-1959     50-54     0.00942  0.04609  2.67   87726    4044  429209  2084238  23.76
1955-1959     55-59     0.01470  0.07102  2.64   83683    5943  404394  1655029  19.78
1955-1959     60-64     0.02287  0.10846  2.62   77739    8432  368655  1250635  16.09
1955-1959     65-69     0.03647  0.16779  2.62   69308   11629  318890   881981  12.73
1955-1959     70-74     0.05868  0.25684  2.57   57679   14814  252453   563091   9.76
1955-1959     75-79     0.09741  0.39197  2.51   42864   16801  172481   310638   7.25
1955-1959     80-84     0.15307  0.54649  2.38   26063   14243   93052   138157   5.30
1955-1959     85-89     0.23555  0.70705  2.17   11820    8357   35480    45105   3.82
1955-1959     90-94     0.34334  0.83891  1.95    3463    2905    8461     9625   2.78
1955-1959     95-99     0.47060  0.92050  1.69     558     513    1091     1164   2.09
1955-1959    100-104    0.60373  0.96223  1.46      44      43      71       73   1.65
1955-1959    105-109    0.72479  0.98079  1.28       2       2       2        2   1.38
1955-1959    110+       0.81067  1.00000  1.23       0       0       0        0   1.23
1960-1964        0      0.01987  0.01952  0.10  100000    1952   98250  6905240  69.05
1960-1964      1-4      0.00105  0.00419  1.62   98048     410  391214  6806990  69.43
1960-1964      5-9      0.00051  0.00256  2.24   97638     250  487499  6415776  65.71
1960-1964     10-14     0.00040  0.00201  2.57   97388     196  486464  5928277  60.87
1960-1964     15-19     0.00081  0.00406  2.75   97192     394  485076  5441813  55.99
1960-1964     20-24     0.00108  0.00540  2.57   96798     523  482718  4956737  51.21
1960-1964     25-29     0.00136  0.00679  2.52   96275     653  479757  4474019  46.47
1960-1964     30-34     0.00179  0.00889  2.61   95622     850  476075  3994263  41.77
1960-1964     35-39     0.00253  0.01258  2.65   94772    1192  471056  3518188  37.12
1960-1964     40-44     0.00376  0.01866  2.67   93580    1746  463834  3047132  32.56
1960-1964     45-49     0.00585  0.02884  2.68   91834    2649  453023  2583298  28.13
1960-1964     50-54     0.00928  0.04539  2.65   89185    4048  436403  2130275  23.89
1960-1964     55-59     0.01443  0.06977  2.66   85137    5940  411798  1693872  19.90
1960-1964     60-64     0.02265  0.10751  2.64   79197    8514  375872  1282073  16.19
1960-1964     65-69     0.03571  0.16460  2.63   70682   11634  325787   906201  12.82
1960-1964     70-74     0.05834  0.25549  2.57   59048   15087  258614   580414   9.83
1960-1964     75-79     0.09533  0.38480  2.50   43962   16916  177454   321800   7.32
1960-1964     80-84     0.15084  0.54071  2.38   27045   14624   96949   144346   5.34
1960-1964     85-89     0.23522  0.70785  2.19   12422    8793   37381    47397   3.82
1960-1964     90-94     0.34608  0.84242  1.95    3629    3057    8833    10016   2.76
1960-1964     95-99     0.47492  0.92260  1.69     572     528    1111     1183   2.07
1960-1964    100-104    0.61019  0.96368  1.45      44      43      70       72   1.63
1960-1964    105-109    0.73211  0.98161  1.27       2       2       2        2   1.36
1960-1964    110+       0.81774  1.00000  1.22       0       0       0        0   1.22
1965-1969        0      0.01528  0.01507  0.09  100000    1507   98629  6959443  69.59
1965-1969      1-4      0.00088  0.00351  1.68   98493     345  393170  6860813  69.66
1965-1969      5-9      0.00056  0.00281  2.34   98147     276  490002  6467643  65.90
1965-1969     10-14     0.00038  0.00189  2.62   97872     185  488919  5977640  61.08
1965-1969     15-19     0.00074  0.00367  2.73   97687     359  487619  5488722  56.19
1965-1969     20-24     0.00098  0.00488  2.59   97328     475  485497  5001103  51.38
1965-1969     25-29     0.00126  0.00629  2.62   96853     609  482815  4515605  46.62
1965-1969     30-34     0.00161  0.00800  2.60   96244     770  479376  4032791  41.90
1965-1969     35-39     0.00246  0.01224  2.64   95474    1169  474614  3553415  37.22
1965-1969     40-44     0.00383  0.01900  2.71   94306    1792  467420  3078800  32.65
1965-1969     45-49     0.00592  0.02921  2.64   92514    2702  456192  2611381  28.23
1965-1969     50-54     0.00905  0.04432  2.67   89811    3980  439795  2155188  24.00
1965-1969     55-59     0.01424  0.06888  2.66   85831    5912  415295  1715394  19.99
1965-1969     60-64     0.02212  0.10515  2.65   79919    8403  379830  1300099  16.27
1965-1969     65-69     0.03519  0.16230  2.61   71516   11607  329808   920268  12.87
1965-1969     70-74     0.05753  0.25266  2.59   59909   15137  263094   590461   9.86
1965-1969     75-79     0.09492  0.38407  2.52   44772   17196  181156   327367   7.31
1965-1969     80-84     0.15179  0.54234  2.37   27577   14956   98534   146211   5.30
1965-1969     85-89     0.23867  0.71330  2.18   12621    9002   37719    47677   3.78
1965-1969     90-94     0.34697  0.84051  1.93    3618    3041    8765     9958   2.75
1965-1969     95-99     0.47559  0.92281  1.68     577     533    1120     1192   2.07
1965-1969    100-104    0.61003  0.96361  1.45      45      43      70       73   1.63
1965-1969    105-109    0.73131  0.98151  1.27       2       2       2        2   1.36
1965-1969    110+       0.81663  1.00000  1.22       0       0       0        0   1.22
1970-1974        0      0.01208  0.01195  0.08  100000    1195   98903  7079189  70.79
1970-1974      1-4      0.00067  0.00266  1.82   98805     263  394650  6980286  70.65
1970-1974      5-9      0.00048  0.00240  2.36   98543     237  492090  6585636  66.83
1970-1974     10-14     0.00038  0.00188  2.66   98306     185  491098  6093546  61.99
1970-1974     15-19     0.00087  0.00432  2.78   98121     424  489665  5602448  57.10
1970-1974     20-24     0.00106  0.00530  2.58   97697     518  487236  5112783  52.33
1970-1974     25-29     0.00118  0.00586  2.57   97180     569  484513  4625547  47.60
1970-1974     30-34     0.00153  0.00762  2.65   96610     736  481323  4141034  42.86
1970-1974     35-39     0.00231  0.01149  2.69   95874    1101  476831  3659711  38.17
1970-1974     40-44     0.00366  0.01814  2.67   94773    1719  469857  3182880  33.58
1970-1974     45-49     0.00571  0.02816  2.64   93054    2620  459077  2713024  29.16
1970-1974     50-54     0.00840  0.04118  2.66   90434    3724  443437  2253946  24.92
1970-1974     55-59     0.01289  0.06257  2.67   86710    5426  420890  1810509  20.88
1970-1974     60-64     0.02035  0.09711  2.65   81284    7894  387838  1389619  17.10
1970-1974     65-69     0.03180  0.14781  2.62   73391   10848  341141  1001782  13.65
1970-1974     70-74     0.05122  0.22789  2.58   62543   14253  278277   660641  10.56
1970-1974     75-79     0.08351  0.34664  2.55   48290   16739  200440   382364   7.92
1970-1974     80-84     0.13591  0.50267  2.41   31551   15860  116694   181923   5.77
1970-1974     85-89     0.21172  0.66795  2.24   15691   10481   49503    65229   4.16
1970-1974     90-94     0.31266  0.81212  2.04    5210    4231   13534    15727   3.02
1970-1974     95-99     0.43603  0.90350  1.76     979     884    2028     2193   2.24
1970-1974    100-104    0.56868  0.95402  1.52      94      90     158      165   1.74
1970-1974    105-109    0.69391  0.97716  1.32       4       4       6        6   1.44
1970-1974    110+       0.78531  1.00000  1.27       0       0       0        0   1.27
1975-1979        0      0.00884  0.00877  0.07  100000     877   99187  7254889  72.55
1975-1979      1-4      0.00050  0.00199  1.77   99123     198  396052  7155702  72.19
1975-1979      5-9      0.00033  0.00164  2.44   98925     162  494212  6759650  68.33
1975-1979     10-14     0.00028  0.00138  2.62   98763     136  493492  6265438  63.44
1975-1979     15-19     0.00072  0.00359  2.89   98627     354  492385  5771946  58.52
1975-1979     20-24     0.00095  0.00476  2.56   98273     468  490223  5279561  53.72
1975-1979     25-29     0.00115  0.00573  2.63   97805     561  487695  4789338  48.97
1975-1979     30-34     0.00134  0.00670  2.59   97244     651  484649  4301643  44.24
1975-1979     35-39     0.00200  0.00993  2.61   96593     959  480669  3816994  39.52
1975-1979     40-44     0.00305  0.01517  2.69   95634    1451  474824  3336325  34.89
1975-1979     45-49     0.00501  0.02477  2.69   94183    2333  465524  2861501  30.38
1975-1979     50-54     0.00776  0.03811  2.65   91850    3500  451032  2395977  26.09
1975-1979     55-59     0.01167  0.05680  2.65   88350    5019  429971  1944945  22.01
1975-1979     60-64     0.01794  0.08604  2.64   83332    7170  399743  1514974  18.18
1975-1979     65-69     0.02822  0.13225  2.63   76162   10072  356963  1115231  14.64
1975-1979     70-74     0.04487  0.20257  2.61   66090   13388  298392   758268  11.47
1975-1979     75-79     0.07256  0.30788  2.54   52702   16226  223605   459876   8.73
1975-1979     80-84     0.11541  0.44656  2.47   36476   16289  141143   236271   6.48
1975-1979     85-89     0.18062  0.60875  2.32   20187   12289   68037    95128   4.71
1975-1979     90-94     0.26799  0.75404  2.10    7898    5955   22223    27090   3.43
1975-1979     95-99     0.38563  0.87235  1.86    1943    1695    4395     4867   2.51
1975-1979    100-104    0.51774  0.93899  1.61     248     233     450      473   1.91
1975-1979    105-109    0.64967  0.97084  1.39      15      15      23       23   1.53
1975-1979    110+       0.74969  1.00000  1.33       0       0       1        1   1.33
1980-1984        0      0.00654  0.00650  0.07  100000     650   99393  7425945  74.26
1980-1984      1-4      0.00035  0.00138  1.66   99350     137  397077  7326552  73.75
1980-1984      5-9      0.00024  0.00119  2.42   99212     118  495756  6929475  69.84
1980-1984     10-14     0.00021  0.00106  2.63   99094     105  495221  6433719  64.93
1980-1984     15-19     0.00059  0.00293  2.77   98989     290  494297  5938498  59.99
1980-1984     20-24     0.00077  0.00386  2.60   98699     381  492580  5444201  55.16
1980-1984     25-29     0.00098  0.00491  2.59   98318     482  490426  4951621  50.36
1980-1984     30-34     0.00128  0.00637  2.62   97835     624  487693  4461194  45.60
1980-1984     35-39     0.00167  0.00832  2.66   97212     809  484165  3973502  40.87
1980-1984     40-44     0.00259  0.01287  2.69   96403    1240  479153  3489336  36.20
1980-1984     45-49     0.00395  0.01956  2.62   95163    1861  471388  3010183  31.63
1980-1984     50-54     0.00659  0.03244  2.67   93301    3027  459464  2538795  27.21
1980-1984     55-59     0.01031  0.05034  2.66   90274    4544  440725  2079330  23.03
1980-1984     60-64     0.01589  0.07658  2.66   85730    6565  413290  1638606  19.11
1980-1984     65-69     0.02472  0.11683  2.65   79165    9249  374077  1225315  15.48
1980-1984     70-74     0.03997  0.18247  2.62   69917   12758  319190   851239  12.18
1980-1984     75-79     0.06433  0.27794  2.56   57159   15887  246955   532049   9.31
1980-1984     80-84     0.10507  0.41509  2.47   41272   17132  163050   285094   6.91
1980-1984     85-89     0.16302  0.56916  2.35   24141   13740   84284   122044   5.06
1980-1984     90-94     0.25244  0.73508  2.16   10401    7645   30286    37760   3.63
1980-1984     95-99     0.35307  0.84672  1.93    2755    2333    6608     7474   2.71
1980-1984    100-104    0.47963  0.92426  1.68     422     390     814      866   2.05
1980-1984    105-109    0.61089  0.96365  1.45      32      31      50       52   1.63
1980-1984    110+       0.71356  1.00000  1.40       1       1       2        2   1.40
1985-1989        0      0.00605  0.00601  0.07  100000     601   99438  7474042  74.74
1985-1989      1-4      0.00030  0.00119  1.66   99399     119  397317  7374604  74.19
1985-1989      5-9      0.00019  0.00094  2.54   99280      94  496170  6977287  70.28
1985-1989     10-14     0.00020  0.00101  2.68   99186     100  495698  6481117  65.34
1985-1989     15-19     0.00063  0.00317  2.85   99086     314  494754  5985419  60.41
1985-1989     20-24     0.00082  0.00411  2.55   98772     406  492865  5490665  55.59
1985-1989     25-29     0.00096  0.00477  2.60   98366     469  490705  4997800  50.81
1985-1989     30-34     0.00129  0.00645  2.64   97897     632  487997  4507095  46.04
1985-1989     35-39     0.00182  0.00906  2.67   97265     881  484274  4019099  41.32
1985-1989     40-44     0.00266  0.01320  2.62   96384    1272  478891  3534825  36.67
1985-1989     45-49     0.00399  0.01975  2.71   95112    1878  471256  3055934  32.13
1985-1989     50-54     0.00609  0.03001  2.63   93234    2798  459541  2584678  27.72
1985-1989     55-59     0.00956  0.04676  2.65   90436    4229  442242  2125137  23.50
1985-1989     60-64     0.01502  0.07252  2.65   86207    6252  416341  1682895  19.52
1985-1989     65-69     0.02307  0.10934  2.63   79956    8742  379016  1266555  15.84
1985-1989     70-74     0.03719  0.17084  2.62   71213   12166  327164   887539  12.46
1985-1989     75-79     0.06123  0.26655  2.57   59048   15739  257053   560374   9.49
1985-1989     80-84     0.10110  0.40299  2.48   43308   17453  172633   303321   7.00
1985-1989     85-89     0.16243  0.56841  2.36   25855   14696   90478   130688   5.05
1985-1989     90-94     0.25241  0.73653  2.17   11159    8219   32561    40210   3.60
1985-1989     95-99     0.36929  0.86107  1.90    2940    2532    6855     7648   2.60
1985-1989    100-104    0.50771  0.93604  1.63     408     382     753      793   1.94
1985-1989    105-109    0.64754  0.97077  1.39      26      25      39       40   1.54
1985-1989    110+       0.75329  1.00000  1.33       1       1       1        1   1.33
1990-1994        0      0.00513  0.00511  0.06  100000     511   99521  7569223  75.69
1990-1994      1-4      0.00025  0.00100  1.55   99489      99  397713  7469702  75.08
1990-1994      5-9      0.00018  0.00089  2.51   99390      89  496728  7071989  71.15
1990-1994     10-14     0.00018  0.00089  2.76   99301      88  496308  6575262  66.22
1990-1994     15-19     0.00061  0.00304  2.95   99213     301  495447  6078953  61.27
1990-1994     20-24     0.00089  0.00444  2.49   98912     439  493456  5583506  56.45
1990-1994     25-29     0.00094  0.00467  2.56   98473     460  491240  5090051  51.69
1990-1994     30-34     0.00121  0.00603  2.65   98013     591  488677  4598811  46.92
1990-1994     35-39     0.00182  0.00908  2.65   97422     885  485035  4110133  42.19
1990-1994     40-44     0.00266  0.01320  2.63   96538    1275  479667  3625098  37.55
1990-1994     45-49     0.00378  0.01874  2.63   95263    1786  472084  3145431  33.02
1990-1994     50-54     0.00545  0.02690  2.63   93477    2514  461419  2673347  28.60
1990-1994     55-59     0.00807  0.03961  2.67   90963    3603  446430  2211928  24.32
1990-1994     60-64     0.01326  0.06429  2.66   87360    5616  423637  1765498  20.21
1990-1994     65-69     0.02075  0.09892  2.64   81744    8086  389627  1341861  16.42
1990-1994     70-74     0.03367  0.15584  2.61   73657   11479  340888   952234  12.93
1990-1994     75-79     0.05608  0.24721  2.61   62179   15371  274080   611346   9.83
1990-1994     80-84     0.09488  0.38450  2.54   46808   17998  189683   337265   7.21
1990-1994     85-89     0.15913  0.56091  2.37   28810   16160  101550   147583   5.12
1990-1994     90-94     0.24762  0.72941  2.18   12650    9227   37263    46032   3.64
1990-1994     95-99     0.37528  0.86642  1.89    3423    2966    7903     8769   2.56
1990-1994    100-104    0.52104  0.94113  1.61     457     430     826      866   1.89
1990-1994    105-109    0.66619  0.97389  1.37      27      26      39       40   1.50
1990-1994    110+       0.77365  1.00000  1.29       1       1       1        1   1.29
1995-1999        0      0.00387  0.00386  0.06  100000     386   99637  7704309  77.04
1995-1999      1-4      0.00022  0.00088  1.70   99614      88  398255  7604672  76.34
1995-1999      5-9      0.00016  0.00079  2.39   99527      79  497427  7206417  72.41
1995-1999     10-14     0.00017  0.00085  2.77   99448      85  497050  6708990  67.46
1995-1999     15-19     0.00048  0.00239  2.93   99363     238  496322  6211940  62.52
1995-1999     20-24     0.00071  0.00353  2.46   99125     350  494738  5715617  57.66
1995-1999     25-29     0.00080  0.00397  2.65   98775     392  492954  5220879  52.86
1995-1999     30-34     0.00102  0.00510  2.56   98383     501  490691  4727924  48.06
1995-1999     35-39     0.00151  0.00754  2.68   97881     738  487693  4237233  43.29
1995-1999     40-44     0.00237  0.01181  2.65   97143    1147  483021  3749541  38.60
1995-1999     45-49     0.00355  0.01759  2.63   95996    1688  475977  3266519  34.03
1995-1999     50-54     0.00507  0.02506  2.63   94308    2363  465936  2790543  29.59
1995-1999     55-59     0.00733  0.03601  2.64   91945    3311  451915  2324607  25.28
1995-1999     60-64     0.01117  0.05443  2.64   88634    4825  431767  1872692  21.13
1995-1999     65-69     0.01822  0.08736  2.65   83809    7322  401874  1440925  17.19
1995-1999     70-74     0.02979  0.13916  2.64   76487   10644  357276  1039051  13.58
1995-1999     75-79     0.04989  0.22277  2.60   65843   14668  294001   681775  10.35
1995-1999     80-84     0.08567  0.35422  2.56   51175   18127  211592   387773   7.58
1995-1999     85-89     0.14797  0.53531  2.42   33048   17691  119556   176181   5.33
1995-1999     90-94     0.24287  0.72257  2.20   15357   11097   45690    56625   3.69
1995-1999     95-99     0.37388  0.86646  1.90    4261    3692    9874    10936   2.57
1995-1999    100-104    0.52908  0.94439  1.60     569     537    1016     1062   1.87
1995-1999    105-109    0.68220  0.97640  1.34      32      31      45       46   1.46
1995-1999    110+       0.79290  1.00000  1.26       1       1       1        1   1.26
2000-2004        0      0.00329  0.00328  0.06  100000     328   99691  7828748  78.29
2000-2004      1-4      0.00018  0.00073  1.75   99672      73  398525  7729057  77.54
2000-2004      5-9      0.00012  0.00059  2.35   99600      59  497841  7330532  73.60
2000-2004     10-14     0.00013  0.00064  2.73   99541      63  497559  6832691  68.64
2000-2004     15-19     0.00046  0.00231  3.04   99477     230  496935  6335132  63.68
2000-2004     20-24     0.00075  0.00374  2.42   99247     371  495280  5838196  58.82
2000-2004     25-29     0.00075  0.00375  2.53   98876     371  493464  5342916  54.04
2000-2004     30-34     0.00091  0.00452  2.59   98505     446  491452  4849452  49.23
2000-2004     35-39     0.00130  0.00649  2.64   98060     637  488797  4358000  44.44
2000-2004     40-44     0.00207  0.01028  2.70   97423    1002  484810  3869203  39.72
2000-2004     45-49     0.00320  0.01588  2.65   96421    1531  478505  3384393  35.10
2000-2004     50-54     0.00481  0.02380  2.64   94890    2259  469122  2905888  30.62
2000-2004     55-59     0.00680  0.03349  2.64   92631    3102  455848  2436766  26.31
2000-2004     60-64     0.00999  0.04882  2.66   89529    4371  437406  1980918  22.13
2000-2004     65-69     0.01524  0.07357  2.65   85158    6265  411092  1543512  18.13
2000-2004     70-74     0.02543  0.12001  2.65   78893    9468  372255  1132419  14.35
2000-2004     75-79     0.04365  0.19790  2.64   69425   13739  314753   760164  10.95
2000-2004     80-84     0.07660  0.32291  2.57   55685   17981  234739   445411   8.00
2000-2004     85-89     0.13605  0.50553  2.46   37704   19061  140095   210673   5.59
2000-2004     90-94     0.23431  0.70908  2.22   18643   13220   56421    70577   3.79
2000-2004     95-99     0.36644  0.86151  1.93    5424    4673   12751    14157   2.61
2000-2004    100-104    0.52750  0.94433  1.60     751     709    1345     1405   1.87
2000-2004    105-109    0.68659  0.97715  1.34      42      41      60       61   1.45
2000-2004    110+       0.80041  1.00000  1.25       1       1       1        1   1.25
2005-2009        0      0.00280  0.00279  0.06  100000     279   99737  7944940  79.45
2005-2009      1-4      0.00018  0.00072  1.84   99721      71  398731  7845203  78.67
2005-2009      5-9      0.00012  0.00062  2.47   99650      62  498093  7446473  74.73
2005-2009     10-14     0.00013  0.00064  2.77   99588      63  497800  6948380  69.77
2005-2009     15-19     0.00045  0.00223  2.94   99525     222  497167  6450579  64.81
2005-2009     20-24     0.00068  0.00338  2.55   99303     336  495691  5953412  59.95
2005-2009     25-29     0.00068  0.00342  2.50   98967     338  493992  5457721  55.15
2005-2009     30-34     0.00087  0.00432  2.55   98629     426  492103  4963729  50.33
2005-2009     35-39     0.00121  0.00601  2.66   98203     590  489632  4471626  45.53
2005-2009     40-44     0.00183  0.00910  2.67   97613     888  485993  3981994  40.79
2005-2009     45-49     0.00294  0.01458  2.69   96725    1411  480367  3496001  36.14
2005-2009     50-54     0.00461  0.02282  2.61   95314    2175  471377  3015634  31.64
2005-2009     55-59     0.00684  0.03365  2.63   93140    3134  458256  2544257  27.32
2005-2009     60-64     0.00961  0.04698  2.60   90005    4229  439875  2086001  23.18
2005-2009     65-69     0.01381  0.06685  2.61   85777    5734  415172  1646126  19.19
2005-2009     70-74     0.02144  0.10205  2.65   80042    8169  381050  1230953  15.38
2005-2009     75-79     0.03663  0.16869  2.66   71874   12124  330992   849904  11.82
2005-2009     80-84     0.06569  0.28384  2.61   59750   16959  258193   518912   8.68
2005-2009     85-89     0.11832  0.45654  2.50   42790   19535  165099   260719   6.09
2005-2009     90-94     0.20931  0.66712  2.28   23255   15514   74118    95620   4.11
2005-2009     95-99     0.34099  0.84049  1.98    7741    6506   19080    21501   2.78
2005-2009    100-104    0.50194  0.93588  1.65    1235    1156    2302     2421   1.96
2005-2009    105-109    0.66578  0.97442  1.37      79      77     116      118   1.50
2005-2009    110+       0.78545  1.00000  1.27       2       2       3        3   1.27
2010-2014        0      0.00216  0.00216  0.05  100000     216   99796  8055482  80.55
2010-2014      1-4      0.00015  0.00061  1.58   99784      61  398989  7955687  79.73
2010-2014      5-9      0.00009  0.00045  2.62   99723      45  498507  7556698  75.78
2010-2014     10-14     0.00009  0.00045  2.72   99678      45  498286  7058190  70.81
2010-2014     15-19     0.00033  0.00163  3.00   99633     163  497838  6559904  65.84
2010-2014     20-24     0.00060  0.00300  2.54   99470     298  496617  6062066  60.94
2010-2014     25-29     0.00070  0.00351  2.52   99172     348  494995  5565449  56.12
2010-2014     30-34     0.00077  0.00386  2.52   98823     382  493170  5070454  51.31
2010-2014     35-39     0.00098  0.00489  2.61   98442     481  491059  4577284  46.50
2010-2014     40-44     0.00144  0.00716  2.64   97961     702  488148  4086225  41.71
2010-2014     45-49     0.00233  0.01159  2.65   97259    1127  483643  3598076  36.99
2010-2014     50-54     0.00372  0.01843  2.69   96132    1771  476574  3114434  32.40
2010-2014     55-59     0.00587  0.02893  2.65   94360    2730  465395  2637860  27.96
2010-2014     60-64     0.00886  0.04340  2.64   91631    3977  448772  2172465  23.71
2010-2014     65-69     0.01309  0.06348  2.61   87654    5565  424985  1723693  19.66
2010-2014     70-74     0.01973  0.09430  2.65   82089    7741  392292  1298707  15.82
2010-2014     75-79     0.03345  0.15511  2.66   74348   11532  344759   906415  12.19
2010-2014     80-84     0.06077  0.26557  2.63   62816   16682  274497   561656   8.94
2010-2014     85-89     0.11340  0.44227  2.51   46134   20404  179933   287159   6.22
2010-2014     90-94     0.20485  0.65983  2.30   25730   16977   82879   107226   4.17
2010-2014     95-99     0.33978  0.84052  1.99    8753    7357   21652    24347   2.78
2010-2014    100-104    0.50981  0.93937  1.64    1396    1311    2572     2696   1.93
2010-2014    105-109    0.68165  0.97687  1.35      85      83     121      124   1.46
2010-2014    110+       0.80411  1.00000  1.24       2       2       2        2   1.24
