France, Total Population, Life tables (period 5x5), Total     Last modified: 02-May-2016, MPv5 (May07)

  Year          Age         mx       qx    ax      lx      dx      Lx       Tx     ex
1816-1819        0      0.20580  0.18115  0.34  100000   18115   88025  3875443  38.75
1816-1819      1-4      0.03642  0.13359  1.52   81885   10939  300391  3787418  46.25
1816-1819      5-9      0.01179  0.05705  2.14   70946    4048  343165  3487027  49.15
1816-1819     10-14     0.00569  0.02802  2.36   66898    1875  329545  3143862  46.99
1816-1819     15-19     0.00713  0.03505  2.66   65023    2279  319793  2814316  43.28
1816-1819     20-24     0.00984  0.04802  2.53   62745    3013  306271  2494523  39.76
1816-1819     25-29     0.00943  0.04605  2.45   59732    2751  291644  2188252  36.63
1816-1819     30-34     0.00989  0.04825  2.52   56981    2749  278098  1896608  33.28
1816-1819     35-39     0.01106  0.05383  2.54   54232    2919  263967  1618510  29.84
1816-1819     40-44     0.01320  0.06391  2.54   51312    3279  248503  1354542  26.40
1816-1819     45-49     0.01584  0.07626  2.56   48033    3663  231229  1106040  23.03
1816-1819     50-54     0.02054  0.09776  2.55   44370    4338  211207   874811  19.72
1816-1819     55-59     0.02584  0.12164  2.60   40032    4870  188480   663604  16.58
1816-1819     60-64     0.04018  0.18296  2.56   35162    6433  160113   475124  13.51
1816-1819     65-69     0.05245  0.23222  2.53   28729    6671  127189   315011  10.96
1816-1819     70-74     0.08216  0.34097  2.51   22058    7521   91540   187822   8.52
1816-1819     75-79     0.11697  0.44883  2.41   14537    6525   55778    96282   6.62
1816-1819     80-84     0.18118  0.60776  2.29    8012    4869   26876    40504   5.06
1816-1819     85-89     0.21354  0.65675  2.07    3143    2064    9665    13628   4.34
1816-1819     90-94     0.25349  0.73335  2.13    1079     791    3121     3963   3.67
1816-1819     95-99     0.33078  0.81930  1.92     288     236     712      842   2.93
1816-1819    100-104    0.39391  0.87111  1.80      52      45     115      129   2.49
1816-1819    105-109    0.46072  0.91018  1.68       7       6      13       14   2.15
1816-1819    110+       0.51473  1.00000  1.94       1       1       1        1   1.94
1820-1824        0      0.20866  0.18337  0.34  100000   18337   87879  3930761  39.31
1820-1824      1-4      0.03730  0.13652  1.51   81663   11149  298917  3842882  47.06
1820-1824      5-9      0.01209  0.05843  2.15   70514    4120  340836  3543965  50.26
1820-1824     10-14     0.00536  0.02642  2.30   66394    1754  327230  3203129  48.24
1820-1824     15-19     0.00663  0.03264  2.70   64640    2110  318349  2875899  44.49
1820-1824     20-24     0.00947  0.04627  2.52   62530    2893  305479  2557550  40.90
1820-1824     25-29     0.00883  0.04319  2.45   59637    2576  291625  2252070  37.76
1820-1824     30-34     0.00916  0.04479  2.51   57061    2556  278939  1960445  34.36
1820-1824     35-39     0.01021  0.04981  2.54   54505    2715  265855  1681505  30.85
1820-1824     40-44     0.01204  0.05848  2.53   51790    3028  251479  1415651  27.33
1820-1824     45-49     0.01400  0.06772  2.57   48762    3302  235790  1164172  23.87
1820-1824     50-54     0.01869  0.08938  2.55   45460    4063  217348   928382  20.42
1820-1824     55-59     0.02369  0.11207  2.60   41397    4639  195851   711035  17.18
1820-1824     60-64     0.03634  0.16698  2.58   36757    6138  168916   515183  14.02
1820-1824     65-69     0.04989  0.22221  2.54   30620    6804  136379   346267  11.31
1820-1824     70-74     0.07665  0.32198  2.52   23816    7668  100036   209888   8.81
1820-1824     75-79     0.11009  0.42911  2.43   16147    6929   62939   109852   6.80
1820-1824     80-84     0.17719  0.60045  2.32    9218    5535   31239    46913   5.09
1820-1824     85-89     0.22038  0.66905  2.06    3683    2464   11182    15675   4.26
1820-1824     90-94     0.25098  0.72857  2.12    1219     888    3539     4493   3.69
1820-1824     95-99     0.33558  0.82426  1.91     331     273     813      954   2.88
1820-1824    100-104    0.40235  0.87720  1.79      58      51     127      142   2.44
1820-1824    105-109    0.47297  0.91627  1.66       7       7      14       15   2.10
1820-1824    110+       0.53020  1.00000  1.89       1       1       1        1   1.89
1825-1829        0      0.20603  0.18133  0.34  100000   18133   88013  3851090  38.51
1825-1829      1-4      0.03907  0.14243  1.51   81867   11660  298475  3763077  45.97
1825-1829      5-9      0.01230  0.05942  2.13   70206    4172  339071  3464602  49.35
1825-1829     10-14     0.00580  0.02856  2.35   66034    1886  325179  3125531  47.33
1825-1829     15-19     0.00724  0.03560  2.66   64148    2284  315390  2800352  43.65
1825-1829     20-24     0.00970  0.04736  2.53   61864    2930  302090  2484962  40.17
1825-1829     25-29     0.00964  0.04707  2.46   58935    2774  287626  2182872  37.04
1825-1829     30-34     0.00970  0.04735  2.51   56161    2659  274185  1895246  33.75
1825-1829     35-39     0.01080  0.05260  2.52   53501    2814  260532  1621061  30.30
1825-1829     40-44     0.01245  0.06038  2.54   50687    3061  245898  1360529  26.84
1825-1829     45-49     0.01482  0.07153  2.56   47626    3407  229817  1114631  23.40
1825-1829     50-54     0.01896  0.09061  2.56   44220    4007  211324   884814  20.01
1825-1829     55-59     0.02499  0.11788  2.60   40213    4740  189670   673490  16.75
1825-1829     60-64     0.03803  0.17410  2.57   35473    6176  162377   483820  13.64
1825-1829     65-69     0.05282  0.23385  2.55   29297    6851  129699   321443  10.97
1825-1829     70-74     0.08079  0.33599  2.50   22446    7542   93345   191744   8.54
1825-1829     75-79     0.11565  0.44531  2.42   14904    6637   57389    98399   6.60
1825-1829     80-84     0.18177  0.60935  2.30    8267    5038   27714    41010   4.96
1825-1829     85-89     0.22694  0.68153  2.07    3230    2201    9699    13296   4.12
1825-1829     90-94     0.26768  0.75048  2.07    1029     772    2884     3597   3.50
1825-1829     95-99     0.34923  0.83690  1.89     257     215     615      713   2.78
1825-1829    100-104    0.41940  0.88825  1.76      42      37      89       98   2.34
1825-1829    105-109    0.49310  0.92518  1.62       5       4       9        9   2.01
1825-1829    110+       0.55284  1.00000  1.81       0       0       1        1   1.81
1830-1834        0      0.20239  0.17850  0.34  100000   17850   88199  3773065  37.73
1830-1834      1-4      0.03969  0.14448  1.51   82150   11869  299036  3684866  44.86
1830-1834      5-9      0.01266  0.06111  2.15   70281    4295  339142  3385829  48.18
1830-1834     10-14     0.00597  0.02938  2.33   65985    1939  324752  3046688  46.17
1830-1834     15-19     0.00744  0.03656  2.71   64047    2342  314859  2721936  42.50
1830-1834     20-24     0.01120  0.05448  2.53   61705    3362  300233  2407077  39.01
1830-1834     25-29     0.01046  0.05094  2.44   58343    2972  284122  2106844  36.11
1830-1834     30-34     0.01085  0.05280  2.51   55371    2924  269576  1822722  32.92
1830-1834     35-39     0.01174  0.05702  2.53   52447    2991  254837  1553146  29.61
1830-1834     40-44     0.01343  0.06499  2.51   49457    3214  239293  1298310  26.25
1830-1834     45-49     0.01561  0.07521  2.56   46242    3478  222725  1059016  22.90
1830-1834     50-54     0.02008  0.09572  2.55   42765    4093  203800   836291  19.56
1830-1834     55-59     0.02575  0.12123  2.60   38671    4688  182095   632491  16.36
1830-1834     60-64     0.03957  0.18045  2.57   33983    6132  154989   450396  13.25
1830-1834     65-69     0.05568  0.24496  2.55   27851    6822  122532   295407  10.61
1830-1834     70-74     0.08624  0.35449  2.49   21028    7454   86438   172875   8.22
1830-1834     75-79     0.12337  0.46690  2.40   13574    6338   51374    86437   6.37
1830-1834     80-84     0.18651  0.62024  2.30    7236    4488   24065    35063   4.85
1830-1834     85-89     0.23627  0.69429  2.03    2748    1908    8075    10998   4.00
1830-1834     90-94     0.26828  0.75249  2.08     840     632    2356     2923   3.48
1830-1834     95-99     0.35673  0.84331  1.87     208     175     492      567   2.72
1830-1834    100-104    0.42718  0.89283  1.74      33      29      68       75   2.30
1830-1834    105-109    0.50076  0.92823  1.61       3       3       6        7   1.98
1830-1834    110+       0.56028  1.00000  1.78       0       0       0        0   1.78
1835-1839        0      0.18471  0.16462  0.34  100000   16462   89119  4018564  40.19
1835-1839      1-4      0.03527  0.12970  1.51   83538   10835  307171  3929446  47.04
1835-1839      5-9      0.01019  0.04949  2.11   72703    3598  353111  3622275  49.82
1835-1839     10-14     0.00535  0.02639  2.42   69105    1824  340814  3269163  47.31
1835-1839     15-19     0.00687  0.03383  2.69   67281    2276  331141  2928349  43.52
1835-1839     20-24     0.01034  0.05044  2.55   65005    3279  316999  2597208  39.95
1835-1839     25-29     0.01006  0.04903  2.44   61726    3026  300873  2280209  36.94
1835-1839     30-34     0.00979  0.04778  2.51   58700    2805  286524  1979336  33.72
1835-1839     35-39     0.01118  0.05441  2.53   55895    3041  271968  1692812  30.29
1835-1839     40-44     0.01252  0.06071  2.52   52854    3209  256323  1420844  26.88
1835-1839     45-49     0.01431  0.06911  2.54   49646    3431  239796  1164521  23.46
1835-1839     50-54     0.01859  0.08894  2.57   46214    4110  221080   924725  20.01
1835-1839     55-59     0.02445  0.11547  2.60   42104    4862  198833   703645  16.71
1835-1839     60-64     0.03677  0.16884  2.58   37242    6288  171006   504812  13.55
1835-1839     65-69     0.05300  0.23461  2.56   30954    7262  137022   333806  10.78
1835-1839     70-74     0.08456  0.34913  2.50   23692    8272   97817   196784   8.31
1835-1839     75-79     0.12094  0.46018  2.40   15421    7096   58674    98967   6.42
1835-1839     80-84     0.18692  0.62041  2.29    8324    5164   27630    40293   4.84
1835-1839     85-89     0.23459  0.69356  2.05    3160    2192    9342    12664   4.01
1835-1839     90-94     0.27252  0.75541  2.05     968     731    2684     3322   3.43
1835-1839     95-99     0.36132  0.84731  1.87     237     201     555      637   2.69
1835-1839    100-104    0.43368  0.89670  1.73      36      32      75       82   2.27
1835-1839    105-109    0.50905  0.93154  1.60       4       3       7        7   1.95
1835-1839    110+       0.56999  1.00000  1.75       0       0       0        0   1.75
1840-1844        0      0.17278  0.15507  0.34  100000   15507   89750  4081598  40.82
1840-1844      1-4      0.03462  0.12751  1.51   84493   10774  311181  3991847  47.24
1840-1844      5-9      0.01030  0.05004  2.12   73720    3689  357984  3680667  49.93
1840-1844     10-14     0.00548  0.02700  2.41   70031    1891  345263  3322683  47.45
1840-1844     15-19     0.00724  0.03560  2.72   68140    2426  335172  2977420  43.70
1840-1844     20-24     0.01152  0.05601  2.54   65714    3681  319506  2642248  40.21
1840-1844     25-29     0.01027  0.05003  2.41   62033    3103  302116  2322742  37.44
1840-1844     30-34     0.00970  0.04736  2.49   58929    2791  287631  2020626  34.29
1840-1844     35-39     0.01032  0.05034  2.54   56138    2826  273751  1732996  30.87
1840-1844     40-44     0.01245  0.06041  2.53   53312    3221  258601  1459245  27.37
1840-1844     45-49     0.01381  0.06678  2.54   50092    3345  242231  1200644  23.97
1840-1844     50-54     0.01724  0.08270  2.55   46747    3866  224246   958413  20.50
1840-1844     55-59     0.02268  0.10758  2.62   42880    4613  203422   734166  17.12
1840-1844     60-64     0.03535  0.16282  2.58   38268    6231  176246   530744  13.87
1840-1844     65-69     0.04901  0.21899  2.57   32037    7016  143143   354499  11.07
1840-1844     70-74     0.08062  0.33577  2.51   25021    8401  104211   211356   8.45
1840-1844     75-79     0.11842  0.45359  2.42   16620    7538   63657   107145   6.45
1840-1844     80-84     0.18747  0.62209  2.30    9081    5649   30135    43488   4.79
1840-1844     85-89     0.24359  0.70910  2.05    3432    2434    9991    13353   3.89
1840-1844     90-94     0.27694  0.75861  2.02     998     757    2735     3363   3.37
1840-1844     95-99     0.37390  0.85773  1.85     241     207     553      628   2.60
1840-1844    100-104    0.45089  0.90629  1.70      34      31      69       75   2.19
1840-1844    105-109    0.53044  0.93940  1.56       3       3       6        6   1.87
1840-1844    110+       0.59461  1.00000  1.68       0       0       0        0   1.68
1845-1849        0      0.17584  0.15753  0.34  100000   15753   89588  4006895  40.07
1845-1849      1-4      0.03518  0.12935  1.50   84247   10897  309742  3917308  46.50
1845-1849      5-9      0.01003  0.04875  2.12   73349    3576  356437  3607566  49.18
1845-1849     10-14     0.00568  0.02800  2.44   69774    1954  343874  3251129  46.60
1845-1849     15-19     0.00742  0.03647  2.70   67820    2473  333417  2907254  42.87
1845-1849     20-24     0.01146  0.05575  2.54   65347    3643  317774  2573837  39.39
1845-1849     25-29     0.01061  0.05166  2.43   61704    3187  300313  2256063  36.56
1845-1849     30-34     0.01044  0.05088  2.50   58517    2977  285145  1955750  33.42
1845-1849     35-39     0.01128  0.05487  2.52   55539    3047  270137  1670605  30.08
1845-1849     40-44     0.01291  0.06255  2.54   52492    3283  254391  1400468  26.68
1845-1849     45-49     0.01542  0.07427  2.54   49209    3655  237068  1146077  23.29
1845-1849     50-54     0.01889  0.09026  2.55   45554    4112  217702   909009  19.95
1845-1849     55-59     0.02436  0.11506  2.59   41442    4768  195712   691307  16.68
1845-1849     60-64     0.03719  0.17059  2.58   36674    6256  168245   495595  13.51
1845-1849     65-69     0.05286  0.23405  2.55   30418    7119  134669   327350  10.76
1845-1849     70-74     0.08258  0.34249  2.51   23299    7980   96634   192681   8.27
1845-1849     75-79     0.12180  0.46260  2.40   15319    7087   58180    96048   6.27
1845-1849     80-84     0.19463  0.63781  2.30    8232    5251   26978    37867   4.60
1845-1849     85-89     0.26109  0.73372  2.02    2982    2188    8379    10889   3.65
1845-1849     90-94     0.29675  0.78427  1.99     794     623    2098     2510   3.16
1845-1849     95-99     0.40725  0.88196  1.79     171     151     371      411   2.40
1845-1849    100-104    0.49314  0.92618  1.63      20      19      38       41   2.00
1845-1849    105-109    0.57955  0.95418  1.49       1       1       2        3   1.72
1845-1849    110+       0.64829  1.00000  1.54       0       0       0        0   1.54
1850-1854        0      0.17499  0.15684  0.34  100000   15684   89632  4088167  40.88
1850-1854      1-4      0.03370  0.12435  1.51   84316   10485  311106  3998535  47.42
1850-1854      5-9      0.00940  0.04577  2.11   73831    3379  359399  3687429  49.94
1850-1854     10-14     0.00550  0.02710  2.46   70452    1909  347409  3328029  47.24
1850-1854     15-19     0.00709  0.03487  2.68   68542    2390  337169  2980620  43.49
1850-1854     20-24     0.01057  0.05153  2.54   66153    3409  322393  2643452  39.96
1850-1854     25-29     0.01001  0.04881  2.43   62744    3063  305861  2321059  36.99
1850-1854     30-34     0.00987  0.04814  2.50   59681    2873  291233  2015198  33.77
1850-1854     35-39     0.01088  0.05299  2.53   56808    3010  276600  1723965  30.35
1850-1854     40-44     0.01232  0.05975  2.52   53798    3215  261015  1447365  26.90
1850-1854     45-49     0.01419  0.06858  2.57   50583    3469  244496  1186350  23.45
1850-1854     50-54     0.01909  0.09119  2.56   47114    4296  225084   941853  19.99
1850-1854     55-59     0.02414  0.11404  2.59   42818    4883  202314   716769  16.74
1850-1854     60-64     0.03594  0.16527  2.57   37935    6270  174463   514454  13.56
1850-1854     65-69     0.05269  0.23359  2.57   31665    7397  140382   339991  10.74
1850-1854     70-74     0.08429  0.34809  2.50   24268    8448  100222   199610   8.23
1850-1854     75-79     0.12037  0.45889  2.41   15821    7260   60312    99388   6.28
1850-1854     80-84     0.19449  0.63624  2.28    8561    5447   28005    39075   4.56
1850-1854     85-89     0.26491  0.74412  2.06    3114    2317    8747    11071   3.56
1850-1854     90-94     0.32619  0.81202  1.91     797     647    1984     2324   2.92
1850-1854     95-99     0.43203  0.89765  1.74     150     134     311      340   2.27
1850-1854    100-104    0.52672  0.93920  1.57      15      14      27       29   1.88
1850-1854    105-109    0.61966  0.96369  1.43       1       1       1        1   1.61
1850-1854    110+       0.69228  1.00000  1.44       0       0       0        0   1.44
1855-1859        0      0.20324  0.17917  0.34  100000   17917   88156  3837968  38.38
1855-1859      1-4      0.03808  0.13908  1.50   82083   11416  299805  3749812  45.68
1855-1859      5-9      0.01051  0.05099  2.11   70667    3603  342911  3450007  48.82
1855-1859     10-14     0.00621  0.03059  2.46   67064    2051  330106  3107096  46.33
1855-1859     15-19     0.00811  0.03979  2.72   65013    2587  319154  2776991  42.71
1855-1859     20-24     0.01291  0.06254  2.52   62426    3904  302462  2457836  39.37
1855-1859     25-29     0.01061  0.05162  2.38   58522    3021  284678  2155374  36.83
1855-1859     30-34     0.00997  0.04865  2.49   55501    2700  270733  1870696  33.71
1855-1859     35-39     0.01039  0.05065  2.52   52801    2675  257371  1599962  30.30
1855-1859     40-44     0.01225  0.05947  2.55   50126    2981  243318  1342591  26.78
1855-1859     45-49     0.01434  0.06925  2.55   47145    3265  227716  1099273  23.32
1855-1859     50-54     0.01836  0.08790  2.58   43880    3857  210066   871558  19.86
1855-1859     55-59     0.02513  0.11848  2.59   40023    4742  188683   661492  16.53
1855-1859     60-64     0.03661  0.16815  2.58   35281    5932  162061   472809  13.40
1855-1859     65-69     0.05317  0.23529  2.56   29349    6905  129883   310748  10.59
1855-1859     70-74     0.08612  0.35453  2.51   22443    7957   92388   180865   8.06
1855-1859     75-79     0.12591  0.47384  2.39   14487    6864   54519    88477   6.11
1855-1859     80-84     0.19688  0.64181  2.29    7622    4892   24848    33958   4.46
1855-1859     85-89     0.28588  0.77263  2.03    2730    2109    7379     9109   3.34
1855-1859     90-94     0.33989  0.82250  1.86     621     511    1502     1731   2.79
1855-1859     95-99     0.47492  0.92023  1.67     110     101     214      228   2.07
1855-1859    100-104    0.58284  0.95617  1.49       9       8      14       15   1.70
1855-1859    105-109    0.68404  0.97509  1.33       0       0       1        1   1.46
1855-1859    110+       0.76000  1.00000  1.32       0       0       0        0   1.32
1860-1864        0      0.18835  0.16750  0.34  100000   16750   88927  4200464  42.00
1860-1864      1-4      0.03230  0.11960  1.51   83250    9957  308228  4111536  49.39
1860-1864      5-9      0.00779  0.03804  2.00   73294    2788  358092  3803308  51.89
1860-1864     10-14     0.00491  0.02425  2.57   70506    1710  348377  3445216  48.86
1860-1864     15-19     0.00665  0.03275  2.65   68796    2253  338675  3096838  45.02
1860-1864     20-24     0.00916  0.04478  2.53   66543    2980  325343  2758164  41.45
1860-1864     25-29     0.00857  0.04193  2.45   63563    2665  311029  2432820  38.27
1860-1864     30-34     0.00883  0.04319  2.50   60897    2630  297924  2121791  34.84
1860-1864     35-39     0.00929  0.04541  2.52   58267    2646  284785  1823867  31.30
1860-1864     40-44     0.01087  0.05293  2.55   55622    2944  270882  1539081  27.67
1860-1864     45-49     0.01293  0.06268  2.58   52678    3302  255387  1268200  24.07
1860-1864     50-54     0.01709  0.08204  2.55   49376    4051  236958  1012813  20.51
1860-1864     55-59     0.02200  0.10455  2.63   45325    4739  215410   775854  17.12
1860-1864     60-64     0.03612  0.16611  2.58   40586    6742  186629   560444  13.81
1860-1864     65-69     0.04972  0.22172  2.56   33845    7504  150938   373816  11.05
1860-1864     70-74     0.07940  0.33156  2.51   26341    8733  109991   222878   8.46
1860-1864     75-79     0.11893  0.45506  2.42   17607    8012   67370   112886   6.41
1860-1864     80-84     0.18357  0.61450  2.31    9595    5896   32118    45517   4.74
1860-1864     85-89     0.25868  0.73706  2.08    3699    2726   10539    13399   3.62
1860-1864     90-94     0.32171  0.80403  1.89     973     782    2431     2860   2.94
1860-1864     95-99     0.43542  0.90025  1.74     191     172     394      429   2.25
1860-1864    100-104    0.53774  0.94331  1.56      19      18      33       35   1.84
1860-1864    105-109    0.63752  0.96746  1.40       1       1       2        2   1.56
1860-1864    110+       0.71476  1.00000  1.40       0       0       0        0   1.40
1865-1869        0      0.19436  0.17223  0.34  100000   17223   88615  4111748  41.12
1865-1869      1-4      0.03282  0.12133  1.50   82777   10043  306010  4023132  48.60
1865-1869      5-9      0.00752  0.03679  1.98   72733    2676  355591  3717122  51.11
1865-1869     10-14     0.00469  0.02321  2.59   70057    1626  346369  3361531  47.98
1865-1869     15-19     0.00695  0.03418  2.66   68431    2339  336694  3015162  44.06
1865-1869     20-24     0.00936  0.04576  2.52   66093    3024  322970  2678468  40.53
1865-1869     25-29     0.00915  0.04471  2.47   63069    2820  308210  2355498  37.35
1865-1869     30-34     0.00954  0.04661  2.51   60249    2808  294257  2047288  33.98
1865-1869     35-39     0.01029  0.05016  2.53   57440    2881  280073  1753031  30.52
1865-1869     40-44     0.01196  0.05808  2.54   54559    3169  264991  1472958  27.00
1865-1869     45-49     0.01399  0.06766  2.56   51390    3477  248477  1207967  23.51
1865-1869     50-54     0.01832  0.08768  2.56   47913    4201  229332   959490  20.03
1865-1869     55-59     0.02367  0.11194  2.58   43712    4893  206726   730158  16.70
1865-1869     60-64     0.03579  0.16486  2.61   38819    6400  178803   523431  13.48
1865-1869     65-69     0.05518  0.24311  2.55   32419    7881  142819   344628  10.63
1865-1869     70-74     0.08346  0.34536  2.50   24537    8474  101541   201809   8.22
1865-1869     75-79     0.12272  0.46508  2.40   16063    7471   60876   100268   6.24
1865-1869     80-84     0.19095  0.63006  2.30    8593    5414   28352    39392   4.58
1865-1869     85-89     0.27291  0.75640  2.05    3179    2404    8810    11040   3.47
1865-1869     90-94     0.32802  0.80906  1.87     774     626    1910     2229   2.88
1865-1869     95-99     0.45494  0.91061  1.71     148     135     296      319   2.16
1865-1869    100-104    0.55970  0.94995  1.52      13      13      22       23   1.77
1865-1869    105-109    0.66003  0.97139  1.37       1       1       1        1   1.51
1865-1869    110+       0.73667  1.00000  1.36       0       0       0        0   1.36
1870-1874        0      0.20309  0.17906  0.34  100000   17906   88164  3832365  38.32
1870-1874      1-4      0.03440  0.12669  1.49   82094   10400  302307  3744201  45.61
1870-1874      5-9      0.00886  0.04317  2.08   71694    3095  349432  3441894  48.01
1870-1874     10-14     0.00545  0.02688  2.50   68599    1844  338386  3092462  45.08
1870-1874     15-19     0.00810  0.03977  2.79   66755    2655  327914  2754075  41.26
1870-1874     20-24     0.01481  0.07144  2.55   64100    4579  309277  2426162  37.85
1870-1874     25-29     0.01257  0.06084  2.37   59521    3621  288096  2116885  35.57
1870-1874     30-34     0.01193  0.05793  2.49   55900    3238  271385  1828788  32.72
1870-1874     35-39     0.01242  0.06025  2.51   52661    3173  255402  1557404  29.57
1870-1874     40-44     0.01395  0.06744  2.52   49488    3337  239165  1302002  26.31
1870-1874     45-49     0.01581  0.07607  2.54   46151    3511  222115  1062837  23.03
1870-1874     50-54     0.01964  0.09368  2.55   42640    3994  203409   840723  19.72
1870-1874     55-59     0.02531  0.11927  2.59   38646    4609  182104   637314  16.49
1870-1874     60-64     0.03698  0.16962  2.56   34037    5773  156110   455210  13.37
1870-1874     65-69     0.05253  0.23309  2.59   28263    6588  125417   299099  10.58
1870-1874     70-74     0.08888  0.36344  2.49   21675    7878   88632   173683   8.01
1870-1874     75-79     0.12393  0.46837  2.39   13798    6462   52145    85051   6.16
1870-1874     80-84     0.19599  0.63933  2.28    7335    4690   23928    32906   4.49
1870-1874     85-89     0.27860  0.76462  2.05    2646    2023    7261     8978   3.39
1870-1874     90-94     0.34476  0.82662  1.85     623     515    1493     1717   2.76
1870-1874     95-99     0.47482  0.92022  1.67     108      99     209      224   2.07
1870-1874    100-104    0.58312  0.95626  1.49       9       8      14       15   1.70
1870-1874    105-109    0.68468  0.97520  1.33       0       0       1        1   1.46
1870-1874    110+       0.76089  1.00000  1.31       0       0       0        0   1.31
1875-1879        0      0.17779  0.15909  0.34  100000   15909   89483  4364098  43.64
1875-1879      1-4      0.02632  0.09882  1.52   84091    8310  315719  4274616  50.83
1875-1879      5-9      0.00640  0.03141  2.00   75781    2380  371766  3958897  52.24
1875-1879     10-14     0.00406  0.02010  2.58   73401    1475  363435  3587130  48.87
1875-1879     15-19     0.00597  0.02946  2.71   71926    2119  354770  3223696  44.82
1875-1879     20-24     0.00927  0.04532  2.55   69807    3164  341271  2868925  41.10
1875-1879     25-29     0.00895  0.04377  2.47   66643    2917  325841  2527655  37.93
1875-1879     30-34     0.00944  0.04609  2.50   63726    2937  311287  2201813  34.55
1875-1879     35-39     0.00993  0.04847  2.52   60789    2946  296634  1890527  31.10
1875-1879     40-44     0.01125  0.05471  2.54   57843    3165  281417  1593893  27.56
1875-1879     45-49     0.01328  0.06433  2.56   54678    3518  264823  1312476  24.00
1875-1879     50-54     0.01724  0.08275  2.57   51160    4233  245495  1047653  20.48
1875-1879     55-59     0.02262  0.10729  2.60   46927    5035  222546   802158  17.09
1875-1879     60-64     0.03426  0.15823  2.59   41892    6629  193485   579612  13.84
1875-1879     65-69     0.04959  0.22122  2.56   35264    7801  157302   386127  10.95
1875-1879     70-74     0.07872  0.32971  2.54   27463    9055  115027   228825   8.33
1875-1879     75-79     0.12538  0.47328  2.41   18408    8712   69486   113798   6.18
1875-1879     80-84     0.19047  0.62919  2.30    9696    6101   32029    44312   4.57
1875-1879     85-89     0.27543  0.75864  2.04    3595    2728    9903    12283   3.42
1875-1879     90-94     0.34715  0.83679  1.91     868     726    2092     2380   2.74
1875-1879     95-99     0.48434  0.92486  1.66     142     131     270      288   2.03
1875-1879    100-104    0.59890  0.96027  1.46      11      10      17       18   1.66
1875-1879    105-109    0.70442  0.97797  1.31       0       0       1        1   1.42
1875-1879    110+       0.78203  1.00000  1.28       0       0       0        0   1.28
1880-1884        0      0.18611  0.16572  0.34  100000   16572   89044  4298256  42.98
1880-1884      1-4      0.02790  0.10433  1.50   83428    8704  311933  4209212  50.45
1880-1884      5-9      0.00680  0.03335  2.05   74724    2492  366276  3897279  52.16
1880-1884     10-14     0.00431  0.02132  2.54   72231    1540  357364  3531003  48.88
1880-1884     15-19     0.00615  0.03033  2.69   70691    2144  348500  3173639  44.89
1880-1884     20-24     0.00911  0.04455  2.55   68547    3053  335265  2825139  41.21
1880-1884     25-29     0.00908  0.04438  2.46   65494    2907  320100  2489874  38.02
1880-1884     30-34     0.00966  0.04715  2.52   62587    2951  305619  2169774  34.67
1880-1884     35-39     0.01024  0.04992  2.50   59636    2977  290742  1864155  31.26
1880-1884     40-44     0.01155  0.05615  2.53   56659    3181  275446  1573414  27.77
1880-1884     45-49     0.01334  0.06460  2.56   53477    3455  258956  1297967  24.27
1880-1884     50-54     0.01731  0.08305  2.56   50023    4155  239997  1039011  20.77
1880-1884     55-59     0.02235  0.10601  2.59   45868    4863  217612   799014  17.42
1880-1884     60-64     0.03308  0.15317  2.59   41006    6281  189886   581403  14.18
1880-1884     65-69     0.04854  0.21713  2.57   34725    7540  155337   391516  11.27
1880-1884     70-74     0.07501  0.31605  2.51   27185    8592  114539   236179   8.69
1880-1884     75-79     0.11135  0.43364  2.45   18593    8063   72409   121641   6.54
1880-1884     80-84     0.18763  0.62290  2.30   10530    6559   34960    49232   4.68
1880-1884     85-89     0.25760  0.73530  2.08    3971    2920   11335    14272   3.59
1880-1884     90-94     0.34247  0.83083  1.90    1051     873    2550     2938   2.79
1880-1884     95-99     0.45070  0.90861  1.72     178     162     358      387   2.18
1880-1884    100-104    0.55657  0.94913  1.53      16      15      28       29   1.78
1880-1884    105-109    0.65800  0.97110  1.37       1       1       1        1   1.52
1880-1884    110+       0.73540  1.00000  1.36       0       0       0        0   1.36
1885-1889        0      0.17660  0.15814  0.34  100000   15814   89546  4404750  44.05
1885-1889      1-4      0.02668  0.09994  1.46   84186    8414  315364  4315205  51.26
1885-1889      5-9      0.00590  0.02898  1.87   75772    2196  371983  3999841  52.79
1885-1889     10-14     0.00397  0.01967  2.66   73576    1447  364500  3627858  49.31
1885-1889     15-19     0.00615  0.03032  2.68   72129    2187  355576  3263358  45.24
1885-1889     20-24     0.00857  0.04197  2.53   69942    2936  342445  2907782  41.57
1885-1889     25-29     0.00843  0.04126  2.49   67006    2764  328091  2565337  38.29
1885-1889     30-34     0.00936  0.04574  2.51   64241    2938  313898  2237246  34.83
1885-1889     35-39     0.01005  0.04906  2.54   61303    3007  299104  1923348  31.37
1885-1889     40-44     0.01169  0.05680  2.51   58296    3311  283227  1624243  27.86
1885-1889     45-49     0.01292  0.06260  2.55   54985    3442  266487  1341017  24.39
1885-1889     50-54     0.01662  0.07989  2.57   51543    4118  247708  1074530  20.85
1885-1889     55-59     0.02189  0.10401  2.60   47425    4933  225308   826822  17.43
1885-1889     60-64     0.03337  0.15443  2.59   42492    6562  196620   601513  14.16
1885-1889     65-69     0.04815  0.21562  2.58   35930    7747  160896   404893  11.27
1885-1889     70-74     0.07728  0.32425  2.52   28183    9138  118249   243997   8.66
1885-1889     75-79     0.11166  0.43329  2.42   19045    8252   73902   125748   6.60
1885-1889     80-84     0.17760  0.60252  2.33   10793    6503   36614    51846   4.80
1885-1889     85-89     0.26296  0.74495  2.09    4290    3196   12153    15232   3.55
1885-1889     90-94     0.33694  0.82562  1.91    1094     903    2681     3079   2.81
1885-1889     95-99     0.47190  0.91978  1.68     191     175     372      398   2.08
1885-1889    100-104    0.59011  0.95845  1.48      15      15      25       26   1.68
1885-1889    105-109    0.69966  0.97747  1.31       1       1       1        1   1.43
1885-1889    110+       0.78024  1.00000  1.28       0       0       0        0   1.28
1890-1894        0      0.18508  0.16490  0.34  100000   16490   89098  4396997  43.97
1890-1894      1-4      0.02516  0.09442  1.38   83510    7885  313403  4307900  51.59
1890-1894      5-9      0.00544  0.02675  1.94   75625    2023  371930  3994497  52.82
1890-1894     10-14     0.00355  0.01762  2.65   73602    1297  364959  3622567  49.22
1890-1894     15-19     0.00612  0.03020  2.74   72305    2183  356597  3257608  45.05
1890-1894     20-24     0.00832  0.04072  2.48   70122    2856  343417  2901010  41.37
1890-1894     25-29     0.00795  0.03896  2.49   67266    2621  329763  2557594  38.02
1890-1894     30-34     0.00889  0.04348  2.54   64645    2811  316304  2227830  34.46
1890-1894     35-39     0.00999  0.04873  2.52   61835    3013  301707  1911527  30.91
1890-1894     40-44     0.01153  0.05605  2.54   58822    3297  285994  1609820  27.37
1890-1894     45-49     0.01323  0.06408  2.53   55524    3558  268825  1323827  23.84
1890-1894     50-54     0.01642  0.07893  2.56   51967    4102  249822  1055002  20.30
1890-1894     55-59     0.02200  0.10455  2.63   47865    5004  227469   805180  16.82
1890-1894     60-64     0.03564  0.16413  2.60   42860    7035  197409   577711  13.48
1890-1894     65-69     0.05248  0.23264  2.56   35826    8334  158808   380302  10.62
1890-1894     70-74     0.08398  0.34763  2.52   27491    9557  113801   221494   8.06
1890-1894     75-79     0.13102  0.48838  2.39   17934    8759   66851   107693   6.00
1890-1894     80-84     0.19493  0.63643  2.27    9176    5840   29958    40841   4.45
1890-1894     85-89     0.28500  0.77668  2.07    3336    2591    9091    10884   3.26
1890-1894     90-94     0.40400  0.87979  1.79     745     655    1622     1793   2.41
1890-1894     95-99     0.51957  0.93883  1.60      90      84     162      170   1.90
1890-1894    100-104    0.64065  0.96885  1.40       5       5       8        9   1.55
1890-1894    105-109    0.74678  0.98278  1.25       0       0       0        0   1.34
1890-1894    110+       0.82138  1.00000  1.22       0       0       0        0   1.22
1895-1899        0      0.17772  0.15904  0.34  100000   15904   89486  4631320  46.31
1895-1899      1-4      0.01954  0.07435  1.38   84096    6253  319992  4541834  54.01
1895-1899      5-9      0.00452  0.02231  2.08   77844    1737  384150  4221842  54.23
1895-1899     10-14     0.00314  0.01560  2.60   76107    1187  377680  3837692  50.43
1895-1899     15-19     0.00533  0.02634  2.71   74920    1973  370086  3460012  46.18
1895-1899     20-24     0.00772  0.03789  2.53   72946    2764  357903  3089926  42.36
1895-1899     25-29     0.00750  0.03682  2.46   70182    2584  344359  2732023  38.93
1895-1899     30-34     0.00817  0.04005  2.51   67598    2708  331261  2387664  35.32
1895-1899     35-39     0.00922  0.04507  2.53   64891    2925  317235  2056403  31.69
1895-1899     40-44     0.01062  0.05172  2.51   61966    3205  301846  1739167  28.07
1895-1899     45-49     0.01267  0.06144  2.55   58761    3610  284947  1437322  24.46
1895-1899     50-54     0.01587  0.07637  2.56   55151    4212  265463  1152375  20.90
1895-1899     55-59     0.02121  0.10091  2.59   50939    5140  242295   886911  17.41
1895-1899     60-64     0.03175  0.14746  2.59   45798    6753  212685   644617  14.08
1895-1899     65-69     0.04843  0.21663  2.57   39045    8458  174643   431932  11.06
1895-1899     70-74     0.07778  0.32598  2.52   30587    9971  128189   257288   8.41
1895-1899     75-79     0.12181  0.46350  2.42   20616    9556   78444   129099   6.26
1895-1899     80-84     0.18910  0.62610  2.30   11061    6925   36621    50655   4.58
1895-1899     85-89     0.27420  0.76178  2.08    4136    3150   11489    14033   3.39
1895-1899     90-94     0.37296  0.85905  1.86     985     846    2269     2544   2.58
1895-1899     95-99     0.49825  0.93087  1.64     139     129     259      275   1.98
1895-1899    100-104    0.61750  0.96442  1.43      10       9      15       15   1.61
1895-1899    105-109    0.72482  0.98046  1.28       0       0       0        0   1.38
1895-1899    110+       0.80200  1.00000  1.25       0       0       0        0   1.25
1900-1904        0      0.16680  0.15023  0.34  100000   15023   90068  4724502  47.25
1900-1904      1-4      0.01709  0.06548  1.42   84977    5564  325535  4634434  54.54
1900-1904      5-9      0.00445  0.02197  2.20   79413    1745  392172  4308899  54.26
1900-1904     10-14     0.00317  0.01571  2.57   77668    1220  385377  3916726  50.43
1900-1904     15-19     0.00510  0.02522  2.68   76448    1928  377773  3531349  46.19
1900-1904     20-24     0.00734  0.03605  2.53   74520    2686  365964  3153576  42.32
1900-1904     25-29     0.00743  0.03645  2.49   71833    2618  352589  2787612  38.81
1900-1904     30-34     0.00810  0.03968  2.51   69215    2746  339247  2435023  35.18
1900-1904     35-39     0.00921  0.04502  2.54   66469    2992  324969  2095776  31.53
1900-1904     40-44     0.01067  0.05196  2.52   63477    3298  309201  1770807  27.90
1900-1904     45-49     0.01279  0.06201  2.54   60179    3731  291717  1461606  24.29
1900-1904     50-54     0.01626  0.07823  2.57   56447    4416  271493  1169889  20.73
1900-1904     55-59     0.02206  0.10474  2.59   52032    5450  247009   898396  17.27
1900-1904     60-64     0.03251  0.15063  2.57   46582    7017  215865   651386  13.98
1900-1904     65-69     0.04885  0.21831  2.57   39565    8637  176809   435521  11.01
1900-1904     70-74     0.07802  0.32684  2.52   30927   10108  129562   258713   8.37
1900-1904     75-79     0.12334  0.46796  2.42   20819    9743   78989   129151   6.20
1900-1904     80-84     0.19158  0.63002  2.28   11077    6978   36425    50162   4.53
1900-1904     85-89     0.27867  0.76911  2.09    4098    3152   11311    13736   3.35
1900-1904     90-94     0.37626  0.86152  1.85     946     815    2167     2426   2.56
1900-1904     95-99     0.49894  0.93101  1.63     131     122     245      259   1.98
1900-1904    100-104    0.61670  0.96419  1.44       9       9      14       15   1.61
1900-1904    105-109    0.72289  0.98022  1.28       0       0       0        0   1.38
1900-1904    110+       0.79950  1.00000  1.25       0       0       0        0   1.25
1905-1909        0      0.14981  0.13631  0.34  100000   13631   90988  4867481  48.67
1905-1909      1-4      0.01486  0.05721  1.36   86369    4941  332436  4776493  55.30
1905-1909      5-9      0.00372  0.01839  2.19   81428    1498  402929  4444058  54.58
1905-1909     10-14     0.00279  0.01385  2.60   79930    1107  396998  4041129  50.56
1905-1909     15-19     0.00492  0.02430  2.70   78823    1915  389711  3644131  46.23
1905-1909     20-24     0.00690  0.03390  2.53   76908    2607  378093  3254420  42.32
1905-1909     25-29     0.00720  0.03539  2.50   74301    2629  364927  2876328  38.71
1905-1909     30-34     0.00788  0.03867  2.54   71671    2771  351534  2511400  35.04
1905-1909     35-39     0.00898  0.04394  2.53   68900    3028  337025  2159866  31.35
1905-1909     40-44     0.01074  0.05232  2.56   65872    3447  320945  1822841  27.67
1905-1909     45-49     0.01316  0.06376  2.56   62425    3980  302404  1501896  24.06
1905-1909     50-54     0.01675  0.08046  2.57   58445    4703  280784  1199492  20.52
1905-1909     55-59     0.02260  0.10717  2.59   53743    5760  254822   918708  17.09
1905-1909     60-64     0.03342  0.15464  2.59   47983    7420  222057   663886  13.84
1905-1909     65-69     0.05007  0.22312  2.56   40563    9050  180757   441829  10.89
1905-1909     70-74     0.07959  0.33243  2.52   31512   10476  131622   261072   8.28
1905-1909     75-79     0.12519  0.47336  2.42   21036    9958   79540   129450   6.15
1905-1909     80-84     0.19163  0.63011  2.28   11079    6981   36429    49910   4.51
1905-1909     85-89     0.28340  0.77391  2.07    4098    3171   11191    13481   3.29
1905-1909     90-94     0.39167  0.87618  1.85     926     812    2073     2291   2.47
1905-1909     95-99     0.52002  0.93909  1.60     115     108     207      218   1.90
1905-1909    100-104    0.64239  0.96920  1.40       7       7      11       11   1.55
1905-1909    105-109    0.74926  0.98305  1.25       0       0       0        0   1.33
1905-1909    110+       0.82406  1.00000  1.21       0       0       0        0   1.21
1910-1914        0      0.13464  0.12363  0.34  100000   12363   91826  4793697  47.94
1910-1914      1-4      0.01357  0.05236  1.30   87637    4589  338158  4701871  53.65
1910-1914      5-9      0.00320  0.01585  2.19   83048    1316  411549  4363713  52.54
1910-1914     10-14     0.00251  0.01248  2.62   81732    1020  406236  3952163  48.36
1910-1914     15-19     0.00724  0.03575  3.20   80712    2885  398362  3545928  43.93
1910-1914     20-24     0.01221  0.05919  2.46   77826    4607  377419  3147566  40.44
1910-1914     25-29     0.01130  0.05493  2.46   73220    4022  355890  2770147  37.83
1910-1914     30-34     0.01100  0.05348  2.44   69197    3701  336505  2414257  34.89
1910-1914     35-39     0.01011  0.04929  2.49   65497    3229  319380  2077752  31.72
1910-1914     40-44     0.01066  0.05192  2.51   62268    3233  303299  1758372  28.24
1910-1914     45-49     0.01230  0.05974  2.57   59035    3527  286620  1455073  24.65
1910-1914     50-54     0.01588  0.07649  2.58   55509    4246  267286  1168453  21.05
1910-1914     55-59     0.02128  0.10121  2.59   51263    5188  243836   901167  17.58
1910-1914     60-64     0.03086  0.14364  2.59   46075    6618  214455   657331  14.27
1910-1914     65-69     0.04752  0.21314  2.59   39457    8410  176995   442876  11.22
1910-1914     70-74     0.07497  0.31643  2.54   31047    9824  131045   265881   8.56
1910-1914     75-79     0.12049  0.46037  2.44   21222    9770   81091   134835   6.35
1910-1914     80-84     0.18167  0.60989  2.31   11452    6985   38446    53745   4.69
1910-1914     85-89     0.27067  0.75792  2.10    4468    3386   12510    15299   3.42
1910-1914     90-94     0.37322  0.86089  1.87    1082     931    2495     2789   2.58
1910-1914     95-99     0.50460  0.93366  1.63     150     140     278      294   1.96
1910-1914    100-104    0.62839  0.96672  1.42      10      10      15       16   1.58
1910-1914    105-109    0.73808  0.98196  1.26       0       0       0        0   1.35
1910-1914    110+       0.81556  1.00000  1.23       0       0       0        0   1.23
1915-1919        0      0.14291  0.13057  0.34  100000   13057   91367  3998444  39.98
1915-1919      1-4      0.01583  0.06076  1.35   86943    5282  333749  3907077  44.94
1915-1919      5-9      0.00411  0.02033  2.21   81661    1660  403668  3573329  43.76
1915-1919     10-14     0.00336  0.01667  2.65   80001    1334  396872  3169660  39.62
1915-1919     15-19     0.01118  0.05488  3.35   78667    4317  386213  2772789  35.25
1915-1919     20-24     0.02989  0.13893  2.46   74350   10329  345519  2386576  32.10
1915-1919     25-29     0.02741  0.12784  2.37   64021    8184  298602  2041057  31.88
1915-1919     30-34     0.02386  0.11236  2.41   55837    6274  262954  1742455  31.21
1915-1919     35-39     0.01828  0.08711  2.30   49563    4317  236147  1479501  29.85
1915-1919     40-44     0.01392  0.06721  2.43   45245    3041  218398  1243354  27.48
1915-1919     45-49     0.01379  0.06666  2.53   42204    2813  204058  1024957  24.29
1915-1919     50-54     0.01648  0.07921  2.57   39391    3120  189371   820898  20.84
1915-1919     55-59     0.02191  0.10404  2.58   36271    3774  172238   631527  17.41
1915-1919     60-64     0.03123  0.14529  2.60   32497    4721  151169   459289  14.13
1915-1919     65-69     0.04789  0.21462  2.58   27776    5961  124479   308120  11.09
1915-1919     70-74     0.07732  0.32468  2.53   21815    7083   91608   183641   8.42
1915-1919     75-79     0.12129  0.46291  2.44   14732    6820   56227    92033   6.25
1915-1919     80-84     0.18998  0.62717  2.29    7912    4962   26120    35806   4.53
1915-1919     85-89     0.28424  0.77663  2.08    2950    2291    8060     9686   3.28
1915-1919     90-94     0.39194  0.87504  1.84     659     577    1471     1625   2.47
1915-1919     95-99     0.52787  0.94200  1.59      82      78     147      154   1.87
1915-1919    100-104    0.65388  0.97129  1.38       5       5       7        7   1.52
1915-1919    105-109    0.76254  0.98435  1.23       0       0       0        0   1.31
1915-1919    110+       0.83732  1.00000  1.19       0       0       0        0   1.19
1920-1924        0      0.11303  0.10508  0.33  100000   10508   92970  5379980  53.80
1920-1924      1-4      0.00968  0.03773  1.31   89492    3377  348892  5287011  59.08
1920-1924      5-9      0.00268  0.01329  2.22   86115    1145  427398  4938119  57.34
1920-1924     10-14     0.00217  0.01079  2.65   84970     917  422698  4510721  53.09
1920-1924     15-19     0.00430  0.02127  2.75   84053    1788  416245  4088023  48.64
1920-1924     20-24     0.00599  0.02952  2.51   82265    2429  405276  3671777  44.63
1920-1924     25-29     0.00615  0.03030  2.48   79837    2419  393096  3266501  40.91
1920-1924     30-34     0.00638  0.03139  2.52   77417    2430  381061  2873405  37.12
1920-1924     35-39     0.00722  0.03545  2.54   74987    2658  368402  2492344  33.24
1920-1924     40-44     0.00849  0.04157  2.56   72329    3007  354294  2123942  29.37
1920-1924     45-49     0.01073  0.05228  2.59   69322    3624  337872  1769648  25.53
1920-1924     50-54     0.01417  0.06851  2.60   65698    4501  317666  1431776  21.79
1920-1924     55-59     0.01984  0.09468  2.60   61197    5794  292103  1114110  18.21
1920-1924     60-64     0.02875  0.13446  2.60   55403    7449  259132   822007  14.84
1920-1924     65-69     0.04344  0.19662  2.59   47954    9429  217036   562876  11.74
1920-1924     70-74     0.06908  0.29545  2.55   38525   11382  164777   345840   8.98
1920-1924     75-79     0.11126  0.43381  2.46   27143   11775  105832   181063   6.67
1920-1924     80-84     0.17172  0.58856  2.33   15368    9045   52672    75231   4.90
1920-1924     85-89     0.25689  0.73955  2.13    6323    4676   18203    22559   3.57
1920-1924     90-94     0.36332  0.85509  1.91    1647    1408    3876     4356   2.65
1920-1924     95-99     0.48951  0.92795  1.65     239     221     452      480   2.01
1920-1924    100-104    0.61544  0.96430  1.44      17      17      27       28   1.62
1920-1924    105-109    0.72858  0.98102  1.28       1       1       1        1   1.37
1920-1924    110+       0.80906  1.00000  1.24       0       0       0        0   1.24
1925-1929        0      0.10163  0.09504  0.32  100000    9504   93521  5471518  54.72
1925-1929      1-4      0.00941  0.03669  1.27   90496    3320  352922  5377997  59.43
1925-1929      5-9      0.00239  0.01187  2.24   87176    1035  433021  5025075  57.64
1925-1929     10-14     0.00200  0.00996  2.71   86141     858  428742  4592053  53.31
1925-1929     15-19     0.00419  0.02075  2.73   85283    1770  422405  4163311  48.82
1925-1929     20-24     0.00571  0.02814  2.48   83513    2350  411652  3740906  44.79
1925-1929     25-29     0.00563  0.02777  2.49   81163    2254  400161  3329254  41.02
1925-1929     30-34     0.00599  0.02952  2.53   78909    2330  388793  2929093  37.12
1925-1929     35-39     0.00688  0.03382  2.57   76580    2590  376597  2540300  33.17
1925-1929     40-44     0.00854  0.04181  2.57   73990    3094  362435  2163702  29.24
1925-1929     45-49     0.01075  0.05237  2.58   70897    3713  345517  1801267  25.41
1925-1929     50-54     0.01442  0.06966  2.58   67184    4680  324619  1455749  21.67
1925-1929     55-59     0.01969  0.09400  2.61   62504    5875  298463  1131131  18.10
1925-1929     60-64     0.02913  0.13615  2.61   56629    7710  264684   832667  14.70
1925-1929     65-69     0.04398  0.19886  2.59   48919    9728  221182   567984  11.61
1925-1929     70-74     0.07000  0.29885  2.55   39191   11712  167317   346802   8.85
1925-1929     75-79     0.11347  0.44078  2.47   27479   12112  106739   179485   6.53
1925-1929     80-84     0.17878  0.60417  2.32   15367    9284   51932    72746   4.73
1925-1929     85-89     0.26906  0.75707  2.11    6083    4605   17115    20815   3.42
1925-1929     90-94     0.38622  0.87199  1.86    1478    1288    3336     3699   2.50
1925-1929     95-99     0.51426  0.93758  1.61     189     177     345      363   1.92
1925-1929    100-104    0.64343  0.96966  1.40      12      11      18       18   1.55
1925-1929    105-109    0.75584  0.98380  1.24       0       0       0        0   1.32
1925-1929    110+       0.83344  1.00000  1.20       0       0       0        0   1.20
1930-1934        0      0.08336  0.07864  0.28  100000    7864   94334  5736099  57.36
1930-1934      1-4      0.00717  0.02813  1.30   92136    2592  361550  5641766  61.23
1930-1934      5-9      0.00205  0.01018  2.26   89544     911  445225  5280216  58.97
1930-1934     10-14     0.00168  0.00839  2.63   88633     744  441403  4834991  54.55
1930-1934     15-19     0.00347  0.01722  2.76   87889    1514  436049  4393588  49.99
1930-1934     20-24     0.00483  0.02384  2.52   86376    2059  426761  3957539  45.82
1930-1934     25-29     0.00493  0.02435  2.51   84316    2054  416468  3530778  41.88
1930-1934     30-34     0.00543  0.02679  2.54   82263    2204  405898  3114311  37.86
1930-1934     35-39     0.00636  0.03131  2.57   80059    2507  394192  2708413  33.83
1930-1934     40-44     0.00789  0.03871  2.58   77552    3002  380485  2314221  29.84
1930-1934     45-49     0.01031  0.05031  2.59   74550    3751  363718  1933737  25.94
1930-1934     50-54     0.01372  0.06640  2.59   70799    4701  342672  1570019  22.18
1930-1934     55-59     0.01915  0.09154  2.59   66098    6050  315932  1227347  18.57
1930-1934     60-64     0.02757  0.12931  2.60   60047    7765  281602   911414  15.18
1930-1934     65-69     0.04198  0.19067  2.59   52283    9969  237437   629813  12.05
1930-1934     70-74     0.06580  0.28349  2.56   42314   11995  182308   392376   9.27
1930-1934     75-79     0.10494  0.41479  2.47   30319   12576  119834   210068   6.93
1930-1934     80-84     0.16248  0.56774  2.35   17743   10073   61998    90233   5.09
1930-1934     85-89     0.24736  0.72626  2.16    7670    5570   22518    28236   3.68
1930-1934     90-94     0.35124  0.84454  1.93    2099    1773    5048     5718   2.72
1930-1934     95-99     0.47920  0.92391  1.68     326     302     629      670   2.05
1930-1934    100-104    0.60817  0.96296  1.45      25      24      39       41   1.63
1930-1934    105-109    0.72492  0.98070  1.28       1       1       1        1   1.38
1930-1934    110+       0.80804  1.00000  1.24       0       0       0        0   1.24
1935-1939        0      0.07348  0.06965  0.25  100000    6965   94793  5893422  58.93
1935-1939      1-4      0.00575  0.02265  1.30   93035    2107  366455  5798630  62.33
1935-1939      5-9      0.00166  0.00825  2.25   90928     750  452575  5432175  59.74
1935-1939     10-14     0.00138  0.00688  2.65   90178     621  449430  4979599  55.22
1935-1939     15-19     0.00275  0.01369  2.76   89557    1226  445042  4530170  50.58
1935-1939     20-24     0.00425  0.02103  2.52   88331    1857  437044  4085128  46.25
1935-1939     25-29     0.00443  0.02190  2.53   86474    1894  427684  3648084  42.19
1935-1939     30-34     0.00509  0.02516  2.56   84580    2128  417705  3220400  38.08
1935-1939     35-39     0.00623  0.03071  2.58   82452    2532  406128  2802695  33.99
1935-1939     40-44     0.00772  0.03787  2.57   79920    3027  392248  2396568  29.99
1935-1939     45-49     0.01015  0.04954  2.60   76894    3810  375341  2004319  26.07
1935-1939     50-54     0.01366  0.06614  2.58   73084    4833  353746  1628979  22.29
1935-1939     55-59     0.01884  0.09014  2.61   68251    6152  326553  1275233  18.68
1935-1939     60-64     0.02750  0.12898  2.60   62099    8010  291250   948680  15.28
1935-1939     65-69     0.04112  0.18714  2.60   54089   10122  246139   657431  12.15
1935-1939     70-74     0.06485  0.27983  2.55   43967   12303  189717   411292   9.35
1935-1939     75-79     0.10406  0.41225  2.48   31664   13053  125438   221575   7.00
1935-1939     80-84     0.15937  0.56057  2.36   18610   10432   65461    96137   5.17
1935-1939     85-89     0.24103  0.71680  2.17    8178    5862   24320    30676   3.75
1935-1939     90-94     0.34864  0.84321  1.94    2316    1953    5601     6355   2.74
1935-1939     95-99     0.47333  0.92148  1.69     363     335     707      754   2.08
1935-1939    100-104    0.60389  0.96214  1.46      29      27      45       47   1.65
1935-1939    105-109    0.72279  0.98052  1.28       1       1       1        1   1.38
1935-1939    110+       0.80756  1.00000  1.24       0       0       0        0   1.24
1940-1944        0      0.08715  0.08207  0.29  100000    8207   94171  5279047  52.79
1940-1944      1-4      0.00611  0.02405  1.37   91793    2207  361372  5184876  56.48
1940-1944      5-9      0.00220  0.01095  2.33   89585     981  445308  4823504  53.84
1940-1944     10-14     0.00196  0.00975  2.60   88604     864  440948  4378196  49.41
1940-1944     15-19     0.00454  0.02249  3.02   87740    1974  434787  3937247  44.87
1940-1944     20-24     0.01412  0.06835  2.67   85767    5862  415156  3502461  40.84
1940-1944     25-29     0.01273  0.06149  2.26   79905    4913  386083  3087305  38.64
1940-1944     30-34     0.00940  0.04587  2.43   74992    3440  366133  2701222  36.02
1940-1944     35-39     0.00905  0.04426  2.47   71552    3167  349752  2335089  32.64
1940-1944     40-44     0.00970  0.04737  2.54   68385    3239  333969  1985337  29.03
1940-1944     45-49     0.01144  0.05566  2.55   65146    3626  316849  1651368  25.35
1940-1944     50-54     0.01425  0.06888  2.59   61520    4238  297374  1334519  21.69
1940-1944     55-59     0.01965  0.09380  2.60   57282    5373  273501  1037145  18.11
1940-1944     60-64     0.02856  0.13369  2.61   51909    6940  242968   763643  14.71
1940-1944     65-69     0.04380  0.19806  2.59   44969    8906  203360   520675  11.58
1940-1944     70-74     0.06945  0.29669  2.55   36062   10700  154054   317315   8.80
1940-1944     75-79     0.11518  0.44606  2.47   25363   11313   98221   163261   6.44
1940-1944     80-84     0.18243  0.61228  2.32   14050    8602   47154    65039   4.63
1940-1944     85-89     0.28178  0.77444  2.09    5447    4219   14971    17885   3.28
1940-1944     90-94     0.40930  0.88919  1.82    1229    1093    2669     2914   2.37
1940-1944     95-99     0.55085  0.94980  1.55     136     129     235      245   1.80
1940-1944    100-104    0.68679  0.97651  1.34       7       7      10       10   1.45
1940-1944    105-109    0.79840  0.98737  1.19       0       0       0        0   1.25
1940-1944    110+       0.87088  1.00000  1.15       0       0       0        0   1.15
1945-1949        0      0.07781  0.07359  0.26  100000    7359   94582  6251015  62.51
1945-1949      1-4      0.00389  0.01541  1.33   92641    1428  366745  6156433  66.45
1945-1949      5-9      0.00120  0.00601  2.31   91213     548  454588  5789688  63.47
1945-1949     10-14     0.00103  0.00515  2.61   90665     467  452208  5335100  58.84
1945-1949     15-19     0.00182  0.00906  2.76   90198     817  449156  4882892  54.14
1945-1949     20-24     0.00309  0.01535  2.63   89380    1372  443648  4433736  49.61
1945-1949     25-29     0.00358  0.01774  2.52   88008    1561  436167  3990089  45.34
1945-1949     30-34     0.00380  0.01881  2.45   86447    1626  428081  3553922  41.11
1945-1949     35-39     0.00396  0.01961  2.58   84821    1663  420079  3125840  36.85
1945-1949     40-44     0.00512  0.02528  2.60   83158    2102  410752  2705762  32.54
1945-1949     45-49     0.00711  0.03496  2.62   81055    2834  398522  2295010  28.31
1945-1949     50-54     0.00981  0.04794  2.61   78222    3750  382129  1896487  24.25
1945-1949     55-59     0.01407  0.06807  2.63   74471    5070  360347  1514358  20.33
1945-1949     60-64     0.02134  0.10155  2.62   69402    7048  330256  1154012  16.63
1945-1949     65-69     0.03356  0.15545  2.63   62354    9693  288793   823756  13.21
1945-1949     70-74     0.05476  0.24186  2.59   52661   12737  232581   534963  10.16
1945-1949     75-79     0.08999  0.36805  2.53   39924   14694  163278   302382   7.57
1945-1949     80-84     0.14535  0.52685  2.39   25230   13293   91452   139104   5.51
1945-1949     85-89     0.22364  0.68856  2.21   11938    8220   36755    47652   3.99
1945-1949     90-94     0.32315  0.81857  1.99    3718    3043    9418    10897   2.93
1945-1949     95-99     0.44648  0.90868  1.74     675     613    1373     1479   2.19
1945-1949    100-104    0.57607  0.95569  1.50      62      59     102      106   1.72
1945-1949    105-109    0.69735  0.97749  1.32       3       3       4        4   1.43
1945-1949    110+       0.78576  1.00000  1.27       0       0       0        0   1.27
1950-1954        0      0.04739  0.04562  0.18  100000    4562   96259  6705622  67.06
1950-1954      1-4      0.00217  0.00864  1.26   95438     825  379497  6609364  69.25
1950-1954      5-9      0.00055  0.00274  2.27   94613     259  472359  6229867  65.85
1950-1954     10-14     0.00051  0.00255  2.65   94354     241  471205  5757508  61.02
1950-1954     15-19     0.00093  0.00466  2.73   94113     439  469573  5286302  56.17
1950-1954     20-24     0.00139  0.00692  2.64   93675     648  466843  4816730  51.42
1950-1954     25-29     0.00173  0.00862  2.57   93027     802  463184  4349886  46.76
1950-1954     30-34     0.00213  0.01062  2.59   92225     979  458771  3886702  42.14
1950-1954     35-39     0.00290  0.01440  2.62   91246    1314  453100  3427931  37.57
1950-1954     40-44     0.00420  0.02079  2.66   89932    1869  445277  2974832  33.08
1950-1954     45-49     0.00649  0.03198  2.65   88062    2816  433704  2529554  28.72
1950-1954     50-54     0.00980  0.04790  2.62   85246    4083  416531  2095851  24.59
1950-1954     55-59     0.01376  0.06660  2.61   81163    5406  392921  1679320  20.69
1950-1954     60-64     0.02025  0.09662  2.63   75757    7320  361456  1286399  16.98
1950-1954     65-69     0.03155  0.14676  2.62   68438   10044  318314   924943  13.52
1950-1954     70-74     0.05188  0.23071  2.60   58394   13472  259693   606628  10.39
1950-1954     75-79     0.08678  0.35720  2.53   44922   16046  184915   346935   7.72
1950-1954     80-84     0.14075  0.51560  2.41   28876   14889  105780   162020   5.61
1950-1954     85-89     0.22114  0.68513  2.22   13987    9583   43336    56240   4.02
1950-1954     90-94     0.32222  0.81834  1.99    4404    3604   11185    12904   2.93
1950-1954     95-99     0.45612  0.91402  1.72     800     731    1603     1719   2.15
1950-1954    100-104    0.59172  0.95971  1.48      69      66     112      115   1.68
1950-1954    105-109    0.71622  0.97989  1.29       3       3       4        4   1.39
1950-1954    110+       0.80491  1.00000  1.24       0       0       0        0   1.24
1955-1959        0      0.03457  0.03358  0.14  100000    3358   97127  6920631  69.21
1955-1959      1-4      0.00156  0.00622  1.32   96642     601  384960  6823504  70.61
1955-1959      5-9      0.00044  0.00220  2.27   96041     211  479631  6438544  67.04
1955-1959     10-14     0.00039  0.00192  2.67   95830     184  478722  5958913  62.18
1955-1959     15-19     0.00081  0.00402  2.81   95646     384  477387  5480191  57.30
1955-1959     20-24     0.00110  0.00551  2.65   95262     525  475074  5002805  52.52
1955-1959     25-29     0.00142  0.00709  2.55   94737     672  472041  4527730  47.79
1955-1959     30-34     0.00179  0.00893  2.59   94065     840  468298  4055689  43.12
1955-1959     35-39     0.00245  0.01216  2.61   93225    1134  463417  3587392  38.48
1955-1959     40-44     0.00364  0.01807  2.67   92091    1664  456576  3123974  33.92
1955-1959     45-49     0.00568  0.02802  2.68   90427    2534  446247  2667398  29.50
1955-1959     50-54     0.00889  0.04356  2.64   87894    3828  430450  2221151  25.27
1955-1959     55-59     0.01318  0.06392  2.62   84065    5373  407553  1790701  21.30
1955-1959     60-64     0.01899  0.09085  2.61   78692    7149  376405  1383148  17.58
1955-1959     65-69     0.02911  0.13613  2.63   71543    9739  334618  1006743  14.07
1955-1959     70-74     0.04742  0.21293  2.61   61804   13160  277539   672124  10.88
1955-1959     75-79     0.07962  0.33318  2.55   48644   16207  203552   394585   8.11
1955-1959     80-84     0.13087  0.48973  2.43   32437   15885  121386   191033   5.89
1955-1959     85-89     0.20796  0.66224  2.26   16552   10961   52708    69647   4.21
1955-1959     90-94     0.30989  0.80569  2.02    5590    4504   14535    16939   3.03
1955-1959     95-99     0.44162  0.90697  1.75    1086     985    2231     2404   2.21
1955-1959    100-104    0.57954  0.95700  1.50     101      97     167      173   1.71
1955-1959    105-109    0.70784  0.97899  1.31       4       4       6        6   1.41
1955-1959    110+       0.79976  1.00000  1.25       0       0       0        0   1.25
1960-1964        0      0.02599  0.02541  0.12  100000    2541   97765  7066912  70.67
1960-1964      1-4      0.00111  0.00444  1.42   97459     432  388720  6969147  71.51
1960-1964      5-9      0.00040  0.00200  2.29   97026     194  484607  6580426  67.82
1960-1964     10-14     0.00035  0.00173  2.67   96833     167  483774  6095819  62.95
1960-1964     15-19     0.00077  0.00382  2.80   96666     370  482514  5612046  58.06
1960-1964     20-24     0.00104  0.00520  2.63   96296     501  480292  5129532  53.27
1960-1964     25-29     0.00126  0.00628  2.56   95795     602  477507  4649240  48.53
1960-1964     30-34     0.00161  0.00803  2.61   95193     765  474135  4171733  43.82
1960-1964     35-39     0.00225  0.01121  2.64   94428    1059  469643  3697598  39.16
1960-1964     40-44     0.00333  0.01651  2.64   93370    1542  463217  3227956  34.57
1960-1964     45-49     0.00513  0.02536  2.68   91828    2329  453738  2764739  30.11
1960-1964     50-54     0.00809  0.03968  2.67   89499    3552  439201  2311001  25.82
1960-1964     55-59     0.01247  0.06055  2.64   85947    5204  417479  1871800  21.78
1960-1964     60-64     0.01876  0.08980  2.62   80743    7250  386435  1454321  18.01
1960-1964     65-69     0.02760  0.12944  2.61   73492    9513  344720  1067886  14.53
1960-1964     70-74     0.04388  0.19857  2.61   63980   12705  289560   723166  11.30
1960-1964     75-79     0.07381  0.31278  2.56   51275   16038  217286   433606   8.46
1960-1964     80-84     0.12279  0.46810  2.46   35237   16494  134327   216320   6.14
1960-1964     85-89     0.19778  0.64221  2.27   18743   12037   60861    81993   4.37
1960-1964     90-94     0.29582  0.78948  2.05    6706    5294   17897    21132   3.15
1960-1964     95-99     0.42517  0.89812  1.78    1412    1268    2982     3235   2.29
1960-1964    100-104    0.56412  0.95321  1.53     144     137     243      253   1.76
1960-1964    105-109    0.69572  0.97757  1.32       7       7       9       10   1.43
1960-1964    110+       0.79104  1.00000  1.26       0       0       0        0   1.26
1965-1969        0      0.02111  0.02072  0.11  100000    2072   98150  7135064  71.35
1965-1969      1-4      0.00087  0.00348  1.53   97928     340  390872  7036914  71.86
1965-1969      5-9      0.00039  0.00194  2.32   97588     190  487431  6646042  68.10
1965-1969     10-14     0.00036  0.00180  2.69   97398     175  486586  6158612  63.23
1965-1969     15-19     0.00083  0.00413  2.76   97223     401  485217  5672026  58.34
1965-1969     20-24     0.00115  0.00573  2.52   96822     555  482734  5186808  53.57
1965-1969     25-29     0.00120  0.00598  2.57   96267     575  479935  4704075  48.87
1965-1969     30-34     0.00150  0.00747  2.65   95691     714  476777  4224140  44.14
1965-1969     35-39     0.00223  0.01107  2.66   94977    1051  472421  3747363  39.46
1965-1969     40-44     0.00334  0.01659  2.65   93926    1558  465968  3274942  34.87
1965-1969     45-49     0.00519  0.02565  2.65   92368    2369  456266  2808974  30.41
1965-1969     50-54     0.00773  0.03795  2.65   89998    3416  441962  2352707  26.14
1965-1969     55-59     0.01196  0.05819  2.66   86583    5038  421110  1910746  22.07
1965-1969     60-64     0.01837  0.08802  2.63   81544    7177  390712  1489636  18.27
1965-1969     65-69     0.02806  0.13150  2.61   74367    9780  348501  1098924  14.78
1965-1969     70-74     0.04278  0.19392  2.59   64587   12525  292777   750423  11.62
1965-1969     75-79     0.06920  0.29614  2.57   52062   15418  222781   457646   8.79
1965-1969     80-84     0.11541  0.44647  2.47   36645   16361  141764   234864   6.41
1965-1969     85-89     0.18531  0.61816  2.31   20284   12539   67665    93100   4.59
1965-1969     90-94     0.28231  0.77280  2.07    7745    5986   21202    25436   3.28
1965-1969     95-99     0.40311  0.88468  1.83    1760    1557    3862     4233   2.41
1965-1969    100-104    0.54073  0.94664  1.57     203     192     355      371   1.83
1965-1969    105-109    0.67469  0.97477  1.35      11      11      16       16   1.48
1965-1969    110+       0.77374  1.00000  1.29       0       0       0        0   1.29
1970-1974        0      0.01650  0.01626  0.09  100000    1626   98527  7234767  72.35
1970-1974      1-4      0.00077  0.00308  1.63   98374     303  392777  7136240  72.54
1970-1974      5-9      0.00039  0.00196  2.32   98070     192  489839  6743463  68.76
1970-1974     10-14     0.00036  0.00178  2.67   97879     175  488986  6253624  63.89
1970-1974     15-19     0.00097  0.00486  2.89   97704     475  487517  5764638  59.00
1970-1974     20-24     0.00118  0.00591  2.43   97229     574  484668  5277121  54.28
1970-1974     25-29     0.00114  0.00569  2.56   96655     550  481931  4792453  49.58
1970-1974     30-34     0.00141  0.00702  2.60   96105     675  478901  4310522  44.85
1970-1974     35-39     0.00208  0.01033  2.67   95430     986  474853  3831621  40.15
1970-1974     40-44     0.00330  0.01636  2.67   94444    1545  468622  3356768  35.54
1970-1974     45-49     0.00496  0.02452  2.65   92899    2278  459152  2888145  31.09
1970-1974     50-54     0.00744  0.03654  2.64   90621    3311  445288  2428994  26.80
1970-1974     55-59     0.01085  0.05291  2.64   87310    4620  425636  1983706  22.72
1970-1974     60-64     0.01660  0.07986  2.64   82690    6604  397879  1558070  18.84
1970-1974     65-69     0.02578  0.12148  2.63   76087    9243  358482  1160191  15.25
1970-1974     70-74     0.04068  0.18537  2.61   66844   12391  304558   801710  11.99
1970-1974     75-79     0.06496  0.28050  2.57   54453   15274  235120   497152   9.13
1970-1974     80-84     0.10778  0.42425  2.49   39179   16621  154211   262032   6.69
1970-1974     85-89     0.17527  0.59718  2.33   22557   13471   76855   107821   4.78
1970-1974     90-94     0.26965  0.75876  2.12    9087    6895   25568    30966   3.41
1970-1974     95-99     0.39264  0.87809  1.85    2192    1925    4902     5398   2.46
1970-1974    100-104    0.53305  0.94453  1.58     267     252     473      496   1.85
1970-1974    105-109    0.67098  0.97436  1.36      15      14      22       22   1.49
1970-1974    110+       0.77310  1.00000  1.29       0       0       0        0   1.29
1975-1979        0      0.01195  0.01182  0.08  100000    1182   98914  7353910  73.54
1975-1979      1-4      0.00063  0.00252  1.66   98818     249  394689  7254996  73.42
1975-1979      5-9      0.00034  0.00167  2.37   98569     165  492412  6860306  69.60
1975-1979     10-14     0.00031  0.00155  2.71   98404     152  491671  6367895  64.71
1975-1979     15-19     0.00093  0.00463  2.91   98252     455  490309  5876224  59.81
1975-1979     20-24     0.00116  0.00581  2.42   97797     568  487517  5385915  55.07
1975-1979     25-29     0.00106  0.00529  2.52   97229     514  484868  4898398  50.38
1975-1979     30-34     0.00126  0.00627  2.63   96715     607  482138  4413531  45.63
1975-1979     35-39     0.00186  0.00924  2.68   96108     888  478476  3931393  40.91
1975-1979     40-44     0.00303  0.01505  2.71   95220    1433  472817  3452917  36.26
1975-1979     45-49     0.00490  0.02424  2.66   93787    2274  463618  2980099  31.78
1975-1979     50-54     0.00722  0.03549  2.62   91514    3248  449840  2516481  27.50
1975-1979     55-59     0.01034  0.05047  2.62   88266    4455  430720  2066641  23.41
1975-1979     60-64     0.01512  0.07298  2.64   83811    6116  404620  1635921  19.52
1975-1979     65-69     0.02306  0.10931  2.63   77695    8492  368335  1231301  15.85
1975-1979     70-74     0.03713  0.17055  2.62   69202   11803  317907   862967  12.47
1975-1979     75-79     0.06101  0.26577  2.58   57400   15255  250049   545060   9.50
1975-1979     80-84     0.10024  0.40093  2.50   42144   16897  168563   295011   7.00
1975-1979     85-89     0.16393  0.57242  2.37   25247   14452   88158   126448   5.01
1975-1979     90-94     0.25635  0.73973  2.14   10795    7986   31152    38289   3.55
1975-1979     95-99     0.37916  0.86871  1.88    2810    2441    6437     7138   2.54
1975-1979    100-104    0.51997  0.94040  1.61     369     347     667      700   1.90
1975-1979    105-109    0.66029  0.97283  1.37      22      21      32       33   1.51
1975-1979    110+       0.76514  1.00000  1.31       1       1       1        1   1.31
1980-1984        0      0.00956  0.00948  0.07  100000     948   99123  7466725  74.67
1980-1984      1-4      0.00054  0.00216  1.65   99052     214  395705  7367602  74.38
1980-1984      5-9      0.00029  0.00147  2.36   98838     145  493806  6971896  70.54
1980-1984     10-14     0.00028  0.00140  2.70   98693     138  493146  6478090  65.64
1980-1984     15-19     0.00082  0.00411  2.93   98554     405  491935  5984944  60.73
1980-1984     20-24     0.00117  0.00583  2.45   98149     572  489291  5493009  55.97
1980-1984     25-29     0.00109  0.00542  2.50   97578     528  486568  5003718  51.28
1980-1984     30-34     0.00124  0.00618  2.60   97049     599  483807  4517150  46.54
1980-1984     35-39     0.00175  0.00869  2.65   96450     838  480283  4033344  41.82
1980-1984     40-44     0.00268  0.01334  2.68   95612    1275  475097  3553061  37.16
1980-1984     45-49     0.00439  0.02173  2.69   94336    2050  466944  3077964  32.63
1980-1984     50-54     0.00681  0.03353  2.64   92287    3094  454138  2611019  28.29
1980-1984     55-59     0.00964  0.04710  2.61   89193    4201  435943  2156881  24.18
1980-1984     60-64     0.01381  0.06685  2.61   84992    5682  411366  1720938  20.25
1980-1984     65-69     0.02050  0.09778  2.64   79309    7755  378214  1309572  16.51
1980-1984     70-74     0.03281  0.15228  2.64   71554   10896  332052   931358  13.02
1980-1984     75-79     0.05545  0.24472  2.60   60658   14844  267699   599306   9.88
1980-1984     80-84     0.09483  0.38387  2.52   45814   17587  185463   331607   7.24
1980-1984     85-89     0.15595  0.55357  2.38   28227   15626  100199   146145   5.18
1980-1984     90-94     0.24716  0.72760  2.17   12602    9169   37097    45946   3.65
1980-1984     95-99     0.37276  0.86434  1.90    3433    2967    7960     8849   2.58
1980-1984    100-104    0.51666  0.93954  1.61     466     438     847      889   1.91
1980-1984    105-109    0.66060  0.97300  1.38      28      27      41       42   1.51
1980-1984    110+       0.76786  1.00000  1.30       1       1       1        1   1.30
1985-1989        0      0.00807  0.00801  0.07  100000     801   99256  7598872  75.99
1985-1989      1-4      0.00043  0.00172  1.63   99199     170  396394  7499616  75.60
1985-1989      5-9      0.00023  0.00113  2.38   99029     112  494851  7103222  71.73
1985-1989     10-14     0.00023  0.00116  2.71   98917     114  494321  6608371  66.81
1985-1989     15-19     0.00065  0.00326  2.94   98802     322  493346  6114050  61.88
1985-1989     20-24     0.00102  0.00508  2.51   98480     501  491155  5620703  57.07
1985-1989     25-29     0.00105  0.00521  2.52   97980     511  488629  5129548  52.35
1985-1989     30-34     0.00123  0.00615  2.60   97469     600  485903  4640919  47.61
1985-1989     35-39     0.00167  0.00834  2.63   96869     808  482432  4155016  42.89
1985-1989     40-44     0.00253  0.01257  2.68   96061    1207  477502  3672584  38.23
1985-1989     45-49     0.00384  0.01904  2.68   94854    1806  470075  3195082  33.68
1985-1989     50-54     0.00606  0.02990  2.66   93049    2782  458734  2725008  29.29
1985-1989     55-59     0.00894  0.04378  2.63   90267    3952  441955  2266274  25.11
1985-1989     60-64     0.01269  0.06159  2.61   86315    5316  418891  1824319  21.14
1985-1989     65-69     0.01830  0.08768  2.61   80999    7102  388043  1405428  17.35
1985-1989     70-74     0.02897  0.13558  2.64   73896   10019  345805  1017385  13.77
1985-1989     75-79     0.04847  0.21735  2.63   63878   13884  286424   671580  10.51
1985-1989     80-84     0.08474  0.35082  2.55   49993   17539  206964   385156   7.70
1985-1989     85-89     0.14324  0.52264  2.41   32455   16962  118416   178192   5.49
1985-1989     90-94     0.22959  0.69989  2.21   15493   10843   47228    59776   3.86
1985-1989     95-99     0.35364  0.84949  1.94    4650    3950   11169    12548   2.70
1985-1989    100-104    0.49957  0.93375  1.65     700     653    1308     1379   1.97
1985-1989    105-109    0.64845  0.97126  1.39      46      45      69       71   1.54
1985-1989    110+       0.76046  1.00000  1.31       1       1       2        2   1.31
1990-1994        0      0.00684  0.00680  0.07  100000     680   99366  7724889  77.25
1990-1994      1-4      0.00035  0.00140  1.60   99320     139  396947  7625523  76.78
1990-1994      5-9      0.00018  0.00090  2.38   99181      89  495671  7228576  72.88
1990-1994     10-14     0.00020  0.00099  2.69   99092      98  495233  6732904  67.95
1990-1994     15-19     0.00058  0.00291  2.95   98994     288  494378  6237671  63.01
1990-1994     20-24     0.00096  0.00478  2.54   98706     472  492370  5743293  58.19
1990-1994     25-29     0.00111  0.00552  2.58   98234     542  489859  5250923  53.45
1990-1994     30-34     0.00135  0.00672  2.57   97692     657  486865  4761064  48.74
1990-1994     35-39     0.00175  0.00871  2.60   97035     845  483151  4274199  44.05
1990-1994     40-44     0.00247  0.01229  2.65   96190    1182  478169  3791047  39.41
1990-1994     45-49     0.00362  0.01793  2.65   95008    1704  471036  3312879  34.87
1990-1994     50-54     0.00524  0.02588  2.65   93304    2415  460849  2841843  30.46
1990-1994     55-59     0.00778  0.03821  2.64   90889    3473  446249  2380994  26.20
1990-1994     60-64     0.01151  0.05601  2.62   87417    4896  425454  1934745  22.13
1990-1994     65-69     0.01650  0.07940  2.62   82521    6552  397019  1509291  18.29
1990-1994     70-74     0.02518  0.11882  2.63   75969    9026  358434  1112272  14.64
1990-1994     75-79     0.04182  0.19032  2.64   66942   12741  304626   753838  11.26
1990-1994     80-84     0.07358  0.31240  2.59   54202   16933  230137   449212   8.29
1990-1994     85-89     0.12851  0.48443  2.46   37269   18054  140492   219075   5.88
1990-1994     90-94     0.21245  0.67132  2.26   19215   12899   60716    78583   4.09
1990-1994     95-99     0.33452  0.83326  1.99    6316    5262   15731    17868   2.83
1990-1994    100-104    0.48419  0.92826  1.68    1053     978    2019     2136   2.03
1990-1994    105-109    0.63981  0.97007  1.41      76      73     115      118   1.56
1990-1994    110+       0.75754  1.00000  1.32       2       2       3        3   1.32
1995-1999        0      0.00476  0.00474  0.06  100000     474   99555  7833769  78.34
1995-1999      1-4      0.00027  0.00108  1.61   99526     108  397845  7734214  77.71
1995-1999      5-9      0.00014  0.00072  2.41   99418      72  496904  7336369  73.79
1995-1999     10-14     0.00017  0.00084  2.79   99346      84  496546  6839465  68.84
1995-1999     15-19     0.00051  0.00254  2.91   99262     252  495785  6342919  63.90
1995-1999     20-24     0.00080  0.00399  2.54   99010     395  494079  5847135  59.06
1995-1999     25-29     0.00088  0.00439  2.56   98615     433  492018  5353056  54.28
1995-1999     30-34     0.00111  0.00553  2.59   98182     543  489601  4861038  49.51
1995-1999     35-39     0.00154  0.00767  2.65   97639     749  486429  4371436  44.77
1995-1999     40-44     0.00233  0.01159  2.67   96890    1123  481829  3885007  40.10
1995-1999     45-49     0.00344  0.01708  2.65   95767    1636  474985  3403177  35.54
1995-1999     50-54     0.00494  0.02439  2.62   94131    2296  465194  2928192  31.11
1995-1999     55-59     0.00699  0.03436  2.64   91835    3156  451722  2462999  26.82
1995-1999     60-64     0.01041  0.05079  2.64   88680    4504  432751  2011276  22.68
1995-1999     65-69     0.01562  0.07531  2.63   84176    6339  405858  1578525  18.75
1995-1999     70-74     0.02380  0.11267  2.63   77837    8770  368397  1172667  15.07
1995-1999     75-79     0.03873  0.17733  2.63   69067   12248  316268   804271  11.64
1995-1999     80-84     0.06814  0.29295  2.61   56819   16645  244278   488003   8.59
1995-1999     85-89     0.12122  0.46447  2.48   40174   18660  153929   243725   6.07
1995-1999     90-94     0.20572  0.65980  2.28   21515   14195   69002    89796   4.17
1995-1999     95-99     0.33260  0.83200  2.00    7319    6090   18309    20794   2.84
1995-1999    100-104    0.48623  0.92941  1.68    1230    1143    2350     2484   2.02
1995-1999    105-109    0.64541  0.97113  1.40      87      84     131      134   1.54
1995-1999    110+       0.76476  1.00000  1.31       3       3       3        3   1.31
2000-2004        0      0.00429  0.00427  0.06  100000     427   99598  7948827  79.49
2000-2004      1-4      0.00024  0.00096  1.61   99573      96  398062  7849228  78.83
2000-2004      5-9      0.00011  0.00057  2.41   99477      57  497238  7451166  74.90
2000-2004     10-14     0.00014  0.00071  2.83   99420      71  496947  6953928  69.94
2000-2004     15-19     0.00044  0.00221  2.97   99349     220  496300  6456981  64.99
2000-2004     20-24     0.00066  0.00329  2.48   99130     326  494827  5960681  60.13
2000-2004     25-29     0.00070  0.00347  2.54   98804     343  493174  5465853  55.32
2000-2004     30-34     0.00086  0.00429  2.62   98461     422  491299  4972679  50.50
2000-2004     35-39     0.00129  0.00642  2.67   98039     630  488725  4481381  45.71
2000-2004     40-44     0.00207  0.01032  2.70   97409    1006  484735  3992655  40.99
2000-2004     45-49     0.00331  0.01643  2.65   96404    1584  478296  3507920  36.39
2000-2004     50-54     0.00472  0.02334  2.62   94820    2213  468827  3029624  31.95
2000-2004     55-59     0.00656  0.03229  2.62   92607    2990  455906  2560797  27.65
2000-2004     60-64     0.00917  0.04487  2.63   89617    4021  438547  2104892  23.49
2000-2004     65-69     0.01363  0.06604  2.64   85596    5653  414659  1666345  19.47
2000-2004     70-74     0.02131  0.10148  2.65   79943    8113  380612  1251686  15.66
2000-2004     75-79     0.03497  0.16150  2.64   71830   11601  331784   871074  12.13
2000-2004     80-84     0.06258  0.27199  2.60   60229   16382  261766   539289   8.95
2000-2004     85-89     0.11289  0.44090  2.52   43848   19333  171247   277523   6.33
2000-2004     90-94     0.19588  0.64162  2.31   24515   15729   80299   106276   4.34
2000-2004     95-99     0.31703  0.81719  2.04    8786    7180   22646    25977   2.96
2000-2004    100-104    0.47265  0.92418  1.71    1606    1484    3141     3331   2.07
2000-2004    105-109    0.63710  0.96995  1.41     122     118     185      190   1.56
2000-2004    110+       0.76137  1.00000  1.31       4       4       5        5   1.31
2005-2009        0      0.00374  0.00373  0.06  100000     373   99649  8085726  80.86
2005-2009      1-4      0.00020  0.00079  1.61   99627      78  398321  7986077  80.16
2005-2009      5-9      0.00009  0.00045  2.36   99549      45  497625  7587757  76.22
2005-2009     10-14     0.00011  0.00054  2.82   99504      53  497402  7090132  71.25
2005-2009     15-19     0.00034  0.00169  2.92   99450     168  496901  6592730  66.29
2005-2009     20-24     0.00054  0.00269  2.55   99282     267  495758  6095829  61.40
2005-2009     25-29     0.00059  0.00293  2.53   99015     290  494360  5600071  56.56
2005-2009     30-34     0.00072  0.00360  2.64   98725     356  492785  5105711  51.72
2005-2009     35-39     0.00108  0.00538  2.67   98369     529  490614  4612926  46.89
2005-2009     40-44     0.00173  0.00859  2.69   97840     841  487260  4122312  42.13
2005-2009     45-49     0.00288  0.01428  2.70   96999    1385  481808  3635053  37.48
2005-2009     50-54     0.00446  0.02204  2.63   95614    2108  473076  3153245  32.98
2005-2009     55-59     0.00622  0.03063  2.61   93507    2864  460679  2680169  28.66
2005-2009     60-64     0.00850  0.04164  2.61   90643    3774  444199  2219490  24.49
2005-2009     65-69     0.01193  0.05799  2.63   86868    5037  422382  1775290  20.44
2005-2009     70-74     0.01824  0.08745  2.65   81831    7156  392368  1352908  16.53
2005-2009     75-79     0.03039  0.14184  2.66   74674   10592  348578   960540  12.86
2005-2009     80-84     0.05498  0.24332  2.64   64083   15593  283625   611962   9.55
2005-2009     85-89     0.10100  0.40404  2.53   48490   19592  193989   328337   6.77
2005-2009     90-94     0.17828  0.60624  2.36   28898   17519   98270   134348   4.65
2005-2009     95-99     0.29139  0.78925  2.10   11379    8981   30820    36078   3.17
2005-2009    100-104    0.44487  0.91152  1.76    2398    2186    4914     5258   2.19
2005-2009    105-109    0.61281  0.96570  1.45     212     205     334      344   1.62
2005-2009    110+       0.74290  1.00000  1.35       7       7      10       10   1.35
2010-2014        0      0.00349  0.00347  0.06  100000     347   99673  8186967  81.87
2010-2014      1-4      0.00017  0.00067  1.57   99653      66  398449  8087294  81.15
2010-2014      5-9      0.00008  0.00042  2.36   99586      42  497821  7688845  77.21
2010-2014     10-14     0.00009  0.00046  2.81   99545      45  497623  7191024  72.24
2010-2014     15-19     0.00027  0.00135  2.96   99499     134  497222  6693401  67.27
2010-2014     20-24     0.00045  0.00225  2.54   99365     224  496275  6196179  62.36
2010-2014     25-29     0.00053  0.00264  2.56   99141     261  495068  5699904  57.49
2010-2014     30-34     0.00064  0.00318  2.60   98880     314  493646  5204836  52.64
2010-2014     35-39     0.00094  0.00467  2.70   98566     461  491769  4711191  47.80
2010-2014     40-44     0.00149  0.00741  2.69   98105     727  488848  4219421  43.01
2010-2014     45-49     0.00245  0.01220  2.69   97378    1188  484146  3730573  38.31
2010-2014     50-54     0.00397  0.01966  2.68   96190    1891  476555  3246427  33.75
2010-2014     55-59     0.00593  0.02924  2.63   94298    2758  464942  2769872  29.37
2010-2014     60-64     0.00817  0.04006  2.60   91540    3667  448899  2304930  25.18
2010-2014     65-69     0.01119  0.05451  2.61   87874    4790  427936  1856031  21.12
2010-2014     70-74     0.01636  0.07877  2.64   83083    6545  399947  1428095  17.19
2010-2014     75-79     0.02682  0.12620  2.67   76538    9659  360178  1028148  13.43
2010-2014     80-84     0.04896  0.21960  2.66   66879   14687  299974   667971   9.99
2010-2014     85-89     0.09353  0.38107  2.57   52192   19889  212643   367996   7.05
2010-2014     90-94     0.16917  0.58494  2.36   32304   18896  111698   155354   4.81
2010-2014     95-99     0.28159  0.77811  2.13   13408   10433   37050    43656   3.26
2010-2014    100-104    0.43854  0.90883  1.78    2975    2704    6166     6606   2.22
2010-2014    105-109    0.61197  0.96578  1.46     271     262     428      440   1.62
2010-2014    110+       0.74619  1.00000  1.34       9       9      12       12   1.34
