Northern Ireland, Life tables (period 5x5), Total     Last modified: 29-Jan-2016, MPv5 (May07)

  Year          Age         mx       qx    ax      lx      dx      Lx       Tx     ex
1922-1924        0      0.08427  0.07946  0.28  100000    7946   94289  5470757  54.71
1922-1924      1-4      0.01132  0.04394  1.30   92054    4045  357284  5376468  58.41
1922-1924      5-9      0.00253  0.01258  2.23   88009    1107  436984  5019184  57.03
1922-1924     10-14     0.00215  0.01071  2.71   86902     931  432375  4582201  52.73
1922-1924     15-19     0.00412  0.02039  2.70   85971    1753  425821  4149826  48.27
1922-1924     20-24     0.00551  0.02718  2.54   84219    2289  415460  3724005  44.22
1922-1924     25-29     0.00624  0.03075  2.55   81929    2519  403467  3308545  40.38
1922-1924     30-34     0.00672  0.03306  2.49   79410    2625  390463  2905078  36.58
1922-1924     35-39     0.00754  0.03704  2.59   76785    2844  377061  2514615  32.75
1922-1924     40-44     0.00877  0.04289  2.48   73941    3172  361724  2137554  28.91
1922-1924     45-49     0.01052  0.05137  2.69   70769    3635  345447  1775831  25.09
1922-1924     50-54     0.01688  0.08105  2.56   67134    5441  322409  1430384  21.31
1922-1924     55-59     0.02093  0.09970  2.63   61693    6151  293887  1107975  17.96
1922-1924     60-64     0.03183  0.14749  2.52   55543    8192  257390   814089  14.66
1922-1924     65-69     0.03966  0.18117  2.61   47351    8578  216276   556699  11.76
1922-1924     70-74     0.07672  0.32342  2.57   38772   12540  163449   340423   8.78
1922-1924     75-79     0.11533  0.44278  2.38   26233   11615  100717   176974   6.75
1922-1924     80-84     0.16628  0.57489  2.32   14617    8403   50539    76257   5.22
1922-1924     85-89     0.21873  0.67451  2.16    6214    4191   19162    25718   4.14
1922-1924     90-94     0.29205  0.78181  2.03    2023    1581    5415     6556   3.24
1922-1924     95-99     0.37577  0.86046  1.85     441     380    1011     1141   2.59
1922-1924    100-104    0.46427  0.91381  1.68      62      56     121      131   2.12
1922-1924    105-109    0.55399  0.94734  1.53       5       5       9       10   1.79
1922-1924    110+       0.62501  1.00000  1.60       0       0       0        0   1.60
1925-1929        0      0.08735  0.08226  0.29  100000    8226   94162  5568531  55.69
1925-1929      1-4      0.01163  0.04509  1.25   91774    4138  355716  5474369  59.65
1925-1929      5-9      0.00245  0.01218  2.24   87636    1067  435235  5118653  58.41
1925-1929     10-14     0.00210  0.01046  2.60   86569     906  430673  4683418  54.10
1925-1929     15-19     0.00334  0.01656  2.67   85663    1418  425016  4252745  49.64
1925-1929     20-24     0.00457  0.02260  2.56   84245    1904  416581  3827728  45.44
1925-1929     25-29     0.00481  0.02378  2.51   82341    1958  406822  3411147  41.43
1925-1929     30-34     0.00567  0.02796  2.57   80383    2247  396460  3004325  37.38
1925-1929     35-39     0.00634  0.03122  2.53   78136    2440  384654  2607865  33.38
1925-1929     40-44     0.00817  0.04009  2.62   75696    3035  371255  2223211  29.37
1925-1929     45-49     0.01042  0.05080  2.58   72662    3691  354386  1851956  25.49
1925-1929     50-54     0.01502  0.07250  2.62   68970    5000  332944  1497570  21.71
1925-1929     55-59     0.02006  0.09571  2.61   63970    6123  305225  1164625  18.21
1925-1929     60-64     0.03126  0.14530  2.58   57848    8405  268862   859401  14.86
1925-1929     65-69     0.04147  0.18881  2.63   49442    9335  225082   590539  11.94
1925-1929     70-74     0.07652  0.32135  2.51   40107   12889  168423   365457   9.11
1925-1929     75-79     0.09407  0.37908  2.44   27219   10318  109682   197033   7.24
1925-1929     80-84     0.16574  0.57465  2.33   16901    9712   58599    87352   5.17
1925-1929     85-89     0.22976  0.69334  2.14    7189    4984   21694    28753   4.00
1925-1929     90-94     0.29517  0.78691  2.03    2205    1735    5877     7059   3.20
1925-1929     95-99     0.38683  0.86899  1.83     470     408    1055     1182   2.52
1925-1929    100-104    0.47971  0.92116  1.66      62      57     118      127   2.06
1925-1929    105-109    0.57354  0.95302  1.50       5       5       8        8   1.73
1925-1929    110+       0.64789  1.00000  1.54       0       0       0        0   1.54
1930-1934        0      0.07852  0.07424  0.27  100000    7424   94550  5795728  57.96
1930-1934      1-4      0.00844  0.03302  1.30   92576    3057  362047  5701178  61.58
1930-1934      5-9      0.00216  0.01074  2.20   89520     961  444908  5339131  59.64
1930-1934     10-14     0.00178  0.00889  2.68   88559     787  440970  4894223  55.27
1930-1934     15-19     0.00300  0.01489  2.64   87772    1307  435778  4453253  50.74
1930-1934     20-24     0.00394  0.01951  2.53   86465    1687  428166  4017474  46.46
1930-1934     25-29     0.00408  0.02019  2.54   84778    1711  419687  3589308  42.34
1930-1934     30-34     0.00486  0.02402  2.54   83067    1996  410425  3169622  38.16
1930-1934     35-39     0.00577  0.02848  2.59   81071    2309  399802  2759196  34.03
1930-1934     40-44     0.00729  0.03581  2.55   78762    2820  386901  2359394  29.96
1930-1934     45-49     0.00956  0.04676  2.66   75942    3551  371404  1972493  25.97
1930-1934     50-54     0.01385  0.06699  2.58   72391    4850  350196  1601089  22.12
1930-1934     55-59     0.01888  0.09034  2.63   67542    6102  323248  1250893  18.52
1930-1934     60-64     0.02793  0.13085  2.59   61440    8039  287802   927645  15.10
1930-1934     65-69     0.04232  0.19249  2.65   53400   10279  242895   639843  11.98
1930-1934     70-74     0.07642  0.32118  2.52   43121   13850  181235   396949   9.21
1930-1934     75-79     0.09463  0.37859  2.36   29271   11082  117111   215714   7.37
1930-1934     80-84     0.15608  0.55068  2.33   18189   10017   64176    98604   5.42
1930-1934     85-89     0.21359  0.66732  2.19    8173    5454   25534    34427   4.21
1930-1934     90-94     0.28833  0.77771  2.04    2719    2115    7334     8893   3.27
1930-1934     95-99     0.37622  0.86143  1.85     604     521    1384     1559   2.58
1930-1934    100-104    0.47034  0.91713  1.67      84      77     163      176   2.10
1930-1934    105-109    0.56579  0.95103  1.51       7       7      12       12   1.76
1930-1934    110+       0.64141  1.00000  1.56       0       0       1        1   1.56
1935-1939        0      0.08218  0.07756  0.28  100000    7756   94379  5854710  58.55
1935-1939      1-4      0.00766  0.03000  1.31   92244    2768  361516  5760331  62.45
1935-1939      5-9      0.00206  0.01026  2.28   89476     918  444882  5398815  60.34
1935-1939     10-14     0.00168  0.00836  2.54   88558     740  440967  4953933  55.94
1935-1939     15-19     0.00242  0.01204  2.72   87817    1057  436674  4512966  51.39
1935-1939     20-24     0.00345  0.01708  2.53   86760    1482  430140  4076291  46.98
1935-1939     25-29     0.00369  0.01828  2.52   85278    1559  422531  3646152  42.76
1935-1939     30-34     0.00427  0.02114  2.58   83719    1770  414320  3223621  38.51
1935-1939     35-39     0.00520  0.02569  2.56   81950    2105  404608  2809301  34.28
1935-1939     40-44     0.00671  0.03301  2.60   79845    2636  392909  2404692  30.12
1935-1939     45-49     0.00901  0.04408  2.62   77209    3403  377938  2011783  26.06
1935-1939     50-54     0.01378  0.06670  2.62   73806    4923  357327  1633845  22.14
1935-1939     55-59     0.01818  0.08710  2.60   68883    6000  329999  1276518  18.53
1935-1939     60-64     0.02836  0.13279  2.60   62883    8350  294390   946519  15.05
1935-1939     65-69     0.04210  0.19141  2.63   54533   10438  247949   652128  11.96
1935-1939     70-74     0.07438  0.31431  2.54   44095   13860  186346   404179   9.17
1935-1939     75-79     0.10245  0.40460  2.40   30236   12233  119408   217833   7.20
1935-1939     80-84     0.15581  0.55007  2.33   18002    9903   63555    98424   5.47
1935-1939     85-89     0.20731  0.65376  2.18    8100    5295   25543    34869   4.31
1935-1939     90-94     0.28202  0.77251  2.07    2804    2166    7682     9326   3.33
1935-1939     95-99     0.37655  0.86186  1.85     638     550    1460     1644   2.58
1935-1939    100-104    0.47251  0.91829  1.67      88      81     171      184   2.09
1935-1939    105-109    0.57013  0.95234  1.50       7       7      12       13   1.74
1935-1939    110+       0.64772  1.00000  1.54       0       0       1        1   1.54
1940-1944        0      0.08242  0.07778  0.28  100000    7778   94373  5995913  59.96
1940-1944      1-4      0.00574  0.02261  1.44   92222    2086  363542  5901540  63.99
1940-1944      5-9      0.00185  0.00919  2.23   90136     828  448384  5537998  61.44
1940-1944     10-14     0.00152  0.00755  2.66   89308     675  444963  5089615  56.99
1940-1944     15-19     0.00255  0.01267  2.64   88633    1123  440517  4644651  52.40
1940-1944     20-24     0.00327  0.01622  2.58   87511    1419  434116  4204135  48.04
1940-1944     25-29     0.00341  0.01690  2.48   86091    1455  426785  3770019  43.79
1940-1944     30-34     0.00383  0.01898  2.56   84636    1606  419264  3343234  39.50
1940-1944     35-39     0.00458  0.02265  2.59   83030    1881  410608  2923970  35.22
1940-1944     40-44     0.00588  0.02899  2.59   81149    2352  400087  2513363  30.97
1940-1944     45-49     0.00842  0.04128  2.65   78797    3252  386345  2113276  26.82
1940-1944     50-54     0.01210  0.05877  2.58   75544    4440  366966  1726930  22.86
1940-1944     55-59     0.01678  0.08073  2.65   71105    5740  342045  1359965  19.13
1940-1944     60-64     0.02600  0.12233  2.58   65364    7996  307488  1017919  15.57
1940-1944     65-69     0.03908  0.17896  2.65   57368   10266  262677   710431  12.38
1940-1944     70-74     0.07036  0.29994  2.54   47102   14128  200784   447754   9.51
1940-1944     75-79     0.09363  0.37701  2.42   32974   12432  132781   246971   7.49
1940-1944     80-84     0.15123  0.54003  2.35   20543   11094   73357   114190   5.56
1940-1944     85-89     0.20707  0.65478  2.19    9449    6187   29879    40832   4.32
1940-1944     90-94     0.27939  0.76732  2.06    3262    2503    8959    10953   3.36
1940-1944     95-99     0.36854  0.85571  1.87     759     649    1762     1995   2.63
1940-1944    100-104    0.46427  0.91455  1.69     110     100     216      232   2.12
1940-1944    105-109    0.56273  0.95040  1.52       9       9      16       17   1.77
1940-1944    110+       0.64146  1.00000  1.56       0       0       1        1   1.56
1945-1949        0      0.05506  0.05274  0.20  100000    5274   95785  6484752  64.85
1945-1949      1-4      0.00295  0.01173  1.41   94726    1111  376026  6388966  67.45
1945-1949      5-9      0.00096  0.00478  2.20   93615     447  466823  6012940  64.23
1945-1949     10-14     0.00087  0.00432  2.75   93168     403  464934  5546117  59.53
1945-1949     15-19     0.00175  0.00871  2.70   92765     808  461966  5081183  54.77
1945-1949     20-24     0.00222  0.01106  2.51   91957    1017  457254  4619217  50.23
1945-1949     25-29     0.00239  0.01190  2.58   90940    1082  452077  4161964  45.77
1945-1949     30-34     0.00276  0.01372  2.52   89858    1233  446233  3709886  41.29
1945-1949     35-39     0.00332  0.01645  2.60   88625    1458  439620  3263653  36.83
1945-1949     40-44     0.00447  0.02213  2.64   87167    1929  431291  2824033  32.40
1945-1949     45-49     0.00667  0.03284  2.65   85238    2799  419607  2392742  28.07
1945-1949     50-54     0.00999  0.04877  2.62   82439    4021  402626  1973135  23.93
1945-1949     55-59     0.01430  0.06916  2.65   78418    5423  379333  1570509  20.03
1945-1949     60-64     0.02341  0.11086  2.62   72995    8092  345716  1191176  16.32
1945-1949     65-69     0.03430  0.15858  2.63   64903   10293  300117   845460  13.03
1945-1949     70-74     0.06194  0.26938  2.58   54610   14711  237493   545342   9.99
1945-1949     75-79     0.09257  0.37434  2.45   39899   14936  161355   307849   7.72
1945-1949     80-84     0.13795  0.50772  2.40   24963   12674   91877   146494   5.87
1945-1949     85-89     0.20022  0.64249  2.21   12289    7895   39433    54617   4.44
1945-1949     90-94     0.26858  0.75565  2.11    4393    3320   12361    15183   3.46
1945-1949     95-99     0.36760  0.85586  1.88    1074     919    2499     2823   2.63
1945-1949    100-104    0.47103  0.91833  1.68     155     142     302      323   2.09
1945-1949    105-109    0.57697  0.95459  1.50      13      12      21       22   1.72
1945-1949    110+       0.66108  1.00000  1.51       1       1       1        1   1.51
1950-1954        0      0.03963  0.03835  0.16  100000    3835   96771  6780547  67.81
1950-1954      1-4      0.00158  0.00630  1.51   96165     605  383149  6683776  69.50
1950-1954      5-9      0.00060  0.00298  2.33   95559     285  477035  6300627  65.93
1950-1954     10-14     0.00050  0.00248  2.56   95274     236  475795  5823592  61.12
1950-1954     15-19     0.00075  0.00376  2.70   95038     358  474368  5347797  56.27
1950-1954     20-24     0.00118  0.00590  2.65   94680     558  472087  4873429  51.47
1950-1954     25-29     0.00150  0.00746  2.55   94122     702  468891  4401342  46.76
1950-1954     30-34     0.00186  0.00925  2.64   93420     864  465057  3932451  42.09
1950-1954     35-39     0.00248  0.01234  2.59   92556    1142  460022  3467395  37.46
1950-1954     40-44     0.00355  0.01760  2.67   91414    1609  453321  3007373  32.90
1950-1954     45-49     0.00570  0.02814  2.70   89805    2527  443222  2554052  28.44
1950-1954     50-54     0.00929  0.04544  2.64   87278    3966  427012  2110830  24.19
1950-1954     55-59     0.01354  0.06563  2.66   83312    5468  403774  1683818  20.21
1950-1954     60-64     0.02246  0.10659  2.62   77844    8297  369497  1280044  16.44
1950-1954     65-69     0.03451  0.15961  2.65   69547   11101  321691   910547  13.09
1950-1954     70-74     0.05963  0.26011  2.55   58446   15203  254963   588856  10.08
1950-1954     75-79     0.08820  0.36148  2.51   43244   15632  177225   333893   7.72
1950-1954     80-84     0.14210  0.51862  2.40   27612   14320  100777   156668   5.67
1950-1954     85-89     0.21144  0.66585  2.22   13292    8850   41857    55891   4.20
1950-1954     90-94     0.29749  0.78997  2.03    4442    3509   11794    14034   3.16
1950-1954     95-99     0.40533  0.88382  1.81     933     824    2034     2240   2.40
1950-1954    100-104    0.52070  0.93863  1.59     108     102     195      206   1.90
1950-1954    105-109    0.63386  0.96730  1.41       7       6      10       10   1.57
1950-1954    110+       0.72060  1.00000  1.39       0       0       0        0   1.39
1955-1959        0      0.03017  0.02940  0.13  100000    2940   97446  6973375  69.73
1955-1959      1-4      0.00101  0.00402  1.58   97060     391  387292  6875928  70.84
1955-1959      5-9      0.00040  0.00200  2.24   96669     194  482812  6488636  67.12
1955-1959     10-14     0.00036  0.00179  2.78   96476     172  481996  6005824  62.25
1955-1959     15-19     0.00065  0.00324  2.73   96303     312  480808  5523829  57.36
1955-1959     20-24     0.00073  0.00362  2.58   95992     347  479118  5043020  52.54
1955-1959     25-29     0.00092  0.00458  2.63   95644     438  477181  4563902  47.72
1955-1959     30-34     0.00119  0.00593  2.64   95206     565  474699  4086720  42.93
1955-1959     35-39     0.00196  0.00977  2.64   94641     924  471026  3612021  38.17
1955-1959     40-44     0.00303  0.01506  2.77   93717    1412  465436  3140995  33.52
1955-1959     45-49     0.00480  0.02372  2.71   92305    2190  456502  2675559  28.99
1955-1959     50-54     0.00838  0.04112  2.69   90115    3706  442007  2219058  24.62
1955-1959     55-59     0.01312  0.06365  2.67   86410    5500  419256  1777051  20.57
1955-1959     60-64     0.02097  0.09992  2.66   80910    8085  385624  1357795  16.78
1955-1959     65-69     0.03349  0.15497  2.59   72825   11286  336950   972171  13.35
1955-1959     70-74     0.05585  0.24617  2.59   61539   15149  271249   635221  10.32
1955-1959     75-79     0.08615  0.35333  2.46   46390   16391  190256   363972   7.85
1955-1959     80-84     0.13684  0.50579  2.42   29999   15173  110881   173715   5.79
1955-1959     85-89     0.20793  0.65723  2.20   14826    9744   46862    62834   4.24
1955-1959     90-94     0.29933  0.79143  2.02    5082    4022   13437    15972   3.14
1955-1959     95-99     0.40668  0.88507  1.81    1060     938    2307     2536   2.39
1955-1959    100-104    0.52592  0.94066  1.59     122     115     218      229   1.88
1955-1959    105-109    0.64248  0.96900  1.40       7       7      11       11   1.55
1955-1959    110+       0.73122  1.00000  1.37       0       0       0        0   1.37
1960-1964        0      0.02788  0.02722  0.13  100000    2722   97620  7025859  70.26
1960-1964      1-4      0.00096  0.00384  1.51   97278     373  388183  6928239  71.22
1960-1964      5-9      0.00042  0.00212  2.31   96905     205  483972  6540057  67.49
1960-1964     10-14     0.00033  0.00163  2.49   96700     157  483104  6056085  62.63
1960-1964     15-19     0.00057  0.00283  2.67   96543     273  482075  5572980  57.73
1960-1964     20-24     0.00073  0.00362  2.37   96269     349  480430  5090905  52.88
1960-1964     25-29     0.00085  0.00426  2.66   95920     408  478649  4610475  48.07
1960-1964     30-34     0.00113  0.00562  2.57   95512     537  476259  4131826  43.26
1960-1964     35-39     0.00171  0.00850  2.71   94976     807  473026  3655566  38.49
1960-1964     40-44     0.00282  0.01400  2.66   94168    1318  467763  3182540  33.80
1960-1964     45-49     0.00473  0.02341  2.71   92850    2174  459281  2714778  29.24
1960-1964     50-54     0.00811  0.03979  2.69   90676    3608  445064  2255497  24.87
1960-1964     55-59     0.01289  0.06258  2.69   87068    5448  422778  1810433  20.79
1960-1964     60-64     0.02096  0.09985  2.64   81620    8150  388882  1387655  17.00
1960-1964     65-69     0.03250  0.15077  2.60   73470   11077  340812   998773  13.59
1960-1964     70-74     0.05365  0.23779  2.61   62393   14836  276518   657962  10.55
1960-1964     75-79     0.08446  0.34922  2.52   47557   16608  196634   381444   8.02
1960-1964     80-84     0.13001  0.48891  2.47   30949   15131  116389   184810   5.97
1960-1964     85-89     0.20409  0.65104  2.22   15818   10298   50459    68422   4.33
1960-1964     90-94     0.28471  0.77650  2.07    5520    4286   15054    17963   3.25
1960-1964     95-99     0.41273  0.88964  1.80    1234    1098    2659     2909   2.36
1960-1964    100-104    0.53999  0.94567  1.56     136     129     238      250   1.83
1960-1964    105-109    0.66328  0.97270  1.37       7       7      11       11   1.50
1960-1964    110+       0.75568  1.00000  1.32       0       0       0        0   1.32
1965-1969        0      0.02492  0.02438  0.12  100000    2438   97847  7087628  70.88
1965-1969      1-4      0.00086  0.00344  1.57   97562     336  389432  6989781  71.64
1965-1969      5-9      0.00038  0.00188  2.32   97226     183  485639  6600349  67.89
1965-1969     10-14     0.00032  0.00160  2.63   97043     155  484847  6114709  63.01
1965-1969     15-19     0.00057  0.00282  2.84   96888     274  483847  5629862  58.11
1965-1969     20-24     0.00072  0.00361  2.62   96614     349  482240  5146015  53.26
1965-1969     25-29     0.00077  0.00382  2.64   96265     368  480457  4663775  48.45
1965-1969     30-34     0.00107  0.00536  2.63   95897     514  478270  4183318  43.62
1965-1969     35-39     0.00166  0.00827  2.70   95384     789  475103  3705049  38.84
1965-1969     40-44     0.00287  0.01428  2.70   94595    1351  469871  3229945  34.15
1965-1969     45-49     0.00465  0.02303  2.73   93244    2147  461338  2760074  29.60
1965-1969     50-54     0.00755  0.03710  2.71   91097    3380  447729  2298736  25.23
1965-1969     55-59     0.01248  0.06066  2.71   87717    5321  426422  1851007  21.10
1965-1969     60-64     0.02046  0.09765  2.68   82396    8046  393325  1424585  17.29
1965-1969     65-69     0.03205  0.14886  2.62   74351   11068  345372  1031260  13.87
1965-1969     70-74     0.05242  0.23276  2.60   63282   14730  280994   685888  10.84
1965-1969     75-79     0.08084  0.33610  2.49   48553   16319  201856   404894   8.34
1965-1969     80-84     0.12096  0.46370  2.48   32234   14947  123570   203038   6.30
1965-1969     85-89     0.18528  0.61592  2.28   17287   10648   57467    79468   4.60
1965-1969     90-94     0.28009  0.76741  2.05    6640    5095   18192    22000   3.31
1965-1969     95-99     0.39270  0.87690  1.84    1544    1354    3449     3809   2.47
1965-1969    100-104    0.52160  0.94001  1.60     190     179     343      360   1.89
1965-1969    105-109    0.64940  0.97063  1.39      11      11      17       17   1.53
1965-1969    110+       0.74637  1.00000  1.34       0       0       0        0   1.34
1970-1974        0      0.02169  0.02128  0.11  100000    2128   98102  7052690  70.53
1970-1974      1-4      0.00088  0.00353  1.62   97872     346  390664  6954588  71.06
1970-1974      5-9      0.00040  0.00200  2.20   97526     195  487085  6563924  67.30
1970-1974     10-14     0.00035  0.00177  2.68   97331     173  486256  6076839  62.43
1970-1974     15-19     0.00097  0.00484  2.97   97159     470  484838  5590584  57.54
1970-1974     20-24     0.00111  0.00555  2.42   96689     536  482061  5105746  52.81
1970-1974     25-29     0.00105  0.00524  2.54   96152     504  479522  4623685  48.09
1970-1974     30-34     0.00122  0.00607  2.52   95649     581  476801  4144163  43.33
1970-1974     35-39     0.00180  0.00895  2.64   95068     850  473331  3667362  38.58
1970-1974     40-44     0.00288  0.01432  2.76   94217    1349  468060  3194030  33.90
1970-1974     45-49     0.00496  0.02451  2.67   92868    2276  459047  2725970  29.35
1970-1974     50-54     0.00816  0.04005  2.68   90592    3628  444552  2266923  25.02
1970-1974     55-59     0.01300  0.06313  2.70   86963    5490  422202  1822371  20.96
1970-1974     60-64     0.02093  0.09975  2.66   81473    8127  388361  1400169  17.19
1970-1974     65-69     0.03276  0.15193  2.61   73346   11143  340118  1011808  13.79
1970-1974     70-74     0.05207  0.23115  2.57   62203   14378  276124   671690  10.80
1970-1974     75-79     0.08137  0.33826  2.51   47825   16177  198805   395566   8.27
1970-1974     80-84     0.12308  0.46846  2.45   31648   14826  120453   196761   6.22
1970-1974     85-89     0.18957  0.62327  2.25   16822   10485   55308    76308   4.54
1970-1974     90-94     0.27976  0.77604  2.13    6337    4918   17580    20999   3.31
1970-1974     95-99     0.40272  0.88392  1.83    1419    1255    3115     3419   2.41
1970-1974    100-104    0.53554  0.94475  1.57     165     156     291      304   1.85
1970-1974    105-109    0.66563  0.97331  1.37       9       9      13       14   1.50
1970-1974    110+       0.76297  1.00000  1.31       0       0       0        0   1.31
1975-1979        0      0.01761  0.01734  0.10  100000    1734   98434  7130337  71.30
1975-1979      1-4      0.00074  0.00294  1.56   98266     289  392361  7031903  71.56
1975-1979      5-9      0.00036  0.00181  2.31   97978     177  489411  6639542  67.77
1975-1979     10-14     0.00034  0.00168  2.73   97801     164  488630  6150131  62.88
1975-1979     15-19     0.00094  0.00469  3.06   97637     458  487292  5661501  57.99
1975-1979     20-24     0.00114  0.00570  2.38   97178     553  484441  5174209  53.24
1975-1979     25-29     0.00108  0.00540  2.57   96625     522  481855  4689768  48.54
1975-1979     30-34     0.00120  0.00599  2.56   96103     576  479110  4207913  43.79
1975-1979     35-39     0.00167  0.00829  2.67   95527     792  475786  3728803  39.03
1975-1979     40-44     0.00273  0.01355  2.74   94735    1283  470773  3253017  34.34
1975-1979     45-49     0.00485  0.02398  2.76   93451    2241  462231  2782244  29.77
1975-1979     50-54     0.00784  0.03850  2.69   91211    3512  447930  2320013  25.44
1975-1979     55-59     0.01297  0.06292  2.63   87699    5518  425396  1872083  21.35
1975-1979     60-64     0.02035  0.09714  2.67   82181    7983  392297  1446688  17.60
1975-1979     65-69     0.03111  0.14476  2.61   74198   10741  345302  1054390  14.21
1975-1979     70-74     0.04912  0.21951  2.58   63457   13930  283577   709088  11.17
1975-1979     75-79     0.07554  0.31781  2.51   49528   15740  208368   425512   8.59
1975-1979     80-84     0.11800  0.45345  2.45   33787   15321  129835   217144   6.43
1975-1979     85-89     0.18171  0.60945  2.30   18466   11254   61935    87309   4.73
1975-1979     90-94     0.26078  0.74665  2.14    7212    5385   20649    25374   3.52
1975-1979     95-99     0.37298  0.86206  1.88    1827    1575    4223     4725   2.59
1975-1979    100-104    0.49517  0.93005  1.64     252     234     473      502   1.99
1975-1979    105-109    0.61949  0.96506  1.43      18      17      27       28   1.61
1975-1979    110+       0.71623  1.00000  1.40       1       1       1        1   1.40
1980-1984        0      0.01271  0.01256  0.08  100000    1256   98849  7276782  72.77
1980-1984      1-4      0.00054  0.00216  1.63   98744     213  394471  7177933  72.69
1980-1984      5-9      0.00028  0.00141  2.31   98531     139  492280  6783462  68.85
1980-1984     10-14     0.00026  0.00129  2.76   98392     127  491675  6291182  63.94
1980-1984     15-19     0.00063  0.00315  2.83   98265     310  490652  5799507  59.02
1980-1984     20-24     0.00089  0.00445  2.39   97955     436  488638  5308855  54.20
1980-1984     25-29     0.00091  0.00453  2.56   97519     442  486517  4820216  49.43
1980-1984     30-34     0.00106  0.00528  2.67   97077     512  484192  4333699  44.64
1980-1984     35-39     0.00135  0.00671  2.59   96565     648  481262  3849507  39.86
1980-1984     40-44     0.00241  0.01199  2.72   95917    1150  476959  3368244  35.12
1980-1984     45-49     0.00383  0.01896  2.69   94767    1797  469678  2891285  30.51
1980-1984     50-54     0.00710  0.03492  2.71   92970    3247  457429  2421607  26.05
1980-1984     55-59     0.01223  0.05948  2.67   89723    5337  436205  1964178  21.89
1980-1984     60-64     0.01909  0.09125  2.60   84386    7700  403417  1527973  18.11
1980-1984     65-69     0.02946  0.13753  2.59   76686   10547  358043  1124556  14.66
1980-1984     70-74     0.04544  0.20455  2.57   66139   13529  297760   766513  11.59
1980-1984     75-79     0.07214  0.30651  2.55   52610   16126  223537   468753   8.91
1980-1984     80-84     0.11225  0.43628  2.45   36485   15918  141809   245216   6.72
1980-1984     85-89     0.16610  0.57408  2.31   20567   11807   71083   103407   5.03
1980-1984     90-94     0.24827  0.73334  2.21    8760    6424   25876    32324   3.69
1980-1984     95-99     0.34676  0.84041  1.93    2336    1963    5661     6448   2.76
1980-1984    100-104    0.46548  0.91743  1.70     373     342     735      787   2.11
1980-1984    105-109    0.59052  0.95894  1.48      31      30      50       52   1.68
1980-1984    110+       0.69013  1.00000  1.45       1       1       2        2   1.45
1985-1989        0      0.00895  0.00888  0.07  100000     888   99177  7415337  74.15
1985-1989      1-4      0.00044  0.00175  1.80   99112     173  396066  7316160  73.82
1985-1989      5-9      0.00022  0.00110  2.37   98939     109  494408  6920093  69.94
1985-1989     10-14     0.00023  0.00113  2.77   98830     112  493899  6425686  65.02
1985-1989     15-19     0.00060  0.00298  2.91   98718     294  492976  5931786  60.09
1985-1989     20-24     0.00089  0.00442  2.46   98424     435  491012  5438810  55.26
1985-1989     25-29     0.00078  0.00390  2.54   97989     382  489003  4947798  50.49
1985-1989     30-34     0.00094  0.00471  2.66   97607     460  486957  4458795  45.68
1985-1989     35-39     0.00115  0.00572  2.65   97147     556  484425  3971837  40.88
1985-1989     40-44     0.00205  0.01021  2.71   96591     986  480699  3487412  36.10
1985-1989     45-49     0.00333  0.01653  2.74   95605    1580  474460  3006713  31.45
1985-1989     50-54     0.00606  0.02988  2.75   94024    2809  463807  2532253  26.93
1985-1989     55-59     0.01051  0.05132  2.72   91215    4681  445401  2068447  22.68
1985-1989     60-64     0.01734  0.08334  2.67   86534    7212  415835  1623046  18.76
1985-1989     65-69     0.02725  0.12782  2.58   79322   10139  372075  1207210  15.22
1985-1989     70-74     0.04283  0.19419  2.60   69183   13435  313656   835135  12.07
1985-1989     75-79     0.06472  0.27896  2.53   55749   15552  240293   521479   9.35
1985-1989     80-84     0.10293  0.40748  2.44   40197   16379  159132   281186   7.00
1985-1989     85-89     0.16228  0.56618  2.33   23818   13485   83100   122054   5.12
1985-1989     90-94     0.24023  0.71194  2.14   10332    7356   30621    38954   3.77
1985-1989     95-99     0.34103  0.83564  1.95    2976    2487    7293     8332   2.80
1985-1989    100-104    0.46190  0.91600  1.71     489     448     970     1039   2.12
1985-1989    105-109    0.58942  0.95881  1.48      41      39      67       69   1.69
1985-1989    110+       0.69090  1.00000  1.45       2       2       2        2   1.45
1990-1994        0      0.00686  0.00682  0.07  100000     682   99364  7554867  75.55
1990-1994      1-4      0.00039  0.00155  1.66   99318     153  396914  7455502  75.07
1990-1994      5-9      0.00018  0.00088  2.40   99165      88  495596  7058588  71.18
1990-1994     10-14     0.00022  0.00112  2.96   99077     111  495159  6562992  66.24
1990-1994     15-19     0.00057  0.00284  2.91   98966     281  494244  6067833  61.31
1990-1994     20-24     0.00073  0.00362  2.47   98685     357  492519  5573589  56.48
1990-1994     25-29     0.00073  0.00366  2.43   98327     360  490712  5081070  51.68
1990-1994     30-34     0.00082  0.00410  2.61   97968     402  488879  4590358  46.86
1990-1994     35-39     0.00112  0.00559  2.73   97566     546  486588  4101479  42.04
1990-1994     40-44     0.00180  0.00894  2.63   97020     867  483045  3614892  37.26
1990-1994     45-49     0.00301  0.01495  2.71   96153    1437  477471  3131847  32.57
1990-1994     50-54     0.00502  0.02481  2.66   94715    2350  468087  2654376  28.02
1990-1994     55-59     0.00859  0.04213  2.70   92366    3891  452861  2186290  23.67
1990-1994     60-64     0.01536  0.07413  2.65   88475    6558  426968  1733428  19.59
1990-1994     65-69     0.02425  0.11468  2.64   81916    9395  387371  1306461  15.95
1990-1994     70-74     0.03860  0.17660  2.60   72522   12808  331832   919089  12.67
1990-1994     75-79     0.05971  0.26063  2.56   59714   15563  260664   587257   9.83
1990-1994     80-84     0.09484  0.38311  2.49   44151   16915  178340   326593   7.40
1990-1994     85-89     0.14750  0.53304  2.40   27236   14518   98426   148253   5.44
1990-1994     90-94     0.22789  0.69496  2.19   12718    8839   38785    49827   3.92
1990-1994     95-99     0.33390  0.83011  1.97    3879    3220    9645    11042   2.85
1990-1994    100-104    0.46273  0.91719  1.71     659     605    1306     1397   2.12
1990-1994    105-109    0.59921  0.96145  1.47      55      52      88       91   1.66
1990-1994    110+       0.70699  1.00000  1.41       2       2       3        3   1.41
1995-1999        0      0.00615  0.00612  0.07  100000     612   99429  7664086  76.64
1995-1999      1-4      0.00027  0.00107  1.63   99388     106  397303  7564658  76.11
1995-1999      5-9      0.00016  0.00080  2.27   99283      79  496197  7167355  72.19
1995-1999     10-14     0.00017  0.00085  2.87   99203      85  495837  6671158  67.25
1995-1999     15-19     0.00054  0.00269  2.80   99119     266  495007  6175321  62.30
1995-1999     20-24     0.00073  0.00363  2.47   98853     359  493353  5680314  57.46
1995-1999     25-29     0.00064  0.00320  2.60   98493     315  491711  5186962  52.66
1995-1999     30-34     0.00081  0.00404  2.62   98178     397  489947  4695250  47.82
1995-1999     35-39     0.00101  0.00503  2.68   97781     492  487767  4205303  43.01
1995-1999     40-44     0.00163  0.00812  2.66   97290     790  484601  3717536  38.21
1995-1999     45-49     0.00273  0.01359  2.73   96499    1311  479522  3232935  33.50
1995-1999     50-54     0.00447  0.02215  2.71   95188    2108  471114  2753413  28.93
1995-1999     55-59     0.00752  0.03693  2.66   93080    3437  457346  2282299  24.52
1995-1999     60-64     0.01260  0.06120  2.68   89643    5486  435484  1824953  20.36
1995-1999     65-69     0.02081  0.09925  2.67   84157    8352  401326  1389469  16.51
1995-1999     70-74     0.03507  0.16189  2.63   75805   12272  349957   988144  13.04
1995-1999     75-79     0.05618  0.24687  2.55   63533   15685  279209   638187  10.04
1995-1999     80-84     0.09149  0.37296  2.52   47848   17845  195061   358978   7.50
1995-1999     85-89     0.14518  0.52761  2.41   30003   15830  109034   163916   5.46
1995-1999     90-94     0.23193  0.70822  2.25   14173   10038   43279    54882   3.87
1995-1999     95-99     0.33890  0.83550  1.97    4135    3455   10195    11603   2.81
1995-1999    100-104    0.47436  0.92291  1.69     680     628    1324     1408   2.07
1995-1999    105-109    0.61612  0.96517  1.44      52      51      82       85   1.61
1995-1999    110+       0.72625  1.00000  1.38       2       2       3        3   1.38
2000-2004        0      0.00533  0.00531  0.06  100000     531   99503  7799645  78.00
2000-2004      1-4      0.00023  0.00092  1.59   99469      92  397656  7700142  77.41
2000-2004      5-9      0.00014  0.00069  2.44   99378      69  496712  7302486  73.48
2000-2004     10-14     0.00014  0.00071  2.92   99309      70  496399  6805774  68.53
2000-2004     15-19     0.00046  0.00228  2.79   99239     226  495693  6309375  63.58
2000-2004     20-24     0.00065  0.00324  2.39   99012     320  494225  5813682  58.72
2000-2004     25-29     0.00066  0.00331  2.49   98692     327  492639  5319457  53.90
2000-2004     30-34     0.00071  0.00357  2.61   98365     351  490988  4826819  49.07
2000-2004     35-39     0.00102  0.00508  2.68   98014     498  488915  4335831  44.24
2000-2004     40-44     0.00163  0.00813  2.64   97516     793  485707  3846916  39.45
2000-2004     45-49     0.00255  0.01267  2.68   96723    1226  480779  3361209  34.75
2000-2004     50-54     0.00404  0.02002  2.67   95498    1911  473036  2880430  30.16
2000-2004     55-59     0.00650  0.03201  2.72   93586    2996  461106  2407394  25.72
2000-2004     60-64     0.01069  0.05217  2.67   90590    4726  441922  1946288  21.48
2000-2004     65-69     0.01742  0.08367  2.66   85865    7184  412516  1504366  17.52
2000-2004     70-74     0.02939  0.13746  2.65   78680   10815  368014  1091850  13.88
2000-2004     75-79     0.04845  0.21718  2.62   67865   14739  304236   723837  10.67
2000-2004     80-84     0.08258  0.34288  2.53   53126   18216  220569   419601   7.90
2000-2004     85-89     0.13510  0.50166  2.44   34910   17513  129631   199032   5.70
2000-2004     90-94     0.22037  0.68259  2.21   17397   11875   53888    69401   3.99
2000-2004     95-99     0.33777  0.83547  1.98    5522    4614   13659    15513   2.81
2000-2004    100-104    0.48139  0.92657  1.68     909     842    1749     1854   2.04
2000-2004    105-109    0.63076  0.96824  1.42      67      65     102      105   1.58
2000-2004    110+       0.74493  1.00000  1.34       2       2       3        3   1.34
2005-2009        0      0.00534  0.00531  0.06  100000     531   99503  7889591  78.90
2005-2009      1-4      0.00023  0.00092  1.47   99469      92  397643  7790088  78.32
2005-2009      5-9      0.00014  0.00068  2.78   99377      67  496737  7392445  74.39
2005-2009     10-14     0.00016  0.00078  2.97   99310      78  496392  6895708  69.44
2005-2009     15-19     0.00058  0.00289  2.86   99232     287  495547  6399316  64.49
2005-2009     20-24     0.00069  0.00346  2.49   98946     343  493867  5903769  59.67
2005-2009     25-29     0.00068  0.00339  2.52   98603     335  492184  5409902  54.87
2005-2009     30-34     0.00075  0.00375  2.52   98268     368  490429  4917718  50.04
2005-2009     35-39     0.00113  0.00566  2.63   97900     554  488191  4427290  45.22
2005-2009     40-44     0.00161  0.00803  2.68   97346     782  484916  3939099  40.46
2005-2009     45-49     0.00261  0.01294  2.61   96565    1250  479839  3454184  35.77
2005-2009     50-54     0.00396  0.01962  2.66   95315    1870  472202  2974345  31.21
2005-2009     55-59     0.00596  0.02938  2.69   93445    2745  460887  2502143  26.78
2005-2009     60-64     0.00959  0.04690  2.68   90699    4254  443639  2041256  22.51
2005-2009     65-69     0.01465  0.07079  2.63   86445    6119  417726  1597618  18.48
2005-2009     70-74     0.02467  0.11664  2.66   80326    9369  379718  1179892  14.69
2005-2009     75-79     0.04280  0.19416  2.61   70957   13777  321911   800173  11.28
2005-2009     80-84     0.07359  0.31152  2.54   57180   17813  242060   478262   8.36
2005-2009     85-89     0.12457  0.47279  2.45   39367   18612  149416   236202   6.00
2005-2009     90-94     0.20768  0.66410  2.29   20755   13783   66368    86786   4.18
2005-2009     95-99     0.32152  0.82033  2.02    6972    5719   17787    20418   2.93
2005-2009    100-104    0.46657  0.92051  1.71    1253    1153    2471     2631   2.10
2005-2009    105-109    0.62011  0.96646  1.44     100      96     155      160   1.60
2005-2009    110+       0.73851  1.00000  1.35       3       3       5        5   1.35
2010-2013        0      0.00457  0.00455  0.06  100000     455   99573  8003161  80.03
2010-2013      1-4      0.00016  0.00063  1.67   99545      63  398034  7903588  79.40
2010-2013      5-9      0.00009  0.00044  2.59   99482      44  497306  7505554  75.45
2010-2013     10-14     0.00012  0.00058  2.81   99439      58  497066  7008248  70.48
2010-2013     15-19     0.00044  0.00220  2.95   99380     219  496454  6511183  65.52
2010-2013     20-24     0.00061  0.00303  2.37   99162     301  495017  6014729  60.66
2010-2013     25-29     0.00065  0.00323  2.56   98861     320  493525  5519712  55.83
2010-2013     30-34     0.00077  0.00385  2.61   98541     380  491799  5026187  51.01
2010-2013     35-39     0.00100  0.00500  2.74   98161     491  489697  4534387  46.19
2010-2013     40-44     0.00155  0.00772  2.62   97670     754  486558  4044691  41.41
2010-2013     45-49     0.00227  0.01131  2.70   96917    1096  482064  3558133  36.71
2010-2013     50-54     0.00357  0.01771  2.66   95821    1697  475136  3076068  32.10
2010-2013     55-59     0.00567  0.02800  2.67   94123    2635  464471  2600932  27.63
2010-2013     60-64     0.00843  0.04135  2.70   91488    3783  448724  2136462  23.35
2010-2013     65-69     0.01318  0.06394  2.67   87705    5608  425484  1687737  19.24
2010-2013     70-74     0.02191  0.10419  2.65   82097    8553  390418  1262253  15.38
2010-2013     75-79     0.03793  0.17406  2.64   73544   12801  337518   871835  11.85
2010-2013     80-84     0.06575  0.28417  2.61   60743   17261  262519   534316   8.80
2010-2013     85-89     0.11594  0.44842  2.48   43482   19498  168180   271798   6.25
2010-2013     90-94     0.19675  0.64220  2.30   23984   15402   78284   103618   4.32
2010-2013     95-99     0.31811  0.81756  2.03    8581    7016   22054    25334   2.95
2010-2013    100-104    0.46778  0.92147  1.71    1566    1443    3084     3279   2.09
2010-2013    105-109    0.62580  0.96769  1.43     123     119     190      195   1.59
2010-2013    110+       0.74662  1.00000  1.34       4       4       5        5   1.34
