England and Wales, Total Population, Life tables (period 5x5), Total     Last modified: 27-Jul-2015, MPv5 (May07)

  Year          Age         mx       qx    ax      lx      dx      Lx       Tx     ex
1841-1844        0      0.16239  0.14664  0.34  100000   14664   90304  4155031  41.55
1841-1844      1-4      0.03594  0.13162  1.44   85336   11232  312569  4064727  47.63
1841-1844      5-9      0.00908  0.04422  2.03   74104    3277  360770  3752159  50.63
1841-1844     10-14     0.00504  0.02489  2.52   70827    1763  349765  3391389  47.88
1841-1844     15-19     0.00721  0.03546  2.65   69064    2449  339553  3041624  44.04
1841-1844     20-24     0.00900  0.04400  2.51   66615    2931  325777  2702071  40.56
1841-1844     25-29     0.00953  0.04653  2.51   63683    2963  311025  2376294  37.31
1841-1844     30-34     0.00986  0.04809  2.50   60720    2920  296301  2065269  34.01
1841-1844     35-39     0.01186  0.05763  2.57   57800    3331  280910  1768968  30.61
1841-1844     40-44     0.01259  0.06101  2.47   54469    3323  263931  1488058  27.32
1841-1844     45-49     0.01527  0.07366  2.59   51146    3767  246663  1224127  23.93
1841-1844     50-54     0.01739  0.08330  2.49   47378    3947  226998   977464  20.63
1841-1844     55-59     0.02578  0.12161  2.67   43432    5282  204866   750466  17.28
1841-1844     60-64     0.03229  0.14930  2.48   38150    5696  176393   545600  14.30
1841-1844     65-69     0.05171  0.23051  2.65   32454    7481  144676   369206  11.38
1841-1844     70-74     0.07355  0.30962  2.45   24973    7732  105123   224530   8.99
1841-1844     75-79     0.11425  0.44385  2.49   17241    7652   66979   119407   6.93
1841-1844     80-84     0.15199  0.54306  2.37    9588    5207   34258    52427   5.47
1841-1844     85-89     0.21578  0.67300  2.20    4381    2949   13665    18169   4.15
1841-1844     90-94     0.30009  0.79236  2.02    1433    1135    3783     4504   3.14
1841-1844     95-99     0.40131  0.88060  1.81     297     262     653      721   2.43
1841-1844    100-104    0.51102  0.93489  1.61      36      33      65       69   1.93
1841-1844    105-109    0.62048  0.96460  1.43       2       2       4        4   1.60
1841-1844    110+       0.70579  1.00000  1.42       0       0       0        0   1.42
1845-1849        0      0.17397  0.15602  0.34  100000   15602   89684  3938496  39.38
1845-1849      1-4      0.03897  0.14169  1.43   84398   11958  306858  3848812  45.60
1845-1849      5-9      0.00960  0.04667  2.02   72440    3381  352110  3541954  48.90
1845-1849     10-14     0.00558  0.02752  2.54   69059    1900  340617  3189844  46.19
1845-1849     15-19     0.00769  0.03774  2.63   67159    2535  329797  2849227  42.43
1845-1849     20-24     0.01029  0.05019  2.54   64624    3244  315137  2519429  38.99
1845-1849     25-29     0.01057  0.05149  2.48   61380    3160  298945  2204292  35.91
1845-1849     30-34     0.01139  0.05540  2.52   58220    3225  283103  1905347  32.73
1845-1849     35-39     0.01259  0.06104  2.52   54995    3357  266661  1622245  29.50
1845-1849     40-44     0.01491  0.07192  2.53   51638    3714  249002  1355583  26.25
1845-1849     45-49     0.01597  0.07679  2.51   47924    3680  230466  1106581  23.09
1845-1849     50-54     0.02084  0.09919  2.58   44244    4389  210588   876115  19.80
1845-1849     55-59     0.02523  0.11879  2.54   39855    4735  187634   665527  16.70
1845-1849     60-64     0.03879  0.17744  2.60   35121    6232  160675   477894  13.61
1845-1849     65-69     0.05185  0.22967  2.51   28889    6635  127955   317219  10.98
1845-1849     70-74     0.08207  0.34115  2.53   22254    7592   92506   189264   8.50
1845-1849     75-79     0.11920  0.45549  2.41   14662    6678   56025    96758   6.60
1845-1849     80-84     0.16572  0.57583  2.35    7984    4597   27741    40733   5.10
1845-1849     85-89     0.23639  0.70773  2.17    3386    2397   10139    12992   3.84
1845-1849     90-94     0.33087  0.82534  1.96     990     817    2469     2853   2.88
1845-1849     95-99     0.44047  0.90418  1.74     173     156     355      384   2.22
1845-1849    100-104    0.55546  0.94938  1.53      17      16      28       30   1.79
1845-1849    105-109    0.66549  0.97260  1.36       1       1       1        1   1.50
1845-1849    110+       0.74855  1.00000  1.34       0       0       0        0   1.34
1850-1854        0      0.17145  0.15399  0.34  100000   15399   89818  4089008  40.89
1850-1854      1-4      0.03633  0.13282  1.41   84601   11237  309267  3999190  47.27
1850-1854      5-9      0.00888  0.04325  2.03   73364    3173  357392  3689923  50.30
1850-1854     10-14     0.00518  0.02557  2.54   70191    1795  346540  3332531  47.48
1850-1854     15-19     0.00731  0.03591  2.63   68396    2456  336157  2985991  43.66
1850-1854     20-24     0.00913  0.04466  2.53   65940    2945  322413  2649834  40.19
1850-1854     25-29     0.00969  0.04732  2.50   62995    2981  307519  2327421  36.95
1850-1854     30-34     0.01037  0.05053  2.52   60014    3033  292553  2019902  33.66
1850-1854     35-39     0.01187  0.05766  2.53   56982    3286  276807  1727349  30.31
1850-1854     40-44     0.01335  0.06460  2.52   53696    3469  259883  1450542  27.01
1850-1854     45-49     0.01573  0.07574  2.54   50227    3804  241784  1190659  23.71
1850-1854     50-54     0.01854  0.08868  2.55   46423    4117  222010   948875  20.44
1850-1854     55-59     0.02532  0.11930  2.59   42306    5047  199364   726865  17.18
1850-1854     60-64     0.03344  0.15458  2.56   37259    5760  172228   527501  14.16
1850-1854     65-69     0.05138  0.22848  2.58   31500    7197  140088   355273  11.28
1850-1854     70-74     0.07451  0.31403  2.50   24303    7632  102425   215185   8.85
1850-1854     75-79     0.11530  0.44586  2.46   16671    7433   64468   112760   6.76
1850-1854     80-84     0.16264  0.56892  2.36    9238    5256   32315    48291   5.23
1850-1854     85-89     0.22520  0.68873  2.18    3982    2743   12179    15976   4.01
1850-1854     90-94     0.30933  0.80226  2.00    1240     994    3215     3798   3.06
1850-1854     95-99     0.41025  0.88595  1.79     245     217     529      583   2.38
1850-1854    100-104    0.51658  0.93659  1.60      28      26      51       54   1.91
1850-1854    105-109    0.62202  0.96473  1.42       2       2       3        3   1.60
1850-1854    110+       0.70413  1.00000  1.42       0       0       0        0   1.42
1855-1859        0      0.17006  0.15287  0.34  100000   15287   89893  4129775  41.30
1855-1859      1-4      0.03676  0.13436  1.43   84713   11382  309594  4039882  47.69
1855-1859      5-9      0.00877  0.04271  2.00   73331    3132  357245  3730288  50.87
1855-1859     10-14     0.00492  0.02430  2.54   70199    1706  346797  3373042  48.05
1855-1859     15-19     0.00677  0.03333  2.63   68493    2283  337057  3026245  44.18
1855-1859     20-24     0.00888  0.04343  2.54   66210    2875  323976  2689188  40.62
1855-1859     25-29     0.00918  0.04488  2.49   63335    2843  309531  2365212  37.34
1855-1859     30-34     0.00987  0.04816  2.53   60492    2913  295252  2055681  33.98
1855-1859     35-39     0.01115  0.05428  2.53   57579    3125  280181  1760429  30.57
1855-1859     40-44     0.01311  0.06349  2.53   54454    3457  263740  1480248  27.18
1855-1859     45-49     0.01468  0.07081  2.53   50997    3611  246057  1216508  23.85
1855-1859     50-54     0.01868  0.08933  2.57   47386    4233  226655   970452  20.48
1855-1859     55-59     0.02341  0.11071  2.56   43153    4777  204088   743797  17.24
1855-1859     60-64     0.03506  0.16175  2.61   38375    6207  177024   539709  14.06
1855-1859     65-69     0.04962  0.22106  2.54   32168    7111  143315   362684  11.27
1855-1859     70-74     0.07663  0.32219  2.53   25057    8073  105352   219369   8.75
1855-1859     75-79     0.11498  0.44381  2.43   16984    7538   65556   114017   6.71
1855-1859     80-84     0.16599  0.57663  2.35    9446    5447   32815    48461   5.13
1855-1859     85-89     0.23211  0.70023  2.17    3999    2800   12065    15646   3.91
1855-1859     90-94     0.31830  0.81148  1.98    1199     973    3056     3581   2.99
1855-1859     95-99     0.42122  0.89270  1.77     226     202     479      524   2.32
1855-1859    100-104    0.52844  0.94064  1.58      24      23      43       45   1.87
1855-1859    105-109    0.63323  0.96685  1.41       1       1       2        2   1.57
1855-1859    110+       0.71403  1.00000  1.40       0       0       0        0   1.40
1860-1864        0      0.16377  0.14777  0.34  100000   14777   90229  4152874  41.53
1860-1864      1-4      0.03722  0.13575  1.40   85223   11569  310832  4062645  47.67
1860-1864      5-9      0.00833  0.04061  1.97   73654    2991  359200  3751813  50.94
1860-1864     10-14     0.00464  0.02292  2.56   70663    1620  349366  3392613  48.01
1860-1864     15-19     0.00663  0.03262  2.63   69043    2252  339875  3043247  44.08
1860-1864     20-24     0.00834  0.04085  2.54   66790    2728  327237  2703373  40.48
1860-1864     25-29     0.00912  0.04459  2.51   64062    2857  313204  2376136  37.09
1860-1864     30-34     0.01005  0.04906  2.53   61205    3003  298617  2062932  33.71
1860-1864     35-39     0.01175  0.05710  2.53   58203    3323  282818  1764314  30.31
1860-1864     40-44     0.01303  0.06309  2.51   54880    3463  265781  1481496  27.00
1860-1864     45-49     0.01516  0.07308  2.55   51417    3757  247878  1215715  23.64
1860-1864     50-54     0.01861  0.08900  2.56   47660    4242  227966   967836  20.31
1860-1864     55-59     0.02590  0.12189  2.59   43418    5292  204316   739870  17.04
1860-1864     60-64     0.03445  0.15889  2.56   38126    6058  175823   535554  14.05
1860-1864     65-69     0.05224  0.23184  2.58   32068    7435  142312   359731  11.22
1860-1864     70-74     0.07522  0.31641  2.49   24633    7794  103621   217419   8.83
1860-1864     75-79     0.11489  0.44463  2.46   16839    7487   65165   113797   6.76
1860-1864     80-84     0.16381  0.57186  2.36    9352    5348   32648    48633   5.20
1860-1864     85-89     0.22650  0.69093  2.18    4004    2766   12214    15985   3.99
1860-1864     90-94     0.31114  0.80412  2.00    1237     995    3198     3771   3.05
1860-1864     95-99     0.41292  0.88764  1.79     242     215     521      573   2.36
1860-1864    100-104    0.51972  0.93771  1.59      27      26      49       52   1.90
1860-1864    105-109    0.62540  0.96540  1.42       2       2       3        3   1.59
1860-1864    110+       0.70757  1.00000  1.41       0       0       0        0   1.41
1865-1869        0      0.17424  0.15624  0.34  100000   15624   89671  4139916  41.40
1865-1869      1-4      0.03461  0.12684  1.36   84376   10702  309229  4050245  48.00
1865-1869      5-9      0.00754  0.03688  2.03   73674    2717  360301  3741016  50.78
1865-1869     10-14     0.00434  0.02147  2.54   70957    1523  351041  3380715  47.64
1865-1869     15-19     0.00627  0.03090  2.65   69434    2146  342132  3029674  43.63
1865-1869     20-24     0.00846  0.04146  2.55   67288    2790  329609  2687542  39.94
1865-1869     25-29     0.00934  0.04566  2.52   64499    2945  315194  2357933  36.56
1865-1869     30-34     0.01071  0.05217  2.54   61553    3211  299856  2042738  33.19
1865-1869     35-39     0.01213  0.05889  2.53   58342    3436  283211  1742882  29.87
1865-1869     40-44     0.01404  0.06784  2.53   54907    3725  265326  1459671  26.58
1865-1869     45-49     0.01573  0.07573  2.53   51182    3876  246324  1194346  23.34
1865-1869     50-54     0.02016  0.09610  2.57   47306    4546  225501   948022  20.04
1865-1869     55-59     0.02561  0.12050  2.55   42760    5153  201186   722521  16.90
1865-1869     60-64     0.03679  0.16891  2.58   37607    6352  172688   521335  13.86
1865-1869     65-69     0.05105  0.22667  2.53   31255    7085  138775   348647  11.15
1865-1869     70-74     0.07813  0.32732  2.52   24170    7911  101262   209872   8.68
1865-1869     75-79     0.11590  0.44630  2.43   16259    7256   62611   108611   6.68
1865-1869     80-84     0.16844  0.58213  2.35    9003    5241   31113    46000   5.11
1865-1869     85-89     0.22988  0.69589  2.17    3762    2618   11388    14887   3.96
1865-1869     90-94     0.31027  0.80242  1.99    1144     918    2959     3500   3.06
1865-1869     95-99     0.40779  0.88389  1.80     226     200     490      541   2.39
1865-1869    100-104    0.50900  0.93348  1.61      26      24      48       51   1.94
1865-1869    105-109    0.60962  0.96194  1.44       2       2       3        3   1.63
1865-1869    110+       0.68839  1.00000  1.45       0       0       0        0   1.45
1870-1874        0      0.16979  0.15265  0.34  100000   15265   89908  4214598  42.15
1870-1874      1-4      0.03211  0.11846  1.38   84735   10038  312634  4124690  48.68
1870-1874      5-9      0.00741  0.03623  2.01   74697    2706  365387  3812056  51.03
1870-1874     10-14     0.00408  0.02022  2.55   71991    1456  356381  3446669  47.88
1870-1874     15-19     0.00595  0.02932  2.65   70535    2068  347813  3090288  43.81
1870-1874     20-24     0.00791  0.03880  2.57   68467    2657  335870  2742475  40.06
1870-1874     25-29     0.00914  0.04468  2.52   65810    2940  321772  2406605  36.57
1870-1874     30-34     0.01031  0.05026  2.54   62870    3160  306584  2084833  33.16
1870-1874     35-39     0.01221  0.05928  2.54   59710    3540  289839  1778249  29.78
1870-1874     40-44     0.01387  0.06706  2.52   56170    3767  271509  1488410  26.50
1870-1874     45-49     0.01630  0.07838  2.54   52403    4107  251917  1216901  23.22
1870-1874     50-54     0.01946  0.09286  2.55   48296    4485  230475   964984  19.98
1870-1874     55-59     0.02645  0.12431  2.59   43811    5446  205929   734509  16.77
1870-1874     60-64     0.03622  0.16644  2.56   38365    6385  176269   528580  13.78
1870-1874     65-69     0.05449  0.24046  2.56   31980    7690  141112   352310  11.02
1870-1874     70-74     0.07757  0.32453  2.48   24290    7883  101621   211199   8.69
1870-1874     75-79     0.11632  0.44849  2.45   16407    7358   63261   109578   6.68
1870-1874     80-84     0.16860  0.58228  2.34    9049    5269   31251    46316   5.12
1870-1874     85-89     0.22856  0.69343  2.16    3780    2621   11468    15065   3.99
1870-1874     90-94     0.30582  0.79701  2.00    1159     924    3020     3597   3.10
1870-1874     95-99     0.39722  0.87656  1.81     235     206     519      577   2.45
1870-1874    100-104    0.49403  0.92742  1.63      29      27      55       58   2.00
1870-1874    105-109    0.59121  0.95761  1.47       2       2       3        4   1.68
1870-1874    110+       0.66794  1.00000  1.50       0       0       0        0   1.50
1875-1879        0      0.16118  0.14566  0.34  100000   14566   90369  4342563  43.43
1875-1879      1-4      0.03004  0.11126  1.33   85434    9505  316377  4252194  49.77
1875-1879      5-9      0.00624  0.03064  2.02   75929    2326  372700  3935817  51.84
1875-1879     10-14     0.00359  0.01781  2.54   73602    1311  364790  3563117  48.41
1875-1879     15-19     0.00508  0.02508  2.65   72291    1813  357198  3198327  44.24
1875-1879     20-24     0.00688  0.03383  2.57   70479    2384  346591  2841128  40.31
1875-1879     25-29     0.00806  0.03952  2.55   68094    2691  333882  2494537  36.63
1875-1879     30-34     0.00963  0.04706  2.55   65403    3078  319480  2160655  33.04
1875-1879     35-39     0.01157  0.05624  2.56   62325    3505  303060  1841175  29.54
1875-1879     40-44     0.01417  0.06847  2.54   58820    4027  284198  1538114  26.15
1875-1879     45-49     0.01609  0.07739  2.53   54793    4240  263482  1253916  22.88
1875-1879     50-54     0.02060  0.09812  2.58   50553    4960  240737   990434  19.59
1875-1879     55-59     0.02645  0.12419  2.55   45593    5662  214106   749697  16.44
1875-1879     60-64     0.03866  0.17684  2.59   39930    7061  182630   535591  13.41
1875-1879     65-69     0.05517  0.24276  2.53   32869    7979  144623   352961  10.74
1875-1879     70-74     0.08189  0.33985  2.50   24890    8459  103292   208337   8.37
1875-1879     75-79     0.12014  0.45848  2.42   16431    7533   62705   105046   6.39
1875-1879     80-84     0.18263  0.61366  2.33    8898    5460   29898    42340   4.76
1875-1879     85-89     0.25409  0.73395  2.12    3438    2523    9929    12443   3.62
1875-1879     90-94     0.34913  0.84155  1.92     915     770    2204     2513   2.75
1875-1879     95-99     0.46088  0.91421  1.70     145     132     287      309   2.13
1875-1879    100-104    0.57348  0.95408  1.50      12      12      21       22   1.73
1875-1879    105-109    0.67963  0.97461  1.34       1       1       1        1   1.47
1875-1879    110+       0.75918  1.00000  1.32       0       0       0        0   1.32
1880-1884        0      0.15469  0.14034  0.34  100000   14034   90721  4485690  44.86
1880-1884      1-4      0.02839  0.10555  1.33   85966    9073  319653  4394968  51.12
1880-1884      5-9      0.00602  0.02956  1.99   76892    2273  377623  4075315  53.00
1880-1884     10-14     0.00326  0.01618  2.55   74619    1207  370143  3697693  49.55
1880-1884     15-19     0.00473  0.02338  2.63   73412    1717  362996  3327549  45.33
1880-1884     20-24     0.00603  0.02973  2.57   71696    2131  353301  2964554  41.35
1880-1884     25-29     0.00724  0.03555  2.55   69564    2473  341771  2611253  37.54
1880-1884     30-34     0.00887  0.04342  2.58   67091    2913  328406  2269482  33.83
1880-1884     35-39     0.01106  0.05385  2.55   64178    3456  312407  1941076  30.25
1880-1884     40-44     0.01275  0.06183  2.54   60722    3754  294361  1628669  26.82
1880-1884     45-49     0.01546  0.07448  2.56   56967    4243  274469  1334308  23.42
1880-1884     50-54     0.01928  0.09208  2.56   52724    4855  251798  1059839  20.10
1880-1884     55-59     0.02669  0.12535  2.58   47869    6000  224830   808041  16.88
1880-1884     60-64     0.03538  0.16280  2.55   41869    6816  192631   583211  13.93
1880-1884     65-69     0.05235  0.23222  2.57   35053    8140  155486   390580  11.14
1880-1884     70-74     0.07657  0.32127  2.50   26913    8646  112915   235094   8.74
1880-1884     75-79     0.11417  0.44191  2.44   18267    8072   70700   122179   6.69
1880-1884     80-84     0.17242  0.59154  2.35   10194    6030   34975    51479   5.05
1880-1884     85-89     0.23032  0.69614  2.16    4164    2899   12586    16504   3.96
1880-1884     90-94     0.30641  0.79740  1.99    1265    1009    3293     3918   3.10
1880-1884     95-99     0.39948  0.87802  1.81     256     225     563      626   2.44
1880-1884    100-104    0.49605  0.92822  1.63      31      29      59       62   1.99
1880-1884    105-109    0.59318  0.95809  1.47       2       2       4        4   1.68
1880-1884    110+       0.67000  1.00000  1.49       0       0       0        0   1.49
1885-1889        0      0.15630  0.14166  0.34  100000   14166   90634  4591636  45.92
1885-1889      1-4      0.02591  0.09680  1.27   85834    8309  320677  4501002  52.44
1885-1889      5-9      0.00484  0.02385  2.04   77526    1849  382154  4180325  53.92
1885-1889     10-14     0.00287  0.01423  2.56   75677    1077  375752  3798172  50.19
1885-1889     15-19     0.00419  0.02076  2.65   74600    1549  369361  3422420  45.88
1885-1889     20-24     0.00548  0.02704  2.55   73051    1975  360425  3053059  41.79
1885-1889     25-29     0.00649  0.03195  2.57   71076    2271  349864  2692634  37.88
1885-1889     30-34     0.00800  0.03926  2.57   68805    2701  337451  2342770  34.05
1885-1889     35-39     0.01004  0.04903  2.58   66104    3241  322664  2005319  30.34
1885-1889     40-44     0.01240  0.06018  2.54   62863    3783  305016  1682654  26.77
1885-1889     45-49     0.01468  0.07084  2.56   59080    4185  285180  1377638  23.32
1885-1889     50-54     0.01970  0.09404  2.59   54895    5162  262015  1092458  19.90
1885-1889     55-59     0.02571  0.12096  2.56   49732    6016  233979   830442  16.70
1885-1889     60-64     0.03727  0.17100  2.59   43716    7475  200567   596463  13.64
1885-1889     65-69     0.05335  0.23570  2.53   36241    8542  160105   395896  10.92
1885-1889     70-74     0.08006  0.33370  2.51   27699    9243  115451   235792   8.51
1885-1889     75-79     0.11747  0.45078  2.42   18456    8319   70823   120340   6.52
1885-1889     80-84     0.17700  0.60180  2.34   10136    6100   34464    49518   4.89
1885-1889     85-89     0.24575  0.72135  2.14    4036    2912   11848    15054   3.73
1885-1889     90-94     0.33510  0.82808  1.95    1125     931    2779     3206   2.85
1885-1889     95-99     0.44414  0.90564  1.73     193     175     394      427   2.21
1885-1889    100-104    0.55412  0.94869  1.53      18      17      31       33   1.79
1885-1889    105-109    0.65963  0.97151  1.37       1       1       1        1   1.51
1885-1889    110+       0.73986  1.00000  1.35       0       0       0        0   1.35
1890-1894        0      0.16299  0.14713  0.34  100000   14713   90272  4544815  45.45
1890-1894      1-4      0.02556  0.09558  1.28   85287    8152  319001  4454543  52.23
1890-1894      5-9      0.00482  0.02376  2.00   77135    1833  380179  4135541  53.61
1890-1894     10-14     0.00270  0.01342  2.57   75302    1010  374059  3755362  49.87
1890-1894     15-19     0.00407  0.02013  2.64   74292    1496  367924  3381303  45.51
1890-1894     20-24     0.00513  0.02533  2.57   72796    1844  359506  3013379  41.39
1890-1894     25-29     0.00632  0.03113  2.56   70952    2209  349372  2653873  37.40
1890-1894     30-34     0.00789  0.03871  2.60   68743    2661  337318  2304501  33.52
1890-1894     35-39     0.01024  0.04997  2.57   66082    3302  322382  1967183  29.77
1890-1894     40-44     0.01277  0.06195  2.57   62780    3889  304442  1644801  26.20
1890-1894     45-49     0.01605  0.07721  2.55   58890    4547  283321  1340358  22.76
1890-1894     50-54     0.01998  0.09526  2.57   54344    5177  259154  1057037  19.45
1890-1894     55-59     0.02804  0.13133  2.59   49167    6457  230264   797883  16.23
1890-1894     60-64     0.03907  0.17833  2.56   42710    7617  194967   567620  13.29
1890-1894     65-69     0.05844  0.25553  2.54   35093    8967  153447   372653  10.62
1890-1894     70-74     0.08217  0.33995  2.46   26126    8881  108089   219206   8.39
1890-1894     75-79     0.11859  0.45478  2.44   17245    7842   66133   111117   6.44
1890-1894     80-84     0.18115  0.61111  2.34    9402    5746   31717    44985   4.78
1890-1894     85-89     0.25277  0.73239  2.13    3656    2678   10594    13267   3.63
1890-1894     90-94     0.35133  0.84431  1.92     978     826    2351     2673   2.73
1890-1894     95-99     0.46586  0.91677  1.69     152     140     300      321   2.11
1890-1894    100-104    0.58097  0.95609  1.49      13      12      21       22   1.71
1890-1894    105-109    0.68862  0.97593  1.33       1       1       1        1   1.45
1890-1894    110+       0.76864  1.00000  1.30       0       0       0        0   1.30
1895-1899        0      0.17487  0.15675  0.34  100000   15675   89637  4661459  46.61
1895-1899      1-4      0.02364  0.08878  1.25   84325    7487  316730  4571821  54.22
1895-1899      5-9      0.00417  0.02058  2.01   76838    1582  379467  4255091  55.38
1895-1899     10-14     0.00238  0.01182  2.56   75257     889  374114  3875624  51.50
1895-1899     15-19     0.00345  0.01710  2.64   74367    1271  368841  3501510  47.08
1895-1899     20-24     0.00452  0.02233  2.56   73096    1632  361505  3132669  42.86
1895-1899     25-29     0.00541  0.02672  2.58   71464    1910  352700  2771164  38.78
1895-1899     30-34     0.00685  0.03369  2.58   69554    2343  342089  2418464  34.77
1895-1899     35-39     0.00887  0.04344  2.60   67211    2920  329047  2076375  30.89
1895-1899     40-44     0.01142  0.05557  2.56   64291    3573  312746  1747329  27.18
1895-1899     45-49     0.01419  0.06858  2.57   60718    4164  293490  1434582  23.63
1895-1899     50-54     0.01888  0.09026  2.57   56554    5105  270387  1141093  20.18
1895-1899     55-59     0.02484  0.11714  2.58   51449    6027  242653   870705  16.92
1895-1899     60-64     0.03683  0.16918  2.59   45423    7685  208627   628053  13.83
1895-1899     65-69     0.05300  0.23431  2.53   37738    8842  166842   419426  11.11
1895-1899     70-74     0.07682  0.32223  2.50   28896    9311  121213   252584   8.74
1895-1899     75-79     0.11067  0.43068  2.43   19585    8435   76212   131371   6.71
1895-1899     80-84     0.17520  0.59886  2.36   11150    6677   38111    55159   4.95
1895-1899     85-89     0.23916  0.71137  2.15    4473    3182   13303    17047   3.81
1895-1899     90-94     0.32860  0.82223  1.96    1291    1061    3230     3744   2.90
1895-1899     95-99     0.43774  0.90222  1.74     229     207     473      514   2.24
1895-1899    100-104    0.54750  0.94677  1.55      22      21      39       41   1.81
1895-1899    105-109    0.65362  0.97054  1.38       1       1       2        2   1.52
1895-1899    110+       0.73475  1.00000  1.36       0       0       0        0   1.36
1900-1904        0      0.15682  0.14209  0.34  100000   14209   90606  4850087  48.50
1900-1904      1-4      0.02064  0.07819  1.28   85791    6708  324925  4759481  55.48
1900-1904      5-9      0.00394  0.01946  2.01   79083    1539  390812  4434556  56.07
1900-1904     10-14     0.00225  0.01121  2.56   77544     869  385604  4043744  52.15
1900-1904     15-19     0.00322  0.01596  2.64   76675    1224  380481  3658140  47.71
1900-1904     20-24     0.00413  0.02045  2.57   75451    1543  373511  3277659  43.44
1900-1904     25-29     0.00499  0.02466  2.56   73908    1822  365097  2904148  39.29
1900-1904     30-34     0.00631  0.03107  2.61   72086    2240  355067  2539051  35.22
1900-1904     35-39     0.00834  0.04089  2.57   69846    2856  342290  2183984  31.27
1900-1904     40-44     0.01053  0.05133  2.59   66990    3438  326665  1841695  27.49
1900-1904     45-49     0.01376  0.06657  2.57   63551    4231  307467  1515029  23.84
1900-1904     50-54     0.01810  0.08671  2.60   59321    5144  284263  1207563  20.36
1900-1904     55-59     0.02558  0.12043  2.57   54177    6525  255053   923300  17.04
1900-1904     60-64     0.03464  0.15978  2.58   47652    7614  219806   668247  14.02
1900-1904     65-69     0.05218  0.23146  2.56   40038    9267  177612   448440  11.20
1900-1904     70-74     0.07609  0.31943  2.49   30771    9829  129174   270828   8.80
1900-1904     75-79     0.11136  0.43346  2.44   20942    9078   81516   141654   6.76
1900-1904     80-84     0.17205  0.59064  2.35   11864    7008   40729    60138   5.07
1900-1904     85-89     0.22912  0.69373  2.16    4857    3369   14705    19408   4.00
1900-1904     90-94     0.29908  0.78791  2.00    1488    1172    3919     4703   3.16
1900-1904     95-99     0.39196  0.87266  1.82     315     275     702      784   2.49
1900-1904    100-104    0.48596  0.92394  1.65      40      37      76       82   2.03
1900-1904    105-109    0.58146  0.95517  1.49       3       3       5        5   1.71
1900-1904    110+       0.65757  1.00000  1.52       0       0       0        0   1.52
1905-1909        0      0.13158  0.12105  0.34  100000   12105   91996  5139358  51.39
1905-1909      1-4      0.01728  0.06601  1.28   87895    5802  335821  5047362  57.42
1905-1909      5-9      0.00349  0.01728  2.07   82093    1419  406304  4711541  57.39
1905-1909     10-14     0.00209  0.01040  2.55   80674     839  401309  4305237  53.37
1905-1909     15-19     0.00295  0.01467  2.63   79834    1171  396397  3903928  48.90
1905-1909     20-24     0.00370  0.01834  2.56   78663    1443  389792  3507531  44.59
1905-1909     25-29     0.00440  0.02179  2.58   77220    1683  382024  3117739  40.37
1905-1909     30-34     0.00547  0.02699  2.57   75538    2038  372738  2735715  36.22
1905-1909     35-39     0.00707  0.03475  2.61   73499    2554  361397  2362977  32.15
1905-1909     40-44     0.00931  0.04553  2.57   70945    3230  346865  2001580  28.21
1905-1909     45-49     0.01209  0.05876  2.61   67715    3979  329077  1654715  24.44
1905-1909     50-54     0.01674  0.08044  2.58   63736    5127  306294  1325639  20.80
1905-1909     55-59     0.02329  0.11030  2.61   58610    6464  277585  1019345  17.39
1905-1909     60-64     0.03395  0.15679  2.57   52145    8176  240831   741760  14.22
1905-1909     65-69     0.04884  0.21826  2.57   43969    9597  196492   500929  11.39
1905-1909     70-74     0.07446  0.31432  2.52   34373   10804  145094   304437   8.86
1905-1909     75-79     0.11154  0.43348  2.43   23569   10217   91599   159343   6.76
1905-1909     80-84     0.16879  0.58287  2.35   13352    7783   46108    67743   5.07
1905-1909     85-89     0.23190  0.70032  2.17    5569    3900   16820    21635   3.88
1905-1909     90-94     0.33134  0.82640  1.97    1669    1379    4163     4816   2.89
1905-1909     95-99     0.43463  0.90071  1.75     290     261     600      653   2.25
1905-1909    100-104    0.54622  0.94650  1.55      29      27      50       52   1.81
1905-1909    105-109    0.65403  0.97067  1.38       2       1       2        2   1.52
1905-1909    110+       0.73625  1.00000  1.36       0       0       0        0   1.36
1910-1914        0      0.11704  0.10860  0.34  100000   10860   92785  5312596  53.13
1910-1914      1-4      0.01547  0.05938  1.27   89140    5294  342123  5219810  58.56
1910-1914      5-9      0.00323  0.01598  2.05   83847    1340  415279  4877687  58.17
1910-1914     10-14     0.00199  0.00992  2.54   82507     819  410521  4462408  54.09
1910-1914     15-19     0.00326  0.01619  2.76   81688    1322  405479  4051887  49.60
1910-1914     20-24     0.00417  0.02063  2.51   80365    1658  397694  3646408  45.37
1910-1914     25-29     0.00442  0.02186  2.54   78707    1720  389301  3248713  41.28
1910-1914     30-34     0.00513  0.02535  2.58   76987    1951  380209  2859413  37.14
1910-1914     35-39     0.00650  0.03202  2.59   75035    2403  369386  2479204  33.04
1910-1914     40-44     0.00817  0.04008  2.58   72633    2911  356134  2109818  29.05
1910-1914     45-49     0.01106  0.05387  2.60   69722    3756  339605  1753684  25.15
1910-1914     50-54     0.01532  0.07393  2.63   65966    4877  318285  1414079  21.44
1910-1914     55-59     0.02139  0.10177  2.61   61089    6217  290599  1095794  17.94
1910-1914     60-64     0.03162  0.14699  2.61   54872    8066  255090   805195  14.67
1910-1914     65-69     0.04490  0.20227  2.55   46806    9467  210879   550105  11.75
1910-1914     70-74     0.07296  0.30989  2.57   37339   11571  158601   339227   9.09
1910-1914     75-79     0.10670  0.41821  2.42   25768   10776  100999   180626   7.01
1910-1914     80-84     0.15614  0.55358  2.37   14992    8299   53152    79627   5.31
1910-1914     85-89     0.23055  0.69783  2.17    6693    4670   20257    26475   3.96
1910-1914     90-94     0.30596  0.79949  2.01    2022    1617    5284     6218   3.07
1910-1914     95-99     0.42435  0.89518  1.77     405     363     855      934   2.30
1910-1914    100-104    0.53834  0.94427  1.56      43      40      75       78   1.84
1910-1914    105-109    0.64904  0.96993  1.39       2       2       4        4   1.54
1910-1914    110+       0.73351  1.00000  1.36       0       0       0        0   1.36
1915-1919        0      0.10022  0.09379  0.32  100000    9379   93583  4714332  47.14
1915-1919      1-4      0.01615  0.06195  1.36   90621    5614  347688  4620749  50.99
1915-1919      5-9      0.00394  0.01946  2.09   85007    1654  420214  4273061  50.27
1915-1919     10-14     0.00256  0.01271  2.58   83353    1060  414196  3852848  46.22
1915-1919     15-19     0.00966  0.04749  3.27   82293    3908  404709  3438652  41.79
1915-1919     20-24     0.01868  0.08918  2.46   78385    6991  374141  3033944  38.71
1915-1919     25-29     0.01628  0.07807  2.38   71394    5574  342361  2659803  37.26
1915-1919     30-34     0.01198  0.05805  2.35   65820    3821  318964  2317442  35.21
1915-1919     35-39     0.00987  0.04814  2.46   61999    2985  302427  1998478  32.23
1915-1919     40-44     0.00950  0.04637  2.48   59015    2737  288188  1696051  28.74
1915-1919     45-49     0.01116  0.05432  2.60   56278    3057  274061  1407863  25.02
1915-1919     50-54     0.01518  0.07323  2.60   53221    3897  256739  1133802  21.30
1915-1919     55-59     0.02094  0.09980  2.65   49324    4922  235042   877063  17.78
1915-1919     60-64     0.03108  0.14464  2.61   44402    6422  206662   642021  14.46
1915-1919     65-69     0.04645  0.20892  2.59   37980    7935  170807   435359  11.46
1915-1919     70-74     0.07376  0.31270  2.57   30045    9395  127368   264552   8.81
1915-1919     75-79     0.11559  0.44464  2.41   20650    9182   79430   137184   6.64
1915-1919     80-84     0.16531  0.57559  2.36   11468    6601   39930    57754   5.04
1915-1919     85-89     0.25205  0.73181  2.14    4867    3562   14132    17824   3.66
1915-1919     90-94     0.33510  0.82763  1.94    1305    1080    3224     3692   2.83
1915-1919     95-99     0.47280  0.92076  1.68     225     207     438      468   2.08
1915-1919    100-104    0.59756  0.96047  1.47      18      17      29       30   1.66
1915-1919    105-109    0.71194  0.97913  1.30       1       1       1        1   1.40
1915-1919    110+       0.79468  1.00000  1.26       0       0       0        0   1.26
1920-1924        0      0.08248  0.07784  0.28  100000    7784   94375  5812357  58.12
1920-1924      1-4      0.01048  0.04076  1.31   92216    3758  358768  5717982  62.01
1920-1924      5-9      0.00268  0.01332  2.12   88458    1178  438894  5359215  60.59
1920-1924     10-14     0.00177  0.00883  2.56   87280     771  434516  4920321  56.37
1920-1924     15-19     0.00267  0.01325  2.65   86509    1146  429853  4485805  51.85
1920-1924     20-24     0.00338  0.01676  2.55   85362    1431  423309  4055952  47.51
1920-1924     25-29     0.00372  0.01841  2.54   83931    1546  415855  3632643  43.28
1920-1924     30-34     0.00421  0.02084  2.57   82386    1717  407753  3216788  39.05
1920-1924     35-39     0.00524  0.02587  2.59   80669    2087  398308  2809035  34.82
1920-1924     40-44     0.00647  0.03186  2.58   78582    2504  386860  2410727  30.68
1920-1924     45-49     0.00865  0.04235  2.61   76079    3222  372689  2023867  26.60
1920-1924     50-54     0.01210  0.05884  2.66   72857    4287  354231  1651178  22.66
1920-1924     55-59     0.01753  0.08418  2.64   68569    5772  329247  1296947  18.91
1920-1924     60-64     0.02669  0.12559  2.65   62797    7887  295482   967700  15.41
1920-1924     65-69     0.04114  0.18719  2.60   54911   10279  249878   672218  12.24
1920-1924     70-74     0.06507  0.28113  2.58   44632   12547  192819   422339   9.46
1920-1924     75-79     0.10260  0.40697  2.46   32084   13057  127270   229520   7.15
1920-1924     80-84     0.15275  0.54633  2.39   19027   10395   68052   102250   5.37
1920-1924     85-89     0.22945  0.69647  2.18    8632    6012   26201    34198   3.96
1920-1924     90-94     0.30771  0.80199  2.02    2620    2101    6828     7997   3.05
1920-1924     95-99     0.43411  0.90126  1.76     519     468    1077     1169   2.25
1920-1924    100-104    0.55428  0.94937  1.54      51      49      88       92   1.79
1920-1924    105-109    0.66933  0.97336  1.36       3       3       4        4   1.49
1920-1924    110+       0.75566  1.00000  1.32       0       0       0        0   1.32
1925-1929        0      0.07343  0.06961  0.25  100000    6961   94794  5930019  59.30
1925-1929      1-4      0.00935  0.03648  1.30   93039    3394  362998  5835225  62.72
1925-1929      5-9      0.00238  0.01182  2.12   89645    1060  445174  5472227  61.04
1925-1929     10-14     0.00159  0.00794  2.59   88585     703  441233  5027053  56.75
1925-1929     15-19     0.00252  0.01253  2.66   87882    1101  436839  4585819  52.18
1925-1929     20-24     0.00312  0.01548  2.52   86781    1343  430575  4148980  47.81
1925-1929     25-29     0.00337  0.01669  2.53   85438    1426  423665  3718405  43.52
1925-1929     30-34     0.00373  0.01848  2.56   84012    1552  416277  3294740  39.22
1925-1929     35-39     0.00473  0.02337  2.62   82460    1927  407712  2878464  34.91
1925-1929     40-44     0.00623  0.03068  2.59   80533    2471  396712  2470751  30.68
1925-1929     45-49     0.00844  0.04140  2.64   78062    3232  382683  2074040  26.57
1925-1929     50-54     0.01190  0.05786  2.63   74830    4330  363900  1691357  22.60
1925-1929     55-59     0.01711  0.08224  2.66   70501    5798  338918  1327457  18.83
1925-1929     60-64     0.02608  0.12290  2.65   64703    7952  304856   988539  15.28
1925-1929     65-69     0.04160  0.18911  2.60   56751   10732  257970   683683  12.05
1925-1929     70-74     0.06643  0.28626  2.59   46019   13173  198297   425713   9.25
1925-1929     75-79     0.10774  0.42261  2.45   32846   13881  128831   227416   6.92
1925-1929     80-84     0.15844  0.55980  2.38   18965   10617   67005    98585   5.20
1925-1929     85-89     0.24216  0.71680  2.15    8348    5984   24711    31580   3.78
1925-1929     90-94     0.32521  0.82042  1.98    2364    1940    5964     6868   2.91
1925-1929     95-99     0.46099  0.91538  1.71     425     389     843      904   2.13
1925-1929    100-104    0.58603  0.95784  1.49      36      34      59       61   1.69
1925-1929    105-109    0.70188  0.97792  1.31       2       1       2        2   1.42
1925-1929    110+       0.78632  1.00000  1.27       0       0       0        0   1.27
1930-1934        0      0.06487  0.06178  0.23  100000    6178   95234  6107101  61.07
1930-1934      1-4      0.00697  0.02738  1.40   93822    2569  368616  6011867  64.08
1930-1934      5-9      0.00225  0.01118  2.10   91254    1020  453314  5643251  61.84
1930-1934     10-14     0.00146  0.00727  2.57   90234     656  449572  5189937  57.52
1930-1934     15-19     0.00239  0.01187  2.69   89578    1064  445433  4740365  52.92
1930-1934     20-24     0.00301  0.01494  2.52   88514    1322  439290  4294933  48.52
1930-1934     25-29     0.00313  0.01552  2.53   87192    1353  432623  3855643  44.22
1930-1934     30-34     0.00344  0.01704  2.57   85839    1463  425637  3423020  39.88
1930-1934     35-39     0.00429  0.02125  2.60   84376    1793  417572  2997383  35.52
1930-1934     40-44     0.00557  0.02747  2.60   82583    2269  407472  2579811  31.24
1930-1934     45-49     0.00792  0.03889  2.64   80315    3124  394186  2172339  27.05
1930-1934     50-54     0.01124  0.05476  2.65   77191    4227  376006  1778153  23.04
1930-1934     55-59     0.01637  0.07880  2.66   72964    5750  351337  1402147  19.22
1930-1934     60-64     0.02491  0.11769  2.66   67214    7910  317565  1050809  15.63
1930-1934     65-69     0.03928  0.17948  2.60   59304   10644  271008   733244  12.36
1930-1934     70-74     0.06378  0.27644  2.59   48660   13451  210888   462235   9.50
1930-1934     75-79     0.10229  0.40670  2.48   35208   14319  139988   251347   7.14
1930-1934     80-84     0.15334  0.54750  2.39   20889   11437   74586   111359   5.33
1930-1934     85-89     0.23362  0.70246  2.16    9452    6640   28421    36773   3.89
1930-1934     90-94     0.31775  0.81226  1.99    2812    2284    7189     8352   2.97
1930-1934     95-99     0.44475  0.90729  1.74     528     479    1077     1162   2.20
1930-1934    100-104    0.56897  0.95359  1.51      49      47      82       85   1.74
1930-1934    105-109    0.68629  0.97590  1.33       2       2       3        3   1.45
1930-1934    110+       0.77304  1.00000  1.29       0       0       0        0   1.29
1935-1939        0      0.05798  0.05544  0.21  100000    5544   95616  6297379  62.97
1935-1939      1-4      0.00475  0.01879  1.47   94456    1775  373333  6201763  65.66
1935-1939      5-9      0.00186  0.00926  2.13   92681     858  460940  5828430  62.89
1935-1939     10-14     0.00118  0.00589  2.58   91823     541  457804  5367490  58.45
1935-1939     15-19     0.00194  0.00965  2.67   91282     881  454354  4909685  53.79
1935-1939     20-24     0.00262  0.01299  2.55   90401    1175  449127  4455332  49.28
1935-1939     25-29     0.00269  0.01337  2.51   89227    1193  443168  4006204  44.90
1935-1939     30-34     0.00291  0.01443  2.55   88033    1271  437058  3563037  40.47
1935-1939     35-39     0.00371  0.01838  2.60   86763    1595  429990  3125979  36.03
1935-1939     40-44     0.00490  0.02421  2.61   85168    2062  420914  2695989  31.65
1935-1939     45-49     0.00714  0.03511  2.67   83106    2918  408737  2275075  27.38
1935-1939     50-54     0.01074  0.05235  2.64   80188    4198  391048  1866338  23.27
1935-1939     55-59     0.01576  0.07601  2.68   75990    5776  366522  1475290  19.41
1935-1939     60-64     0.02471  0.11681  2.66   70214    8202  331872  1108768  15.79
1935-1939     65-69     0.03808  0.17455  2.62   62012   10825  284283   776896  12.53
1935-1939     70-74     0.06176  0.26898  2.60   51188   13769  222935   492613   9.62
1935-1939     75-79     0.10051  0.40074  2.47   37419   14995  149188   269677   7.21
1935-1939     80-84     0.15160  0.54294  2.39   22424   12175   80308   120489   5.37
1935-1939     85-89     0.22988  0.69757  2.18   10249    7149   31100    40181   3.92
1935-1939     90-94     0.32326  0.82068  2.00    3100    2544    7869     9081   2.93
1935-1939     95-99     0.44914  0.90974  1.73     556     506    1126     1212   2.18
1935-1939    100-104    0.57561  0.95540  1.50      50      48      83       86   1.72
1935-1939    105-109    0.69407  0.97698  1.32       2       2       3        3   1.44
1935-1939    110+       0.78091  1.00000  1.28       0       0       0        0   1.28
1940-1944        0      0.05434  0.05208  0.20  100000    5208   95828  6216569  62.17
1940-1944      1-4      0.00391  0.01551  1.57   94792    1470  375593  6120741  64.57
1940-1944      5-9      0.00166  0.00825  2.16   93323     770  464428  5745148  61.56
1940-1944     10-14     0.00118  0.00589  2.61   92552     545  461458  5280720  57.06
1940-1944     15-19     0.00355  0.01761  3.01   92008    1620  456820  4819262  52.38
1940-1944     20-24     0.00579  0.02855  2.54   90388    2580  445585  4362442  48.26
1940-1944     25-29     0.00470  0.02319  2.36   87807    2037  433663  3916856  44.61
1940-1944     30-34     0.00408  0.02020  2.46   85771    1733  424450  3483193  40.61
1940-1944     35-39     0.00407  0.02013  2.54   84038    1691  416031  3058743  36.40
1940-1944     40-44     0.00494  0.02439  2.59   82347    2008  406900  2642712  32.09
1940-1944     45-49     0.00691  0.03399  2.65   80339    2731  395268  2235812  27.83
1940-1944     50-54     0.01029  0.05023  2.66   77608    3898  378923  1840544  23.72
1940-1944     55-59     0.01541  0.07437  2.66   73710    5482  355745  1461621  19.83
1940-1944     60-64     0.02349  0.11130  2.66   68228    7594  323348  1105876  16.21
1940-1944     65-69     0.03655  0.16806  2.61   60634   10190  278778   782528  12.91
1940-1944     70-74     0.05746  0.25249  2.60   50444   12736  221658   503750   9.99
1940-1944     75-79     0.09397  0.38072  2.51   37707   14356  152773   282093   7.48
1940-1944     80-84     0.14447  0.52580  2.41   23351   12278   84989   129319   5.54
1940-1944     85-89     0.22433  0.68920  2.20   11073    7632   34019    44330   4.00
1940-1944     90-94     0.31319  0.80958  2.02    3441    2786    8896    10311   3.00
1940-1944     95-99     0.45380  0.91254  1.72     655     598    1318     1415   2.16
1940-1944    100-104    0.58551  0.95808  1.49      57      55      94       97   1.70
1940-1944    105-109    0.70731  0.97876  1.31       2       2       3        3   1.41
1940-1944    110+       0.79508  1.00000  1.26       0       0       0        0   1.26
1945-1949        0      0.04053  0.03919  0.16  100000    3919   96710  6651735  66.52
1945-1949      1-4      0.00197  0.00784  1.56   96081     754  382480  6555025  68.22
1945-1949      5-9      0.00087  0.00434  2.23   95327     414  475490  6172545  64.75
1945-1949     10-14     0.00071  0.00353  2.63   94913     335  473773  5697054  60.02
1945-1949     15-19     0.00204  0.01017  3.04   94578     962  471004  5223281  55.23
1945-1949     20-24     0.00353  0.01750  2.47   93616    1639  463931  4752277  50.76
1945-1949     25-29     0.00292  0.01451  2.42   91978    1334  456445  4288347  46.62
1945-1949     30-34     0.00272  0.01348  2.46   90643    1222  450117  3831902  42.27
1945-1949     35-39     0.00281  0.01395  2.56   89421    1248  444063  3381785  37.82
1945-1949     40-44     0.00366  0.01814  2.65   88174    1599  437102  2937722  33.32
1945-1949     45-49     0.00569  0.02806  2.68   86574    2430  427232  2500620  28.88
1945-1949     50-54     0.00868  0.04254  2.66   84145    3580  412363  2073388  24.64
1945-1949     55-59     0.01345  0.06523  2.69   80565    5256  390692  1661025  20.62
1945-1949     60-64     0.02137  0.10176  2.67   75310    7663  358668  1270333  16.87
1945-1949     65-69     0.03292  0.15272  2.64   67646   10331  313854   911665  13.48
1945-1949     70-74     0.05352  0.23721  2.61   57315   13596  254033   597811  10.43
1945-1949     75-79     0.08670  0.35685  2.52   43719   15601  179944   343778   7.86
1945-1949     80-84     0.13479  0.50075  2.43   28118   14080  104460   163834   5.83
1945-1949     85-89     0.20899  0.66153  2.23   14038    9287   44436    59374   4.23
1945-1949     90-94     0.29706  0.78961  2.03    4751    3752   12630    14938   3.14
1945-1949     95-99     0.42215  0.89542  1.78    1000     895    2120     2308   2.31
1945-1949    100-104    0.55132  0.94912  1.55     105      99     180      188   1.80
1945-1949    105-109    0.67532  0.97455  1.35       5       5       8        8   1.48
1945-1949    110+       0.76744  1.00000  1.30       0       0       0        0   1.30
1950-1954        0      0.02832  0.02764  0.13  100000    2764   97587  6954899  69.55
1950-1954      1-4      0.00123  0.00492  1.55   97236     478  387772  6857312  70.52
1950-1954      5-9      0.00050  0.00251  2.24   96758     243  483118  6469540  66.86
1950-1954     10-14     0.00043  0.00214  2.61   96514     207  482079  5986423  62.03
1950-1954     15-19     0.00072  0.00359  2.70   96308     346  480744  5504344  57.15
1950-1954     20-24     0.00104  0.00521  2.56   95962     500  478591  5023600  52.35
1950-1954     25-29     0.00121  0.00602  2.57   95462     575  475915  4545009  47.61
1950-1954     30-34     0.00146  0.00726  2.57   94887     689  472764  4069094  42.88
1950-1954     35-39     0.00197  0.00980  2.63   94198     923  468805  3596331  38.18
1950-1954     40-44     0.00294  0.01462  2.68   93275    1364  463209  3127525  33.53
1950-1954     45-49     0.00496  0.02453  2.71   91911    2254  454393  2664316  28.99
1950-1954     50-54     0.00818  0.04016  2.69   89657    3601  439969  2209924  24.65
1950-1954     55-59     0.01308  0.06350  2.69   86056    5464  417655  1769955  20.57
1950-1954     60-64     0.02106  0.10039  2.68   80592    8091  384162  1352300  16.78
1950-1954     65-69     0.03349  0.15518  2.63   72501   11250  335893   968138  13.35
1950-1954     70-74     0.05376  0.23825  2.62   61251   14593  271454   632245  10.32
1950-1954     75-79     0.08866  0.36357  2.53   46658   16963  191338   360791   7.73
1950-1954     80-84     0.13872  0.51117  2.43   29694   15179  109418   169453   5.71
1950-1954     85-89     0.21492  0.67252  2.22   14515    9762   45422    60035   4.14
1950-1954     90-94     0.30541  0.80081  2.03    4754    3807   12464    14613   3.07
1950-1954     95-99     0.43012  0.89994  1.77     947     852    1981     2149   2.27
1950-1954    100-104    0.55919  0.95128  1.53      95      90     161      168   1.77
1950-1954    105-109    0.68203  0.97547  1.34       5       5       7        7   1.46
1950-1954    110+       0.77279  1.00000  1.29       0       0       0        0   1.29
1955-1959        0      0.02387  0.02337  0.11  100000    2337   97930  7076440  70.76
1955-1959      1-4      0.00093  0.00370  1.60   97663     361  389783  6978510  71.46
1955-1959      5-9      0.00041  0.00206  2.25   97301     201  485955  6588726  67.71
1955-1959     10-14     0.00035  0.00174  2.62   97101     169  485102  6102772  62.85
1955-1959     15-19     0.00061  0.00305  2.73   96932     296  483988  5617669  57.95
1955-1959     20-24     0.00081  0.00406  2.52   96636     392  482209  5133682  53.12
1955-1959     25-29     0.00090  0.00448  2.57   96244     431  480174  4651473  48.33
1955-1959     30-34     0.00114  0.00567  2.63   95813     543  477777  4171298  43.54
1955-1959     35-39     0.00167  0.00834  2.66   95270     795  474490  3693521  38.77
1955-1959     40-44     0.00264  0.01312  2.69   94475    1239  469516  3219031  34.07
1955-1959     45-49     0.00444  0.02197  2.72   93236    2049  461513  2749515  29.49
1955-1959     50-54     0.00757  0.03720  2.71   91187    3392  448158  2288001  25.09
1955-1959     55-59     0.01261  0.06125  2.68   87795    5378  426503  1839843  20.96
1955-1959     60-64     0.02013  0.09616  2.67   82417    7925  393637  1413340  17.15
1955-1959     65-69     0.03194  0.14848  2.63   74492   11060  346236  1019704  13.69
1955-1959     70-74     0.05160  0.22968  2.61   63432   14569  282366   673468  10.62
1955-1959     75-79     0.08363  0.34656  2.53   48863   16934  202492   391102   8.00
1955-1959     80-84     0.13151  0.49185  2.44   31929   15704  119416   188611   5.91
1955-1959     85-89     0.20672  0.65867  2.25   16225   10687   51695    69195   4.26
1955-1959     90-94     0.29538  0.78863  2.05    5538    4367   14786    17500   3.16
1955-1959     95-99     0.42016  0.89449  1.79    1171    1047    2492     2714   2.32
1955-1959    100-104    0.55166  0.94937  1.55     124     117     213      222   1.80
1955-1959    105-109    0.67796  0.97500  1.35       6       6       9        9   1.47
1955-1959    110+       0.77148  1.00000  1.30       0       0       0        0   1.30
1960-1964        0      0.02192  0.02150  0.11  100000    2150   98084  7121335  71.21
1960-1964      1-4      0.00086  0.00343  1.59   97850     336  390591  7023251  71.78
1960-1964      5-9      0.00040  0.00200  2.31   97514     195  487045  6632660  68.02
1960-1964     10-14     0.00032  0.00162  2.60   97319     158  486215  6145615  63.15
1960-1964     15-19     0.00066  0.00329  2.81   97161     320  485104  5659401  58.25
1960-1964     20-24     0.00079  0.00396  2.47   96841     383  483235  5174297  53.43
1960-1964     25-29     0.00081  0.00402  2.57   96458     388  481349  4691062  48.63
1960-1964     30-34     0.00104  0.00521  2.63   96070     500  479165  4209713  43.82
1960-1964     35-39     0.00160  0.00797  2.70   95570     762  476095  3730548  39.03
1960-1964     40-44     0.00261  0.01296  2.69   94808    1228  471205  3254454  34.33
1960-1964     45-49     0.00436  0.02159  2.70   93579    2020  463254  2783248  29.74
1960-1964     50-54     0.00726  0.03570  2.70   91559    3269  450266  2319995  25.34
1960-1964     55-59     0.01223  0.05949  2.70   88290    5252  429348  1869729  21.18
1960-1964     60-64     0.02018  0.09634  2.66   83038    8000  396434  1440381  17.35
1960-1964     65-69     0.03145  0.14637  2.63   75038   10983  349201  1043947  13.91
1960-1964     70-74     0.05015  0.22384  2.60   64055   14338  285919   694745  10.85
1960-1964     75-79     0.08018  0.33462  2.53   49717   16636  207482   408826   8.22
1960-1964     80-84     0.12623  0.47750  2.45   33081   15796  125134   201344   6.09
1960-1964     85-89     0.19782  0.64134  2.26   17285   11085   56039    76210   4.41
1960-1964     90-94     0.28586  0.77894  2.08    6199    4829   16893    20171   3.25
1960-1964     95-99     0.40602  0.88577  1.82    1370    1214    2990     3278   2.39
1960-1964    100-104    0.53637  0.94482  1.57     157     148     276      289   1.84
1960-1964    105-109    0.66376  0.97293  1.37       9       8      13       13   1.50
1960-1964    110+       0.75931  1.00000  1.32       0       0       0        0   1.32
1965-1969        0      0.01876  0.01845  0.10  100000    1845   98340  7186963  71.87
1965-1969      1-4      0.00080  0.00320  1.62   98155     314  391871  7088623  72.22
1965-1969      5-9      0.00037  0.00183  2.34   97840     179  488726  6696751  68.45
1965-1969     10-14     0.00033  0.00165  2.63   97662     161  487925  6208025  63.57
1965-1969     15-19     0.00068  0.00342  2.74   97500     333  486747  5720100  58.67
1965-1969     20-24     0.00071  0.00355  2.49   97167     345  484969  5233354  53.86
1965-1969     25-29     0.00075  0.00375  2.55   96822     363  483222  4748385  49.04
1965-1969     30-34     0.00095  0.00476  2.64   96459     459  481211  4265162  44.22
1965-1969     35-39     0.00149  0.00744  2.70   96000     714  478360  3783951  39.42
1965-1969     40-44     0.00258  0.01281  2.70   95286    1221  473623  3305591  34.69
1965-1969     45-49     0.00437  0.02162  2.70   94065    2034  465640  2831968  30.11
1965-1969     50-54     0.00718  0.03533  2.70   92031    3251  452666  2366328  25.71
1965-1969     55-59     0.01177  0.05730  2.69   88780    5087  432149  1913662  21.56
1965-1969     60-64     0.01944  0.09298  2.68   83693    7782  400373  1481514  17.70
1965-1969     65-69     0.03108  0.14470  2.62   75911   10984  353387  1081140  14.24
1965-1969     70-74     0.04838  0.21677  2.60   64927   14074  290904   727753  11.21
1965-1969     75-79     0.07521  0.31685  2.52   50853   16113  214233   436849   8.59
1965-1969     80-84     0.11771  0.45286  2.45   34740   15732  133652   222616   6.41
1965-1969     85-89     0.18269  0.61159  2.30   19007   11625   63631    88964   4.68
1965-1969     90-94     0.26847  0.75559  2.11    7383    5578   20778    25333   3.43
1965-1969     95-99     0.38276  0.86976  1.86    1804    1569    4100     4555   2.52
1965-1969    100-104    0.50966  0.93578  1.62     235     220     431      455   1.94
1965-1969    105-109    0.63712  0.96851  1.41      15      15      23       24   1.56
1965-1969    110+       0.73491  1.00000  1.36       0       0       1        1   1.36
1970-1974        0      0.01723  0.01697  0.10  100000    1697   98466  7234425  72.34
1970-1974      1-4      0.00071  0.00282  1.62   98303     277  392551  7135959  72.59
1970-1974      5-9      0.00034  0.00168  2.31   98026     165  489686  6743407  68.79
1970-1974     10-14     0.00029  0.00144  2.60   97861     141  488967  6253721  63.90
1970-1974     15-19     0.00064  0.00319  2.79   97720     312  487911  5764754  58.99
1970-1974     20-24     0.00071  0.00353  2.42   97408     344  486152  5276843  54.17
1970-1974     25-29     0.00069  0.00344  2.55   97064     334  484503  4790690  49.36
1970-1974     30-34     0.00089  0.00442  2.64   96731     428  482644  4306187  44.52
1970-1974     35-39     0.00137  0.00684  2.68   96303     658  479986  3823544  39.70
1970-1974     40-44     0.00245  0.01219  2.72   95644    1166  475565  3343558  34.96
1970-1974     45-49     0.00437  0.02161  2.71   94478    2042  467716  2867992  30.36
1970-1974     50-54     0.00722  0.03550  2.67   92437    3281  454544  2400276  25.97
1970-1974     55-59     0.01153  0.05615  2.68   89155    5006  434148  1945732  21.82
1970-1974     60-64     0.01850  0.08867  2.66   84150    7461  403255  1511583  17.96
1970-1974     65-69     0.02992  0.13971  2.63   76688   10714  358083  1108329  14.45
1970-1974     70-74     0.04741  0.21273  2.59   65974   14034  296038   750246  11.37
1970-1974     75-79     0.07327  0.31021  2.53   51940   16112  219895   454208   8.74
1970-1974     80-84     0.11429  0.44282  2.46   35827   15865  138815   234312   6.54
1970-1974     85-89     0.17678  0.59872  2.31   19962   11952   67607    95498   4.78
1970-1974     90-94     0.26422  0.75110  2.13    8011    6017   22772    27891   3.48
1970-1974     95-99     0.37549  0.86465  1.88    1994    1724    4591     5119   2.57
1970-1974    100-104    0.50427  0.93402  1.63     270     252     500      528   1.96
1970-1974    105-109    0.63471  0.96820  1.41      18      17      27       28   1.57
1970-1974    110+       0.73497  1.00000  1.36       1       1       1        1   1.36
1975-1979        0      0.01411  0.01393  0.09  100000    1393   98729  7313276  73.13
1975-1979      1-4      0.00057  0.00226  1.64   98607     223  393901  7214547  73.16
1975-1979      5-9      0.00028  0.00141  2.35   98384     139  491552  6820646  69.33
1975-1979     10-14     0.00025  0.00126  2.63   98245     124  490932  6329093  64.42
1975-1979     15-19     0.00062  0.00308  2.85   98121     302  489958  5838161  59.50
1975-1979     20-24     0.00068  0.00341  2.44   97819     334  488243  5348203  54.67
1975-1979     25-29     0.00068  0.00337  2.53   97486     329  486617  4859960  49.85
1975-1979     30-34     0.00083  0.00413  2.64   97157     402  484839  4373343  45.01
1975-1979     35-39     0.00129  0.00641  2.70   96755     620  482351  3888504  40.19
1975-1979     40-44     0.00220  0.01094  2.73   96135    1052  478290  3406153  35.43
1975-1979     45-49     0.00398  0.01971  2.73   95083    1874  471166  2927862  30.79
1975-1979     50-54     0.00694  0.03413  2.68   93209    3182  458665  2456697  26.36
1975-1979     55-59     0.01111  0.05416  2.66   90027    4876  438723  1998031  22.19
1975-1979     60-64     0.01776  0.08524  2.66   85152    7258  408751  1559308  18.31
1975-1979     65-69     0.02823  0.13230  2.63   77893   10305  365048  1150557  14.77
1975-1979     70-74     0.04495  0.20292  2.60   67588   13715  305089   785509  11.62
1975-1979     75-79     0.07080  0.30139  2.53   53873   16237  229320   480420   8.92
1975-1979     80-84     0.11067  0.43212  2.46   37636   16263  146951   251100   6.67
1975-1979     85-89     0.17210  0.58880  2.32   21373   12584   73123   104148   4.87
1975-1979     90-94     0.25962  0.74407  2.13    8789    6539   25188    31025   3.53
1975-1979     95-99     0.37092  0.86138  1.89    2249    1937    5223     5837   2.59
1975-1979    100-104    0.50118  0.93302  1.64     312     291     580      613   1.97
1975-1979    105-109    0.63366  0.96809  1.41      21      20      32       33   1.57
1975-1979    110+       0.73552  1.00000  1.36       1       1       1        1   1.36
1980-1984        0      0.01085  0.01075  0.08  100000    1075   99010  7430879  74.31
1980-1984      1-4      0.00046  0.00185  1.58   98925     183  395259  7331870  74.12
1980-1984      5-9      0.00023  0.00114  2.38   98742     113  493415  6936611  70.25
1980-1984     10-14     0.00023  0.00117  2.65   98629     115  492876  6443195  65.33
1980-1984     15-19     0.00055  0.00275  2.84   98514     271  491985  5950319  60.40
1980-1984     20-24     0.00060  0.00298  2.43   98243     292  490464  5458335  55.56
1980-1984     25-29     0.00063  0.00315  2.55   97951     309  488998  4967871  50.72
1980-1984     30-34     0.00077  0.00384  2.62   97642     375  487317  4478874  45.87
1980-1984     35-39     0.00113  0.00564  2.68   97267     549  485063  3991557  41.04
1980-1984     40-44     0.00193  0.00959  2.72   96718     928  481475  3506494  36.25
1980-1984     45-49     0.00346  0.01716  2.73   95790    1643  475219  3025019  31.58
1980-1984     50-54     0.00607  0.02991  2.72   94147    2816  464311  2549800  27.08
1980-1984     55-59     0.01039  0.05074  2.68   91331    4634  445907  2085488  22.83
1980-1984     60-64     0.01674  0.08054  2.64   86697    6983  417029  1639581  18.91
1980-1984     65-69     0.02618  0.12324  2.63   79714    9824  375312  1222552  15.34
1980-1984     70-74     0.04160  0.18916  2.61   69890   13220  317805   847240  12.12
1980-1984     75-79     0.06532  0.28151  2.55   56669   15953  244239   529434   9.34
1980-1984     80-84     0.10326  0.40939  2.47   40716   16669  161423   285195   7.00
1980-1984     85-89     0.15992  0.56165  2.35   24047   13506   84458   123773   5.15
1980-1984     90-94     0.24264  0.71945  2.17   10541    7584   31255    39315   3.73
1980-1984     95-99     0.35099  0.84519  1.93    2957    2499    7121     8060   2.73
1980-1984    100-104    0.47953  0.92443  1.68     458     423     883      939   2.05
1980-1984    105-109    0.61336  0.96428  1.45      35      33      54       56   1.62
1980-1984    110+       0.71797  1.00000  1.39       1       1       2        2   1.39
1985-1989        0      0.00926  0.00918  0.07  100000     918   99150  7521542  75.22
1985-1989      1-4      0.00042  0.00168  1.58   99082     167  395926  7422392  74.91
1985-1989      5-9      0.00019  0.00095  2.38   98916      94  494332  7026466  71.03
1985-1989     10-14     0.00021  0.00105  2.73   98822     104  493873  6532133  66.10
1985-1989     15-19     0.00050  0.00249  2.82   98718     246  493055  6038261  61.17
1985-1989     20-24     0.00059  0.00293  2.45   98472     289  491624  5545206  56.31
1985-1989     25-29     0.00059  0.00293  2.56   98183     288  490212  5053581  51.47
1985-1989     30-34     0.00077  0.00385  2.62   97895     377  488579  4563369  46.61
1985-1989     35-39     0.00109  0.00545  2.65   97518     531  486341  4074790  41.78
1985-1989     40-44     0.00176  0.00877  2.70   96987     850  482980  3588449  37.00
1985-1989     45-49     0.00307  0.01524  2.70   96136    1465  477317  3105469  32.30
1985-1989     50-54     0.00524  0.02589  2.71   94671    2451  467737  2628152  27.76
1985-1989     55-59     0.00916  0.04485  2.71   92220    4136  451614  2160415  23.43
1985-1989     60-64     0.01568  0.07565  2.66   88084    6663  424847  1708800  19.40
1985-1989     65-69     0.02477  0.11697  2.62   81421    9524  384466  1283953  15.77
1985-1989     70-74     0.03907  0.17867  2.61   71897   12846  328800   899487  12.51
1985-1989     75-79     0.06151  0.26735  2.56   59051   15787  256663   570687   9.66
1985-1989     80-84     0.09731  0.39096  2.49   43264   16915  173820   314024   7.26
1985-1989     85-89     0.15229  0.54343  2.37   26349   14319   94028   140204   5.32
1985-1989     90-94     0.23361  0.70583  2.20   12030    8491   36348    46176   3.84
1985-1989     95-99     0.34335  0.83882  1.95    3539    2969    8646     9828   2.78
1985-1989    100-104    0.47367  0.92213  1.69     570     526    1110     1183   2.07
1985-1989    105-109    0.61020  0.96376  1.45      44      43      70       72   1.63
1985-1989    110+       0.71711  1.00000  1.39       2       2       2        2   1.39
1990-1994        0      0.00693  0.00689  0.07  100000     689   99358  7635563  76.36
1990-1994      1-4      0.00034  0.00134  1.57   99311     133  396921  7536205  75.88
1990-1994      5-9      0.00016  0.00080  2.43   99178      79  495687  7139284  71.98
1990-1994     10-14     0.00018  0.00090  2.74   99099      89  495294  6643597  67.04
1990-1994     15-19     0.00046  0.00231  2.82   99010     229  494551  6148303  62.10
1990-1994     20-24     0.00060  0.00300  2.49   98781     296  493163  5653753  57.24
1990-1994     25-29     0.00063  0.00315  2.55   98485     310  491667  5160590  52.40
1990-1994     30-34     0.00078  0.00390  2.61   98175     383  489963  4668924  47.56
1990-1994     35-39     0.00111  0.00552  2.67   97793     540  487703  4178961  42.73
1990-1994     40-44     0.00167  0.00833  2.67   97253     810  484379  3691258  37.96
1990-1994     45-49     0.00271  0.01345  2.69   96442    1297  479217  3206879  33.25
1990-1994     50-54     0.00463  0.02290  2.69   95146    2179  470699  2727662  28.67
1990-1994     55-59     0.00780  0.03833  2.70   92966    3563  456645  2256963  24.28
1990-1994     60-64     0.01357  0.06579  2.69   89403    5882  433436  1800319  20.14
1990-1994     65-69     0.02276  0.10799  2.64   83521    9019  396346  1366883  16.37
1990-1994     70-74     0.03606  0.16598  2.60   74502   12366  342889   970537  13.03
1990-1994     75-79     0.05655  0.24873  2.58   62137   15455  273295   627649  10.10
1990-1994     80-84     0.09036  0.36868  2.50   46682   17211  190465   354353   7.59
1990-1994     85-89     0.14271  0.52004  2.39   29471   15326  107394   163888   5.56
1990-1994     90-94     0.22194  0.68669  2.22   14145    9713   43765    56494   3.99
1990-1994     95-99     0.33016  0.82693  1.98    4432    3665   11100    12729   2.87
1990-1994    100-104    0.46149  0.91687  1.71     767     703    1524     1629   2.12
1990-1994    105-109    0.60083  0.96193  1.47      64      61     102      105   1.65
1990-1994    110+       0.71062  1.00000  1.41       2       2       3        3   1.41
1995-1999        0      0.00595  0.00591  0.06  100000     591   99447  7725284  77.25
1995-1999      1-4      0.00028  0.00111  1.54   99409     110  397363  7625837  76.71
1995-1999      5-9      0.00012  0.00062  2.42   99299      62  496333  7228474  72.80
1995-1999     10-14     0.00016  0.00078  2.73   99237      77  496008  6732140  67.84
1995-1999     15-19     0.00043  0.00214  2.90   99160     212  495352  6236132  62.89
1995-1999     20-24     0.00059  0.00293  2.52   98947     290  494019  5740780  58.02
1995-1999     25-29     0.00065  0.00323  2.57   98658     319  492512  5246761  53.18
1995-1999     30-34     0.00079  0.00393  2.59   98339     387  490761  4754249  48.35
1995-1999     35-39     0.00106  0.00530  2.65   97952     519  488539  4263488  43.53
1995-1999     40-44     0.00164  0.00815  2.68   97433     794  485321  3774949  38.74
1995-1999     45-49     0.00256  0.01272  2.67   96638    1229  480326  3289628  34.04
1995-1999     50-54     0.00419  0.02076  2.70   95409    1981  472479  2809301  29.44
1995-1999     55-59     0.00698  0.03437  2.69   93428    3211  459724  2336823  25.01
1995-1999     60-64     0.01164  0.05666  2.68   90217    5112  439225  1877099  20.81
1995-1999     65-69     0.01986  0.09490  2.67   85105    8077  406712  1437874  16.90
1995-1999     70-74     0.03332  0.15440  2.63   77028   11893  356938  1031162  13.39
1995-1999     75-79     0.05297  0.23471  2.57   65136   15288  288595   674224  10.35
1995-1999     80-84     0.08637  0.35581  2.53   49848   17736  205344   385629   7.74
1995-1999     85-89     0.13918  0.51159  2.41   32111   16428  118037   180285   5.61
1995-1999     90-94     0.22336  0.69001  2.23   15684   10822   48450    62248   3.97
1995-1999     95-99     0.33425  0.83153  1.98    4862    4043   12095    13798   2.84
1995-1999    100-104    0.47191  0.92208  1.70     819     755    1600     1703   2.08
1995-1999    105-109    0.61648  0.96537  1.44      64      62     100      103   1.61
1995-1999    110+       0.72869  1.00000  1.37       2       2       3        3   1.37
2000-2004        0      0.00537  0.00534  0.06  100000     534   99500  7851033  78.51
2000-2004      1-4      0.00023  0.00092  1.58   99466      92  397641  7751533  77.93
2000-2004      5-9      0.00011  0.00053  2.39   99374      53  496733  7353892  74.00
2000-2004     10-14     0.00013  0.00066  2.74   99321      65  496460  6857159  69.04
2000-2004     15-19     0.00037  0.00184  2.94   99256     182  495905  6360699  64.08
2000-2004     20-24     0.00052  0.00259  2.52   99074     256  494734  5864793  59.20
2000-2004     25-29     0.00059  0.00293  2.57   98818     290  493382  5370059  54.34
2000-2004     30-34     0.00076  0.00378  2.61   98528     372  491747  4876677  49.50
2000-2004     35-39     0.00102  0.00509  2.63   98155     500  489595  4384930  44.67
2000-2004     40-44     0.00153  0.00761  2.67   97656     743  486551  3895334  39.89
2000-2004     45-49     0.00246  0.01224  2.70   96913    1186  481831  3408783  35.17
2000-2004     50-54     0.00386  0.01912  2.66   95726    1830  474343  2926953  30.58
2000-2004     55-59     0.00610  0.03007  2.68   93896    2824  462925  2452610  26.12
2000-2004     60-64     0.01008  0.04923  2.67   91073    4484  444908  1989684  21.85
2000-2004     65-69     0.01645  0.07920  2.67   86589    6858  416990  1544776  17.84
2000-2004     70-74     0.02786  0.13082  2.67   79731   10430  374327  1127786  14.14
2000-2004     75-79     0.04720  0.21201  2.60   69301   14693  311311   753459  10.87
2000-2004     80-84     0.07878  0.33012  2.55   54608   18027  228839   442149   8.10
2000-2004     85-89     0.13104  0.49052  2.44   36581   17944  136930   213309   5.83
2000-2004     90-94     0.21372  0.67411  2.26   18637   12564   58785    76379   4.10
2000-2004     95-99     0.32609  0.82423  2.00    6074    5006   15352    17595   2.90
2000-2004    100-104    0.46668  0.92010  1.71    1068     982    2105     2243   2.10
2000-2004    105-109    0.61513  0.96527  1.45      85      82     134      138   1.62
2000-2004    110+       0.73026  1.00000  1.37       3       3       4        4   1.37
2005-2009        0      0.00493  0.00491  0.06  100000     491   99539  7980740  79.81
2005-2009      1-4      0.00021  0.00083  1.55   99509      83  397833  7881201  79.20
2005-2009      5-9      0.00010  0.00048  2.43   99426      48  497008  7483368  75.27
2005-2009     10-14     0.00012  0.00058  2.74   99378      58  496761  6986360  70.30
2005-2009     15-19     0.00033  0.00163  2.90   99320     162  496262  6489599  65.34
2005-2009     20-24     0.00045  0.00227  2.50   99159     225  495233  5993337  60.44
2005-2009     25-29     0.00053  0.00264  2.58   98934     261  494040  5498104  55.57
2005-2009     30-34     0.00070  0.00351  2.65   98673     346  492553  5004065  50.71
2005-2009     35-39     0.00099  0.00494  2.63   98327     485  490485  4511511  45.88
2005-2009     40-44     0.00147  0.00732  2.65   97842     716  487527  4021026  41.10
2005-2009     45-49     0.00224  0.01116  2.67   97126    1083  483104  3533499  36.38
2005-2009     50-54     0.00356  0.01766  2.67   96042    1696  476261  3050395  31.76
2005-2009     55-59     0.00554  0.02737  2.66   94346    2582  465678  2574134  27.28
2005-2009     60-64     0.00877  0.04298  2.68   91764    3944  449660  2108456  22.98
2005-2009     65-69     0.01413  0.06837  2.67   87820    6005  425090  1658796  18.89
2005-2009     70-74     0.02316  0.10985  2.67   81815    8987  388096  1233706  15.08
2005-2009     75-79     0.03998  0.18269  2.65   72828   13305  332815   845610  11.61
2005-2009     80-84     0.06954  0.29758  2.58   59523   17713  254722   512796   8.62
2005-2009     85-89     0.11906  0.45766  2.47   41810   19135  160716   258074   6.17
2005-2009     90-94     0.20031  0.64985  2.30   22675   14736   73564    97358   4.29
2005-2009     95-99     0.31297  0.81156  2.03    7940    6444   20588    23795   3.00
2005-2009    100-104    0.45654  0.91585  1.73    1496    1370    3001     3207   2.14
2005-2009    105-109    0.60983  0.96444  1.46     126     121     199      205   1.63
2005-2009    110+       0.72903  1.00000  1.37       4       4       6        6   1.37
2010-2013        0      0.00423  0.00421  0.06  100000     421   99604  8097478  80.97
2010-2013      1-4      0.00018  0.00070  1.51   99579      70  398141  7997873  80.32
2010-2013      5-9      0.00009  0.00043  2.42   99509      42  497435  7599733  76.37
2010-2013     10-14     0.00009  0.00047  2.70   99466      47  497225  7102298  71.40
2010-2013     15-19     0.00024  0.00119  2.92   99420     118  496854  6605073  66.44
2010-2013     20-24     0.00036  0.00180  2.56   99302     179  496072  6108219  61.51
2010-2013     25-29     0.00045  0.00222  2.59   99123     220  495083  5612147  56.62
2010-2013     30-34     0.00062  0.00308  2.62   98902     305  493786  5117064  51.74
2010-2013     35-39     0.00091  0.00456  2.68   98598     449  491946  4623278  46.89
2010-2013     40-44     0.00138  0.00689  2.67   98148     677  489164  4131332  42.09
2010-2013     45-49     0.00204  0.01016  2.65   97472     990  485033  3642168  37.37
2010-2013     50-54     0.00318  0.01576  2.68   96482    1521  478887  3157135  32.72
2010-2013     55-59     0.00506  0.02502  2.68   94961    2376  469290  2678248  28.20
2010-2013     60-64     0.00788  0.03870  2.65   92585    3583  454509  2208958  23.86
2010-2013     65-69     0.01234  0.05998  2.67   89002    5339  432566  1754448  19.71
2010-2013     70-74     0.02059  0.09824  2.66   83664    8219  399107  1321883  15.80
2010-2013     75-79     0.03467  0.16029  2.65   75445   12093  348812   922775  12.23
2010-2013     80-84     0.06231  0.27123  2.61   63351   17183  275763   573963   9.06
2010-2013     85-89     0.11008  0.43152  2.50   46168   19922  180986   298200   6.46
2010-2013     90-94     0.18917  0.62748  2.32   26246   16469   87059   117214   4.47
2010-2013     95-99     0.30211  0.80039  2.06    9777    7825   25903    30155   3.08
2010-2013    100-104    0.44832  0.91228  1.75    1952    1780    3971     4252   2.18
2010-2013    105-109    0.60608  0.96389  1.46     171     165     272      281   1.64
2010-2013    110+       0.72901  1.00000  1.37       6       6       8        8   1.37
