Greece, Life tables (period 5x5), Total     Last modified: 25-Sep-2015, MPv5 (May07)

  Year          Age         mx       qx    ax      lx      dx      Lx       Tx     ex
1981-1984        0      0.01422  0.01404  0.09  100000    1404   98719  7584370  75.84
1981-1984      1-4      0.00041  0.00166  1.72   98596     163  394013  7485650  75.92
1981-1984      5-9      0.00025  0.00126  2.46   98433     124  491851  7091638  72.05
1981-1984     10-14     0.00026  0.00130  2.72   98309     128  491253  6599787  67.13
1981-1984     15-19     0.00060  0.00302  2.75   98181     297  490240  6108534  62.22
1981-1984     20-24     0.00080  0.00398  2.47   97885     389  488441  5618294  57.40
1981-1984     25-29     0.00076  0.00380  2.49   97496     370  486549  5129853  52.62
1981-1984     30-34     0.00083  0.00412  2.54   97125     400  484641  4643304  47.81
1981-1984     35-39     0.00110  0.00546  2.60   96725     528  482357  4158663  42.99
1981-1984     40-44     0.00159  0.00794  2.64   96197     764  479181  3676305  38.22
1981-1984     45-49     0.00252  0.01255  2.69   95433    1198  474400  3197124  33.50
1981-1984     50-54     0.00427  0.02115  2.66   94235    1993  466519  2722725  28.89
1981-1984     55-59     0.00725  0.03566  2.68   92242    3290  453566  2256206  24.46
1981-1984     60-64     0.01205  0.05862  2.68   88953    5214  432685  1802640  20.27
1981-1984     65-69     0.01999  0.09546  2.66   83739    7994  400001  1369955  16.36
1981-1984     70-74     0.03427  0.15869  2.67   75745   12020  350700   969954  12.81
1981-1984     75-79     0.05954  0.26049  2.60   63725   16599  278782   619255   9.72
1981-1984     80-84     0.09843  0.39483  2.50   47125   18606  189024   340472   7.22
1981-1984     85-89     0.15718  0.55524  2.36   28519   15835  100744   151448   5.31
1981-1984     90-94     0.22405  0.68309  2.14   12684    8664   38671    50703   4.00
1981-1984     95-99     0.31672  0.81125  1.99    4020    3261   10296    12032   2.99
1981-1984    100-104    0.42704  0.89717  1.77     759     681    1594     1736   2.29
1981-1984    105-109    0.54564  0.94679  1.55      78      74     135      142   1.82
1981-1984    110+       0.64185  1.00000  1.56       4       4       6        6   1.56
1985-1989        0      0.01164  0.01151  0.08  100000    1151   98941  7645213  76.45
1985-1989      1-4      0.00040  0.00158  1.71   98849     156  395038  7546271  76.34
1985-1989      5-9      0.00020  0.00098  2.44   98693      97  493215  7151233  72.46
1985-1989     10-14     0.00019  0.00097  2.67   98596      95  492756  6658018  67.53
1985-1989     15-19     0.00054  0.00271  2.83   98500     267  491922  6165262  62.59
1985-1989     20-24     0.00083  0.00413  2.53   98234     406  490168  5673340  57.75
1985-1989     25-29     0.00075  0.00372  2.50   97828     364  488231  5183172  52.98
1985-1989     30-34     0.00083  0.00413  2.57   97464     402  486343  4694941  48.17
1985-1989     35-39     0.00106  0.00530  2.62   97062     515  484084  4208598  43.36
1985-1989     40-44     0.00160  0.00798  2.68   96547     770  480947  3724515  38.58
1985-1989     45-49     0.00246  0.01225  2.64   95777    1173  476119  3243568  33.87
1985-1989     50-54     0.00400  0.01982  2.68   94603    1875  468675  2767449  29.25
1985-1989     55-59     0.00670  0.03301  2.69   92728    3061  456558  2298774  24.79
1985-1989     60-64     0.01110  0.05411  2.67   89668    4852  437024  1842216  20.54
1985-1989     65-69     0.01894  0.09073  2.68   84815    7695  406241  1405192  16.57
1985-1989     70-74     0.03295  0.15282  2.63   77120   11785  357708   998951  12.95
1985-1989     75-79     0.05697  0.25072  2.61   65335   16381  287542   641243   9.81
1985-1989     80-84     0.09708  0.39032  2.49   48954   19108  196831   353701   7.23
1985-1989     85-89     0.15646  0.55465  2.38   29847   16555  105808   156870   5.26
1985-1989     90-94     0.23556  0.70177  2.12   13292    9328   39600    51062   3.84
1985-1989     95-99     0.32885  0.82412  1.97    3964    3267    9934    11462   2.89
1985-1989    100-104    0.44688  0.90847  1.73     697     633    1417     1528   2.19
1985-1989    105-109    0.57212  0.95446  1.51      64      61     106      111   1.74
1985-1989    110+       0.67238  1.00000  1.49       3       3       4        4   1.49
1990-1994        0      0.00867  0.00860  0.07  100000     860   99202  7734674  77.35
1990-1994      1-4      0.00026  0.00106  1.81   99140     105  396330  7635471  77.02
1990-1994      5-9      0.00017  0.00083  2.30   99035      82  494954  7239141  73.10
1990-1994     10-14     0.00018  0.00089  2.66   98953      88  494558  6744187  68.16
1990-1994     15-19     0.00053  0.00263  2.93   98865     260  493784  6249628  63.21
1990-1994     20-24     0.00080  0.00400  2.53   98604     394  492047  5755845  58.37
1990-1994     25-29     0.00079  0.00396  2.50   98210     389  490080  5263797  53.60
1990-1994     30-34     0.00086  0.00427  2.58   97821     418  488097  4773717  48.80
1990-1994     35-39     0.00107  0.00532  2.58   97403     518  485766  4285620  44.00
1990-1994     40-44     0.00160  0.00797  2.68   96885     772  482633  3799854  39.22
1990-1994     45-49     0.00249  0.01239  2.66   96114    1191  477787  3317221  34.51
1990-1994     50-54     0.00380  0.01881  2.65   94923    1786  470424  2839434  29.91
1990-1994     55-59     0.00611  0.03014  2.68   93137    2807  459167  2369010  25.44
1990-1994     60-64     0.01012  0.04946  2.69   90330    4467  441323  1909843  21.14
1990-1994     65-69     0.01690  0.08133  2.69   85863    6983  413161  1468520  17.10
1990-1994     70-74     0.03010  0.14055  2.65   78880   11087  368345  1055359  13.38
1990-1994     75-79     0.05320  0.23602  2.61   67793   16001  300787   687014  10.13
1990-1994     80-84     0.09097  0.37146  2.53   51793   19239  211477   386227   7.46
1990-1994     85-89     0.15022  0.53924  2.38   32554   17554  116861   174751   5.37
1990-1994     90-94     0.23208  0.70101  2.18   15000   10515   45308    57890   3.86
1990-1994     95-99     0.33943  0.83533  1.96    4485    3746   11037    12582   2.81
1990-1994    100-104    0.46924  0.92010  1.70     738     679    1448     1545   2.09
1990-1994    105-109    0.60469  0.96254  1.46      59      57      94       97   1.64
1990-1994    110+       0.71069  1.00000  1.41       2       2       3        3   1.41
1995-1999        0      0.00691  0.00686  0.07  100000     686   99360  7800872  78.01
1995-1999      1-4      0.00027  0.00108  1.79   99314     107  397017  7701512  77.55
1995-1999      5-9      0.00015  0.00074  2.37   99206      74  495839  7304494  73.63
1995-1999     10-14     0.00018  0.00088  2.82   99133      87  495474  6808656  68.68
1995-1999     15-19     0.00050  0.00252  2.86   99046     249  494696  6313181  63.74
1995-1999     20-24     0.00074  0.00368  2.50   98797     364  493074  5818486  58.89
1995-1999     25-29     0.00078  0.00388  2.46   98433     382  491196  5325412  54.10
1995-1999     30-34     0.00087  0.00433  2.54   98051     425  489211  4834216  49.30
1995-1999     35-39     0.00110  0.00550  2.65   97626     537  486869  4345005  44.51
1995-1999     40-44     0.00162  0.00809  2.67   97089     785  483616  3858135  39.74
1995-1999     45-49     0.00252  0.01252  2.66   96304    1205  478698  3374519  35.04
1995-1999     50-54     0.00389  0.01928  2.64   95099    1834  471163  2895821  30.45
1995-1999     55-59     0.00582  0.02872  2.67   93265    2678  460073  2424658  26.00
1995-1999     60-64     0.00923  0.04519  2.67   90586    4094  443374  1964585  21.69
1995-1999     65-69     0.01569  0.07569  2.70   86493    6547  417384  1521211  17.59
1995-1999     70-74     0.02748  0.12910  2.66   79946   10321  375556  1103827  13.81
1995-1999     75-79     0.04904  0.21991  2.65   69625   15311  312204   728271  10.46
1995-1999     80-84     0.08649  0.35633  2.53   54314   19354  223758   416067   7.66
1995-1999     85-89     0.14462  0.52645  2.42   34960   18405  127266   192309   5.50
1995-1999     90-94     0.22661  0.69236  2.19   16556   11462   50582    65043   3.93
1995-1999     95-99     0.33458  0.83120  1.97    5093    4233   12653    14461   2.84
1995-1999    100-104    0.46669  0.91922  1.70     860     790    1693     1808   2.10
1995-1999    105-109    0.60519  0.96280  1.46      69      67     110      114   1.64
1995-1999    110+       0.71355  1.00000  1.40       3       3       4        4   1.40
2000-2004        0      0.00472  0.00470  0.06  100000     470   99559  7901259  79.01
2000-2004      1-4      0.00019  0.00077  1.66   99530      76  397942  7801701  78.39
2000-2004      5-9      0.00013  0.00063  2.41   99454      63  497107  7403759  74.44
2000-2004     10-14     0.00013  0.00067  2.76   99391      67  496805  6906652  69.49
2000-2004     15-19     0.00045  0.00223  2.90   99324     222  496156  6409847  64.53
2000-2004     20-24     0.00071  0.00353  2.55   99102     350  494654  5913691  59.67
2000-2004     25-29     0.00069  0.00342  2.48   98753     338  492911  5419037  54.87
2000-2004     30-34     0.00075  0.00373  2.64   98414     367  491205  4926126  50.05
2000-2004     35-39     0.00097  0.00485  2.62   98047     475  489104  4434921  45.23
2000-2004     40-44     0.00150  0.00747  2.72   97572     729  486198  3945817  40.44
2000-2004     45-49     0.00243  0.01207  2.68   96843    1169  481498  3459619  35.72
2000-2004     50-54     0.00375  0.01860  2.67   95674    1780  474220  2978121  31.13
2000-2004     55-59     0.00571  0.02816  2.61   93894    2644  463152  2503901  26.67
2000-2004     60-64     0.00848  0.04160  2.67   91251    3796  447421  2040749  22.36
2000-2004     65-69     0.01394  0.06751  2.69   87455    5904  423609  1593329  18.22
2000-2004     70-74     0.02439  0.11543  2.69   81551    9413  386023  1169720  14.34
2000-2004     75-79     0.04481  0.20265  2.64   72138   14619  326253   783697  10.86
2000-2004     80-84     0.07928  0.33279  2.59   57519   19141  241453   457443   7.95
2000-2004     85-89     0.13849  0.51059  2.43   38377   19595  141493   215990   5.63
2000-2004     90-94     0.22247  0.68684  2.22   18782   12900   57986    74498   3.97
2000-2004     95-99     0.33829  0.83564  1.97    5882    4915   14530    16512   2.81
2000-2004    100-104    0.47902  0.92528  1.68     967     895    1867     1982   2.05
2000-2004    105-109    0.62482  0.96699  1.43      72      70     112      115   1.59
2000-2004    110+       0.73668  1.00000  1.36       2       2       3        3   1.36
2005-2009        0      0.00348  0.00347  0.06  100000     347   99673  7993951  79.94
2005-2009      1-4      0.00018  0.00072  1.58   99653      72  398437  7894278  79.22
2005-2009      5-9      0.00012  0.00059  2.37   99581      59  497749  7495841  75.27
2005-2009     10-14     0.00013  0.00063  2.83   99522      62  497474  6998093  70.32
2005-2009     15-19     0.00038  0.00189  2.96   99460     188  496914  6500619  65.36
2005-2009     20-24     0.00067  0.00332  2.64   99272     330  495578  6003704  60.48
2005-2009     25-29     0.00075  0.00372  2.49   98942     369  493784  5508126  55.67
2005-2009     30-34     0.00075  0.00373  2.54   98573     368  491961  5014342  50.87
2005-2009     35-39     0.00094  0.00471  2.65   98205     463  489939  4522381  46.05
2005-2009     40-44     0.00144  0.00717  2.69   97742     700  487092  4032443  41.26
2005-2009     45-49     0.00233  0.01157  2.67   97042    1122  482590  3545350  36.53
2005-2009     50-54     0.00367  0.01818  2.68   95919    1744  475555  3062761  31.93
2005-2009     55-59     0.00553  0.02730  2.66   94175    2571  464868  2587206  27.47
2005-2009     60-64     0.00808  0.03965  2.59   91604    3632  449254  2122338  23.17
2005-2009     65-69     0.01219  0.05927  2.67   87973    5214  427740  1673084  19.02
2005-2009     70-74     0.02113  0.10075  2.69   82759    8338  394532  1245344  15.05
2005-2009     75-79     0.03900  0.17887  2.68   74420   13311  341285   850812  11.43
2005-2009     80-84     0.07309  0.31031  2.57   61109   18963  259431   509527   8.34
2005-2009     85-89     0.12657  0.47919  2.47   42146   20196  159562   250097   5.93
2005-2009     90-94     0.21240  0.67089  2.26   21950   14726   69333    90535   4.12
2005-2009     95-99     0.32115  0.81940  2.01    7224    5919   18431    21202   2.93
2005-2009    100-104    0.46134  0.91766  1.72    1305    1197    2595     2770   2.12
2005-2009    105-109    0.60971  0.96418  1.45     107     104     170      175   1.63
2005-2009    110+       0.72511  1.00000  1.38       4       4       5        5   1.38
2010-2013        0      0.00340  0.00339  0.06  100000     339   99681  8066489  80.66
2010-2013      1-4      0.00016  0.00066  1.73   99661      66  398496  7966809  79.94
2010-2013      5-9      0.00010  0.00051  2.36   99596      50  497845  7568313  75.99
2010-2013     10-14     0.00011  0.00055  2.70   99545      55  497601  7070467  71.03
2010-2013     15-19     0.00032  0.00159  2.84   99491     159  497110  6572866  66.07
2010-2013     20-24     0.00053  0.00264  2.60   99332     262  496032  6075756  61.17
2010-2013     25-29     0.00057  0.00283  2.51   99070     280  494653  5579725  56.32
2010-2013     30-34     0.00069  0.00344  2.55   98790     340  493117  5085072  51.47
2010-2013     35-39     0.00085  0.00423  2.61   98450     417  491255  4591955  46.64
2010-2013     40-44     0.00131  0.00654  2.73   98033     641  488710  4100701  41.83
2010-2013     45-49     0.00220  0.01094  2.68   97392    1065  484493  3611991  37.09
2010-2013     50-54     0.00353  0.01751  2.68   96327    1687  477712  3127498  32.47
2010-2013     55-59     0.00560  0.02765  2.66   94640    2617  467078  2649786  28.00
2010-2013     60-64     0.00802  0.03937  2.64   92023    3623  451575  2182708  23.72
2010-2013     65-69     0.01193  0.05800  2.59   88400    5127  429620  1731133  19.58
2010-2013     70-74     0.01875  0.08982  2.68   83273    7479  398992  1301513  15.63
2010-2013     75-79     0.03445  0.15955  2.69   75793   12093  350992   902521  11.91
2010-2013     80-84     0.06770  0.29190  2.64   63700   18594  274667   551529   8.66
2010-2013     85-89     0.12145  0.46347  2.45   45106   20905  172129   276863   6.14
2010-2013     90-94     0.19764  0.64198  2.27   24200   15536   78610   104734   4.33
2010-2013     95-99     0.31087  0.80917  2.04    8664    7011   22552    26124   3.02
2010-2013    100-104    0.45269  0.91387  1.74    1653    1511    3338     3572   2.16
2010-2013    105-109    0.60456  0.96330  1.46     142     137     227      234   1.64
2010-2013    110+       0.72317  1.00000  1.38       5       5       7        7   1.38
