Iceland, Life tables (period 5x5), Total     Last modified: 22-Jun-2015, MPv5 (May07)

  Year          Age         mx       qx    ax      lx      dx      Lx       Tx     ex
1838-1839        0      0.39836  0.31538  0.34  100000   31538   79170  3013236  30.13
1838-1839      1-4      0.03833  0.13917  1.34   68462    9528  248547  2934066  42.86
1838-1839      5-9      0.01005  0.04895  2.37   58934    2885  287071  2685518  45.57
1838-1839     10-14     0.00600  0.02948  2.18   56049    1652  275582  2398447  42.79
1838-1839     15-19     0.00674  0.03324  2.86   54397    1808  268120  2122865  39.03
1838-1839     20-24     0.01348  0.06535  2.68   52589    3437  254984  1854745  35.27
1838-1839     25-29     0.01224  0.05921  2.26   49152    2910  237792  1599761  32.55
1838-1839     30-34     0.01172  0.05712  2.78   46242    2641  225361  1361969  29.45
1838-1839     35-39     0.01555  0.07478  2.44   43601    3261  209665  1136608  26.07
1838-1839     40-44     0.01788  0.08563  2.54   40340    3454  193221   926944  22.98
1838-1839     45-49     0.02119  0.10053  2.47   36886    3708  175031   733723  19.89
1838-1839     50-54     0.03180  0.14834  2.74   33178    4921  154762   558691  16.84
1838-1839     55-59     0.03868  0.17629  2.49   28256    4981  128774   403930  14.30
1838-1839     60-64     0.05406  0.23805  2.49   23275    5540  102483   275155  11.82
1838-1839     65-69     0.06050  0.26272  2.50   17734    4659   77014   172673   9.74
1838-1839     70-74     0.11026  0.43021  2.45   13075    5625   51016    95658   7.32
1838-1839     75-79     0.14266  0.51006  2.21    7450    3800   26638    44643   5.99
1838-1839     80-84     0.17799  0.59777  2.25    3650    2182   12259    18005   4.93
1838-1839     85-89     0.23486  0.70236  2.14    1468    1031    4391     5747   3.91
1838-1839     90-94     0.30689  0.79774  1.99     437     349    1136     1356   3.10
1838-1839     95-99     0.39164  0.87225  1.82      88      77     197      220   2.49
1838-1839    100-104    0.48339  0.92258  1.65      11      10      22       23   2.04
1838-1839    105-109    0.57451  0.95302  1.49       1       1       1        2   1.73
1838-1839    110+       0.64471  1.00000  1.55       0       0       0        0   1.55
1840-1844        0      0.33897  0.27692  0.34  100000   27692   81696  3462861  34.63
1840-1844      1-4      0.02336  0.08776  1.22   72308    6346  271601  3381165  46.76
1840-1844      5-9      0.00507  0.02508  2.76   65962    1654  326106  3109564  47.14
1840-1844     10-14     0.00437  0.02159  2.44   64308    1389  317980  2783458  43.28
1840-1844     15-19     0.00627  0.03091  2.70   62919    1945  310122  2465478  39.18
1840-1844     20-24     0.01058  0.05158  2.59   60974    3145  297279  2155356  35.35
1840-1844     25-29     0.01085  0.05285  2.54   57829    3056  281621  1858078  32.13
1840-1844     30-34     0.01340  0.06486  2.52   54773    3553  265049  1576456  28.78
1840-1844     35-39     0.01659  0.07977  2.58   51221    4086  246228  1311407  25.60
1840-1844     40-44     0.02036  0.09691  2.53   47135    4568  224386  1065180  22.60
1840-1844     45-49     0.02275  0.10767  2.52   42567    4583  201482   840794  19.75
1840-1844     50-54     0.02891  0.13492  2.53   37984    5125  177238   639312  16.83
1840-1844     55-59     0.03832  0.17550  2.61   32859    5767  150493   462074  14.06
1840-1844     60-64     0.05598  0.24538  2.49   27092    6648  118754   311580  11.50
1840-1844     65-69     0.07042  0.29917  2.49   20444    6116   86848   192826   9.43
1840-1844     70-74     0.10160  0.40451  2.48   14328    5796   57044   105978   7.40
1840-1844     75-79     0.14629  0.52820  2.37    8532    4507   30806    48934   5.74
1840-1844     80-84     0.20220  0.64459  2.19    4025    2595   12833    18128   4.50
1840-1844     85-89     0.25394  0.72915  2.08    1431    1043    4108     5296   3.70
1840-1844     90-94     0.31370  0.80273  1.96     388     311     992     1188   3.07
1840-1844     95-99     0.38043  0.86203  1.83      76      66     173      196   2.57
1840-1844    100-104    0.45215  0.90642  1.70      11      10      21       23   2.18
1840-1844    105-109    0.52618  0.93758  1.57       1       1       2        2   1.89
1840-1844    110+       0.58595  1.00000  1.71       0       0       0        0   1.71
1845-1849        0      0.43545  0.33813  0.34  100000   33813   77651  3239670  32.40
1845-1849      1-4      0.02715  0.10121  1.32   66187    6699  246778  3162019  47.77
1845-1849      5-9      0.00563  0.02776  2.51   59488    1651  293331  2915241  49.01
1845-1849     10-14     0.00523  0.02579  2.46   57836    1491  285390  2621911  45.33
1845-1849     15-19     0.00659  0.03244  2.70   56345    1828  277514  2336520  41.47
1845-1849     20-24     0.00931  0.04549  2.50   54517    2480  266397  2059007  37.77
1845-1849     25-29     0.01016  0.04955  2.50   52037    2578  253738  1792610  34.45
1845-1849     30-34     0.01068  0.05208  2.59   49459    2576  241090  1538872  31.11
1845-1849     35-39     0.01357  0.06561  2.50   46883    3076  226718  1297782  27.68
1845-1849     40-44     0.01569  0.07554  2.53   43807    3309  210850  1071063  24.45
1845-1849     45-49     0.01812  0.08683  2.62   40498    3517  194108   860213  21.24
1845-1849     50-54     0.02694  0.12636  2.55   36982    4673  173447   666105  18.01
1845-1849     55-59     0.03073  0.14284  2.54   32309    4615  150174   492658  15.25
1845-1849     60-64     0.05227  0.23166  2.55   27694    6416  122742   342484  12.37
1845-1849     65-69     0.06291  0.27157  2.48   21278    5779   91851   219742  10.33
1845-1849     70-74     0.09519  0.38343  2.47   15500    5943   62433   127891   8.25
1845-1849     75-79     0.12367  0.46834  2.41    9557    4476   36191    65459   6.85
1845-1849     80-84     0.14627  0.52578  2.33    5081    2671   18263    29267   5.76
1845-1849     85-89     0.19593  0.63415  2.22    2409    1528    7798    11004   4.57
1845-1849     90-94     0.25690  0.73489  2.09     881     648    2522     3206   3.64
1845-1849     95-99     0.32847  0.81914  1.94     234     191     583      684   2.93
1845-1849    100-104    0.40832  0.88251  1.78      42      37      91      101   2.40
1845-1849    105-109    0.49269  0.92584  1.63       5       5       9       10   2.01
1845-1849    110+       0.56088  1.00000  1.78       0       0       1        1   1.78
1850-1854        0      0.27156  0.23024  0.34  100000   23024   84784  3995489  39.95
1850-1854      1-4      0.03155  0.11729  1.60   76976    9029  286219  3910705  50.80
1850-1854      5-9      0.00999  0.04848  2.00   67947    3294  329859  3624485  53.34
1850-1854     10-14     0.00451  0.02228  2.42   64652    1441  319538  3294627  50.96
1850-1854     15-19     0.00484  0.02392  2.62   63212    1512  312465  2975089  47.07
1850-1854     20-24     0.00788  0.03868  2.69   61699    2386  302976  2662624  43.15
1850-1854     25-29     0.00855  0.04179  2.35   59313    2479  290000  2359647  39.78
1850-1854     30-34     0.00713  0.03503  2.49   56835    1991  279185  2069648  36.42
1850-1854     35-39     0.00960  0.04696  2.70   54843    2575  268290  1790463  32.65
1850-1854     40-44     0.01248  0.06048  2.47   52268    3161  253339  1522172  29.12
1850-1854     45-49     0.01316  0.06372  2.52   49107    3129  237789  1268834  25.84
1850-1854     50-54     0.01580  0.07612  2.59   45978    3500  221456  1031045  22.42
1850-1854     55-59     0.02103  0.10007  2.59   42478    4251  202150   809589  19.06
1850-1854     60-64     0.03177  0.14764  2.61   38227    5644  177672   607439  15.89
1850-1854     65-69     0.04867  0.21711  2.52   32584    7074  145350   429768  13.19
1850-1854     70-74     0.05693  0.24884  2.47   25509    6348  111499   284417  11.15
1850-1854     75-79     0.07379  0.31080  2.46   19162    5955   80707   172919   9.02
1850-1854     80-84     0.10513  0.41501  2.46   13206    5481   52133    92212   6.98
1850-1854     85-89     0.16021  0.56170  2.34    7725    4339   27086    40079   5.19
1850-1854     90-94     0.23593  0.70744  2.17    3386    2395   10153    12993   3.84
1850-1854     95-99     0.33265  0.82712  1.96     991     819    2463     2840   2.87
1850-1854    100-104    0.44579  0.90740  1.73     171     155     349      376   2.20
1850-1854    105-109    0.56548  0.95241  1.52      16      15      27       28   1.76
1850-1854    110+       0.66150  1.00000  1.51       1       1       1        1   1.51
1855-1859        0      0.29273  0.24529  0.34  100000   24529   83794  3631808  36.32
1855-1859      1-4      0.03018  0.11253  1.59   75471    8493  281427  3548015  47.01
1855-1859      5-9      0.01135  0.05492  2.04   66978    3679  324016  3266588  48.77
1855-1859     10-14     0.00454  0.02241  2.26   63300    1418  312616  2942571  46.49
1855-1859     15-19     0.00582  0.02875  2.78   61881    1779  305464  2629955  42.50
1855-1859     20-24     0.00900  0.04404  2.53   60102    2647  293972  2324491  38.68
1855-1859     25-29     0.01031  0.05030  2.55   57456    2890  280208  2030519  35.34
1855-1859     30-34     0.00998  0.04867  2.44   54565    2656  266030  1750311  32.08
1855-1859     35-39     0.01298  0.06292  2.59   51910    3266  251661  1484281  28.59
1855-1859     40-44     0.01476  0.07120  2.54   48644    3463  234703  1232620  25.34
1855-1859     45-49     0.01678  0.08052  2.50   45180    3638  216797   997917  22.09
1855-1859     50-54     0.02292  0.10857  2.58   41543    4510  196798   781120  18.80
1855-1859     55-59     0.03029  0.14110  2.58   37032    5225  172523   584322  15.78
1855-1859     60-64     0.04470  0.20134  2.54   31807    6404  143260   411799  12.95
1855-1859     65-69     0.06216  0.26922  2.51   25403    6839  110014   268539  10.57
1855-1859     70-74     0.09250  0.37134  2.35   18564    6894   74523   158525   8.54
1855-1859     75-79     0.10456  0.41112  2.40   11670    4798   45887    84002   7.20
1855-1859     80-84     0.15635  0.54916  2.29    6872    3774   24138    38115   5.55
1855-1859     85-89     0.20142  0.64341  2.19    3098    1994    9897    13977   4.51
1855-1859     90-94     0.25459  0.73023  2.08    1105     807    3169     4080   3.69
1855-1859     95-99     0.31501  0.80406  1.96     298     240     761      911   3.06
1855-1859    100-104    0.38097  0.86221  1.83      58      50     132      150   2.57
1855-1859    105-109    0.45014  0.90506  1.70       8       7      16       18   2.20
1855-1859    110+       0.50526  1.00000  1.98       1       1       2        2   1.98
1860-1864        0      0.33212  0.27235  0.34  100000   27235   82004  2803082  28.03
1860-1864      1-4      0.05313  0.18789  1.53   72765   13672  257339  2721078  37.40
1860-1864      5-9      0.01733  0.08248  2.08   59092    4874  281243  2463739  41.69
1860-1864     10-14     0.00823  0.04028  2.37   54218    2184  265349  2182496  40.25
1860-1864     15-19     0.00864  0.04229  2.54   52034    2201  254761  1917146  36.84
1860-1864     20-24     0.01224  0.05949  2.66   49834    2965  242244  1662385  33.36
1860-1864     25-29     0.01480  0.07132  2.44   46869    3343  225798  1420141  30.30
1860-1864     30-34     0.01531  0.07378  2.56   43527    3211  209813  1194343  27.44
1860-1864     35-39     0.01758  0.08416  2.46   40315    3393  192969   984530  24.42
1860-1864     40-44     0.02101  0.09992  2.55   36922    3689  175569   791561  21.44
1860-1864     45-49     0.02623  0.12329  2.57   33233    4097  156222   615992  18.54
1860-1864     50-54     0.03153  0.14606  2.48   29136    4256  134953   459771  15.78
1860-1864     55-59     0.04407  0.19894  2.56   24880    4950  112308   324817  13.06
1860-1864     60-64     0.05945  0.25982  2.58   19931    5178   87100   212509  10.66
1860-1864     65-69     0.08807  0.35931  2.44   14752    5301   60185   125409   8.50
1860-1864     70-74     0.10510  0.41394  2.44    9452    3912   37225    65224   6.90
1860-1864     75-79     0.18354  0.61530  2.32    5539    3408   18570    27998   5.05
1860-1864     80-84     0.20672  0.65271  2.18    2131    1391    6728     9428   4.42
1860-1864     85-89     0.25820  0.73509  2.07     740     544    2107     2700   3.65
1860-1864     90-94     0.31825  0.80749  1.95     196     158     497      593   3.02
1860-1864     95-99     0.38595  0.86619  1.82      38      33      85       96   2.53
1860-1864    100-104    0.45930  0.91015  1.68       5       5      10       11   2.15
1860-1864    105-109    0.53537  0.94081  1.55       0       0       1        1   1.86
1860-1864    110+       0.59710  1.00000  1.67       0       0       0        0   1.67
1865-1869        0      0.31982  0.26399  0.34  100000   26399   82545  3188969  31.89
1865-1869      1-4      0.03644  0.13341  1.46   73601    9819  269489  3106424  42.21
1865-1869      5-9      0.00989  0.04807  2.08   63781    3066  309948  2836935  44.48
1865-1869     10-14     0.00663  0.03263  2.52   60716    1981  298663  2526987  41.62
1865-1869     15-19     0.00877  0.04299  2.69   58734    2525  287830  2228324  37.94
1865-1869     20-24     0.01190  0.05777  2.47   56209    3247  272843  1940494  34.52
1865-1869     25-29     0.01277  0.06191  2.55   52962    3279  256789  1667650  31.49
1865-1869     30-34     0.01327  0.06417  2.45   49683    3188  240300  1410861  28.40
1865-1869     35-39     0.01558  0.07513  2.62   46495    3493  224173  1170561  25.18
1865-1869     40-44     0.01902  0.09067  2.44   43002    3899  205025   946388  22.01
1865-1869     45-49     0.02205  0.10468  2.60   39103    4093  185681   741363  18.96
1865-1869     50-54     0.03408  0.15763  2.62   35010    5519  161920   555682  15.87
1865-1869     55-59     0.04237  0.19140  2.48   29491    5645  133221   393762  13.35
1865-1869     60-64     0.06185  0.26780  2.50   23847    6386  103260   260542  10.93
1865-1869     65-69     0.07883  0.33015  2.54   17460    5765   73125   157282   9.01
1865-1869     70-74     0.11285  0.43510  2.37   11696    5089   45092    84157   7.20
1865-1869     75-79     0.14068  0.51505  2.40    6607    3403   24189    39064   5.91
1865-1869     80-84     0.18440  0.61517  2.30    3204    1971   10689    14875   4.64
1865-1869     85-89     0.27286  0.76111  2.10    1233     938    3439     4186   3.39
1865-1869     90-94     0.38163  0.86831  1.86     295     256     670      747   2.53
1865-1869     95-99     0.50139  0.93201  1.63      39      36      72       76   1.97
1865-1869    100-104    0.61896  0.96455  1.43       3       3       4        4   1.61
1865-1869    105-109    0.72259  0.98008  1.28       0       0       0        0   1.38
1865-1869    110+       0.79646  1.00000  1.26       0       0       0        0   1.26
1870-1874        0      0.27748  0.23449  0.34  100000   23449   84506  3461814  34.62
1870-1874      1-4      0.03973  0.14405  1.40   76551   11027  277566  3377308  44.12
1870-1874      5-9      0.00875  0.04263  1.96   65524    2793  319129  3099742  47.31
1870-1874     10-14     0.00649  0.03195  2.56   62731    2004  308774  2780613  44.33
1870-1874     15-19     0.00719  0.03536  2.58   60727    2147  298448  2471839  40.70
1870-1874     20-24     0.01099  0.05356  2.64   58580    3138  285497  2173390  37.10
1870-1874     25-29     0.01116  0.05423  2.37   55442    3007  269300  1887894  34.05
1870-1874     30-34     0.01212  0.05891  2.65   52435    3089  254913  1618594  30.87
1870-1874     35-39     0.01541  0.07417  2.47   49346    3660  237460  1363681  27.63
1870-1874     40-44     0.01654  0.07952  2.59   45686    3633  219664  1126220  24.65
1870-1874     45-49     0.01978  0.09418  2.46   42053    3961  200192   906557  21.56
1870-1874     50-54     0.02419  0.11418  2.55   38093    4350  179822   706365  18.54
1870-1874     55-59     0.03241  0.15046  2.63   33743    5077  156672   526543  15.60
1870-1874     60-64     0.04669  0.20919  2.52   28666    5997  128435   369871  12.90
1870-1874     65-69     0.06425  0.27554  2.42   22669    6246   97225   241436  10.65
1870-1874     70-74     0.07698  0.32345  2.53   16423    5312   69010   144211   8.78
1870-1874     75-79     0.11597  0.44500  2.39   11111    4944   42634    75201   6.77
1870-1874     80-84     0.15795  0.55581  2.34    6167    3427   21699    32567   5.28
1870-1874     85-89     0.22761  0.69321  2.18    2739    1899    8342    10867   3.97
1870-1874     90-94     0.31601  0.80973  1.99     840     680    2153     2525   3.00
1870-1874     95-99     0.41994  0.89239  1.78     160     143     340      372   2.33
1870-1874    100-104    0.53190  0.94212  1.57      17      16      30       32   1.86
1870-1874    105-109    0.64160  0.96860  1.40       1       1       2        2   1.55
1870-1874    110+       0.72594  1.00000  1.38       0       0       0        0   1.38
1875-1879        0      0.18633  0.16591  0.34  100000   16591   89037  4044425  40.44
1875-1879      1-4      0.03695  0.13504  1.44   83409   11264  304845  3955388  47.42
1875-1879      5-9      0.00890  0.04338  2.13   72146    3130  351754  3650543  50.60
1875-1879     10-14     0.00432  0.02134  2.38   69016    1473  341216  3298789  47.80
1875-1879     15-19     0.00518  0.02557  2.68   67543    1727  333714  2957573  43.79
1875-1879     20-24     0.00812  0.03980  2.59   65815    2620  322768  2623858  39.87
1875-1879     25-29     0.00938  0.04584  2.54   63196    2897  308857  2301091  36.41
1875-1879     30-34     0.00985  0.04805  2.50   60299    2898  294255  1992233  33.04
1875-1879     35-39     0.01392  0.06738  2.62   57401    3868  277792  1697979  29.58
1875-1879     40-44     0.01429  0.06892  2.43   53534    3690  258189  1420186  26.53
1875-1879     45-49     0.01717  0.08251  2.64   49844    4113  239498  1161997  23.31
1875-1879     50-54     0.02185  0.10351  2.46   45731    4734  216628   922499  20.17
1875-1879     55-59     0.02719  0.12756  2.59   40997    5230  192370   705871  17.22
1875-1879     60-64     0.03822  0.17473  2.55   35768    6250  163534   513501  14.36
1875-1879     65-69     0.04504  0.20287  2.56   29518    5988  132958   349967  11.86
1875-1879     70-74     0.07921  0.32892  2.42   23529    7739   97711   217009   9.22
1875-1879     75-79     0.09325  0.37693  2.46   15790    5952   63827   119297   7.56
1875-1879     80-84     0.14813  0.53109  2.34    9838    5225   35273    55471   5.64
1875-1879     85-89     0.20441  0.65107  2.21    4613    3004   14694    20197   4.38
1875-1879     90-94     0.27443  0.75961  2.06    1610    1223    4456     5503   3.42
1875-1879     95-99     0.35698  0.84597  1.89     387     327     917     1048   2.71
1875-1879    100-104    0.44860  0.90656  1.71      60      54     120      131   2.19
1875-1879    105-109    0.54383  0.94472  1.55       6       5      10       10   1.83
1875-1879    110+       0.62057  1.00000  1.61       0       0       0        0   1.61
1880-1884        0      0.29869  0.24945  0.34  100000   24945   83516  3212249  32.12
1880-1884      1-4      0.05158  0.18198  1.41   75055   13659  264832  3128733  41.69
1880-1884      5-9      0.01158  0.05580  1.74   61396    3426  295814  2863901  46.65
1880-1884     10-14     0.00513  0.02535  2.61   57970    1470  286336  2568086  44.30
1880-1884     15-19     0.00767  0.03768  2.69   56500    2129  277589  2281750  40.38
1880-1884     20-24     0.01263  0.06132  2.62   54371    3334  263929  2004161  36.86
1880-1884     25-29     0.01601  0.07696  2.50   51038    3928  245376  1740232  34.10
1880-1884     30-34     0.01627  0.07818  2.50   47110    3683  226343  1494856  31.73
1880-1884     35-39     0.01531  0.07364  2.40   43427    3198  208816  1268513  29.21
1880-1884     40-44     0.01651  0.07926  2.50   40229    3188  193175  1059697  26.34
1880-1884     45-49     0.01391  0.06719  2.47   37040    2489  178914   866523  23.39
1880-1884     50-54     0.02139  0.10190  2.67   34552    3521  164563   687608  19.90
1880-1884     55-59     0.02641  0.12379  2.46   31031    3841  145417   523046  16.86
1880-1884     60-64     0.03913  0.17878  2.59   27190    4861  124236   377628  13.89
1880-1884     65-69     0.05258  0.23329  2.59   22329    5209   99067   253393  11.35
1880-1884     70-74     0.07884  0.32888  2.48   17120    5630   71411   154325   9.01
1880-1884     75-79     0.10328  0.40849  2.44   11489    4693   45442    82915   7.22
1880-1884     80-84     0.15986  0.55644  2.27    6796    3782   23656    37473   5.51
1880-1884     85-89     0.19943  0.63878  2.19    3014    1926    9655    13817   4.58
1880-1884     90-94     0.24601  0.71690  2.09    1089     781    3173     4161   3.82
1880-1884     95-99     0.29952  0.78655  1.98     308     242     810      988   3.21
1880-1884    100-104    0.35928  0.84475  1.86      66      56     155      179   2.71
1880-1884    105-109    0.42399  0.89039  1.74      10       9      21       24   2.33
1880-1884    110+       0.47655  1.00000  2.10       1       1       2        2   2.10
1885-1889        0      0.14859  0.13530  0.34  100000   13530   91055  4587052  45.87
1885-1889      1-4      0.01992  0.07591  1.50   86470    6564  329449  4495997  51.99
1885-1889      5-9      0.00517  0.02547  2.02   79906    2035  393474  4166549  52.14
1885-1889     10-14     0.00435  0.02153  2.60   77871    1676  385323  3773075  48.45
1885-1889     15-19     0.00502  0.02480  2.62   76195    1889  376478  3387751  44.46
1885-1889     20-24     0.00814  0.03993  2.65   74305    2967  364539  3011273  40.53
1885-1889     25-29     0.01001  0.04881  2.48   71338    3482  347932  2646734  37.10
1885-1889     30-34     0.00939  0.04587  2.47   67856    3113  331404  2298802  33.88
1885-1889     35-39     0.01120  0.05456  2.64   64743    3533  315386  1967398  30.39
1885-1889     40-44     0.01337  0.06463  2.43   61211    3956  295903  1652012  26.99
1885-1889     45-49     0.01532  0.07391  2.64   57254    4232  276290  1356109  23.69
1885-1889     50-54     0.02012  0.09576  2.50   53023    5077  252397  1079819  20.37
1885-1889     55-59     0.02520  0.11887  2.62   47945    5699  226166   827422  17.26
1885-1889     60-64     0.03517  0.16159  2.49   42246    6827  194124   601257  14.23
1885-1889     65-69     0.05296  0.23481  2.59   35419    8317  157053   407133  11.49
1885-1889     70-74     0.07885  0.32870  2.47   27103    8909  112976   250080   9.23
1885-1889     75-79     0.09389  0.37819  2.43   18194    6881   73288   137104   7.54
1885-1889     80-84     0.14053  0.51467  2.40   11313    5823   41434    63816   5.64
1885-1889     85-89     0.21717  0.67766  2.23    5491    3721   17133    22382   4.08
1885-1889     90-94     0.31891  0.81493  2.00    1770    1442    4523     5249   2.97
1885-1889     95-99     0.44086  0.90583  1.75     328     297     673      727   2.22
1885-1889    100-104    0.57085  0.95439  1.51      31      29      52       54   1.74
1885-1889    105-109    0.69285  0.97692  1.33       1       1       2        2   1.44
1885-1889    110+       0.78191  1.00000  1.28       0       0       0        0   1.28
1890-1894        0      0.15524  0.14079  0.34  100000   14079   90692  4639329  46.39
1890-1894      1-4      0.01665  0.06378  1.34   85921    5480  329128  4548637  52.94
1890-1894      5-9      0.00421  0.02079  2.05   80441    1672  397277  4219509  52.45
1890-1894     10-14     0.00277  0.01376  2.61   78769    1084  391257  3822232  48.52
1890-1894     15-19     0.00489  0.02418  2.73   77685    1878  384156  3430975  44.17
1890-1894     20-24     0.00751  0.03690  2.59   75807    2798  372295  3046819  40.19
1890-1894     25-29     0.00882  0.04316  2.49   73009    3151  357139  2674524  36.63
1890-1894     30-34     0.00821  0.04024  2.52   69858    2811  342328  2317386  33.17
1890-1894     35-39     0.01074  0.05231  2.54   67047    3507  326591  1975058  29.46
1890-1894     40-44     0.01210  0.05879  2.60   63540    3736  308743  1648467  25.94
1890-1894     45-49     0.01643  0.07894  2.54   59804    4721  287414  1339723  22.40
1890-1894     50-54     0.02287  0.10844  2.61   55083    5973  261150  1052309  19.10
1890-1894     55-59     0.02761  0.12928  2.54   49110    6349  229919   791159  16.11
1890-1894     60-64     0.04278  0.19439  2.65   42761    8312  194277   561241  13.13
1890-1894     65-69     0.05732  0.24991  2.44   34449    8609  150196   366964  10.65
1890-1894     70-74     0.08623  0.35649  2.57   25840    9212  106822   216769   8.39
1890-1894     75-79     0.11004  0.42894  2.43   16628    7132   64818   109947   6.61
1890-1894     80-84     0.19117  0.62273  2.20    9496    5913   30932    45129   4.75
1890-1894     85-89     0.23576  0.70128  2.11    3582    2512   10656    14196   3.96
1890-1894     90-94     0.28878  0.77429  2.01    1070     829    2869     3540   3.31
1890-1894     95-99     0.34979  0.83704  1.89     242     202     578      671   2.78
1890-1894    100-104    0.41734  0.88678  1.76      39      35      84       93   2.35
1890-1894    105-109    0.48899  0.92334  1.63       4       4       8        9   2.03
1890-1894    110+       0.54729  1.00000  1.83       0       0       1        1   1.83
1895-1899        0      0.13285  0.12213  0.34  100000   12213   91929  4937153  49.37
1895-1899      1-4      0.01429  0.05502  1.29   87787    4830  338047  4845224  55.19
1895-1899      5-9      0.00437  0.02159  2.33   82957    1791  409997  4507178  54.33
1895-1899     10-14     0.00355  0.01762  2.55   81166    1430  402331  4097181  50.48
1895-1899     15-19     0.00511  0.02524  2.65   79737    2013  393949  3694851  46.34
1895-1899     20-24     0.00741  0.03638  2.58   77724    2828  381788  3300902  42.47
1895-1899     25-29     0.00764  0.03749  2.46   74896    2808  367361  2919114  38.98
1895-1899     30-34     0.00864  0.04229  2.57   72089    3049  353049  2551753  35.40
1895-1899     35-39     0.01068  0.05203  2.54   69040    3592  336353  2198704  31.85
1895-1899     40-44     0.01102  0.05362  2.47   65447    3509  318350  1862351  28.46
1895-1899     45-49     0.01298  0.06298  2.66   61938    3901  300578  1544002  24.93
1895-1899     50-54     0.01904  0.09087  2.50   58038    5274  276985  1243424  21.42
1895-1899     55-59     0.02248  0.10665  2.61   52764    5627  250360   966439  18.32
1895-1899     60-64     0.03052  0.14197  2.54   47137    6692  219246   716078  15.19
1895-1899     65-69     0.04486  0.20283  2.64   40445    8203  182869   496832  12.28
1895-1899     70-74     0.06249  0.26971  2.46   32241    8696  139154   313963   9.74
1895-1899     75-79     0.09980  0.40132  2.56   23546    9449   94684   174810   7.42
1895-1899     80-84     0.13986  0.51242  2.39   14096    7223   51644    80125   5.68
1895-1899     85-89     0.21280  0.66970  2.23    6873    4603   21630    28482   4.14
1895-1899     90-94     0.31246  0.80831  2.01    2270    1835    5873     6852   3.02
1895-1899     95-99     0.43421  0.90233  1.76     435     393     904      979   2.25
1895-1899    100-104    0.56388  0.95244  1.52      43      40      72       75   1.76
1895-1899    105-109    0.68315  0.97540  1.34       2       2       3        3   1.46
1895-1899    110+       0.76795  1.00000  1.30       0       0       0        0   1.30
1900-1904        0      0.11408  0.10609  0.34  100000   10609   92990  5023321  50.23
1900-1904      1-4      0.01624  0.06225  1.31   89391    5565  342596  4930331  55.15
1900-1904      5-9      0.00431  0.02131  2.32   83826    1786  414353  4587735  54.73
1900-1904     10-14     0.00372  0.01844  2.64   82041    1513  406630  4173382  50.87
1900-1904     15-19     0.00630  0.03106  2.67   80528    2501  396809  3766752  46.78
1900-1904     20-24     0.00798  0.03914  2.51   78026    3054  382528  3369943  43.19
1900-1904     25-29     0.00897  0.04387  2.52   74972    3289  366704  2987415  39.85
1900-1904     30-34     0.00800  0.03920  2.39   71683    2810  351081  2620711  36.56
1900-1904     35-39     0.00807  0.03957  2.58   68873    2725  337781  2269631  32.95
1900-1904     40-44     0.01058  0.05156  2.54   66148    3411  322338  1931850  29.20
1900-1904     45-49     0.01050  0.05117  2.50   62737    3210  305650  1609512  25.65
1900-1904     50-54     0.01400  0.06778  2.66   59527    4035  288201  1303862  21.90
1900-1904     55-59     0.02032  0.09684  2.58   55492    5374  264451  1015661  18.30
1900-1904     60-64     0.03212  0.14940  2.67   50118    7488  233129   751210  14.99
1900-1904     65-69     0.04658  0.20884  2.53   42631    8903  191133   518081  12.15
1900-1904     70-74     0.06929  0.29652  2.57   33728   10001  144331   326948   9.69
1900-1904     75-79     0.08472  0.34756  2.42   23727    8246   97337   182617   7.70
1900-1904     80-84     0.15052  0.53756  2.34   15480    8322   55285    85280   5.51
1900-1904     85-89     0.21364  0.66883  2.20    7159    4788   22411    29994   4.19
1900-1904     90-94     0.29467  0.78578  2.03    2371    1863    6322     7583   3.20
1900-1904     95-99     0.39136  0.87355  1.83     508     444    1134     1261   2.48
1900-1904    100-104    0.49717  0.92936  1.63      64      60     120      128   1.99
1900-1904    105-109    0.60253  0.96056  1.45       5       4       7        7   1.65
1900-1904    110+       0.68403  1.00000  1.46       0       0       0        0   1.46
1905-1909        0      0.12788  0.11790  0.34  100000   11790   92201  5010519  50.11
1905-1909      1-4      0.01426  0.05500  1.42   88210    4851  340310  4918319  55.76
1905-1909      5-9      0.00369  0.01827  2.24   83358    1523  412586  4578009  54.92
1905-1909     10-14     0.00396  0.01962  2.71   81836    1606  405496  4165423  50.90
1905-1909     15-19     0.00696  0.03422  2.67   80230    2746  394750  3759927  46.86
1905-1909     20-24     0.00882  0.04315  2.57   77484    3344  379288  3365177  43.43
1905-1909     25-29     0.00950  0.04635  2.37   74141    3436  361674  2985890  40.27
1905-1909     30-34     0.00711  0.03492  2.50   70705    2469  347340  2624216  37.12
1905-1909     35-39     0.00881  0.04312  2.51   68235    2942  333862  2276876  33.37
1905-1909     40-44     0.00883  0.04324  2.56   65293    2823  319565  1943014  29.76
1905-1909     45-49     0.01254  0.06087  2.59   62470    3802  303181  1623449  25.99
1905-1909     50-54     0.01379  0.06664  2.50   58668    3909  283568  1320268  22.50
1905-1909     55-59     0.01773  0.08510  2.65   54758    4660  262851  1036700  18.93
1905-1909     60-64     0.02780  0.13023  2.58   50098    6525  234720   773849  15.45
1905-1909     65-69     0.04413  0.19984  2.64   43574    8708  197308   539129  12.37
1905-1909     70-74     0.06189  0.26748  2.47   34866    9326  150698   341821   9.80
1905-1909     75-79     0.09384  0.38206  2.57   25540    9758  103980   191123   7.48
1905-1909     80-84     0.14941  0.53529  2.35   15782    8448   56544    87143   5.52
1905-1909     85-89     0.21482  0.67110  2.20    7334    4922   22912    30600   4.17
1905-1909     90-94     0.29635  0.78749  2.03    2412    1900    6410     7688   3.19
1905-1909     95-99     0.39020  0.87218  1.83     513     447    1146     1278   2.49
1905-1909    100-104    0.48985  0.92585  1.64      66      61     124      132   2.02
1905-1909    105-109    0.58798  0.95683  1.48       5       5       8        8   1.69
1905-1909    110+       0.66439  1.00000  1.51       0       0       0        0   1.51
1910-1914        0      0.08659  0.08156  0.29  100000    8156   94199  5493376  54.93
1910-1914      1-4      0.01003  0.03913  1.44   91844    3593  358172  5399177  58.79
1910-1914      5-9      0.00358  0.01773  2.31   88250    1565  437034  5041005  57.12
1910-1914     10-14     0.00289  0.01437  2.63   86685    1245  430478  4603971  53.11
1910-1914     15-19     0.00524  0.02587  2.67   85440    2211  422050  4173493  48.85
1910-1914     20-24     0.00706  0.03470  2.57   83229    2888  409119  3751443  45.07
1910-1914     25-29     0.00775  0.03804  2.53   80341    3056  394170  3342324  41.60
1910-1914     30-34     0.00781  0.03825  2.38   77285    2956  378689  2948154  38.15
1910-1914     35-39     0.00713  0.03503  2.61   74329    2604  365433  2569465  34.57
1910-1914     40-44     0.01039  0.05063  2.49   71725    3632  349518  2204033  30.73
1910-1914     45-49     0.00888  0.04345  2.52   68093    2959  333123  1854514  27.23
1910-1914     50-54     0.01340  0.06496  2.63   65134    4231  315649  1521392  23.36
1910-1914     55-59     0.01666  0.08004  2.56   60903    4875  292632  1205743  19.80
1910-1914     60-64     0.02431  0.11501  2.66   56029    6444  265051   913111  16.30
1910-1914     65-69     0.03609  0.16570  2.54   49585    8216  227673   648060  13.07
1910-1914     70-74     0.05794  0.25519  2.67   41369   10557  182214   420387  10.16
1910-1914     75-79     0.09065  0.36832  2.46   30812   11349  125196   238173   7.73
1910-1914     80-84     0.13441  0.49899  2.42   19463    9712   72257   112978   5.80
1910-1914     85-89     0.21040  0.66590  2.24    9751    6493   30861    40721   4.18
1910-1914     90-94     0.31152  0.80734  2.02    3258    2630    8443     9860   3.03
1910-1914     95-99     0.43264  0.90137  1.76     628     566    1308     1417   2.26
1910-1914    100-104    0.56175  0.95193  1.53      62      59     105      109   1.76
1910-1914    105-109    0.68345  0.97562  1.34       3       3       4        4   1.46
1910-1914    110+       0.77292  1.00000  1.29       0       0       0        0   1.29
1915-1919        0      0.06803  0.06468  0.24  100000    6468   95074  5521711  55.22
1915-1919      1-4      0.00841  0.03295  1.45   93532    3082  366283  5426637  58.02
1915-1919      5-9      0.00301  0.01490  2.13   90450    1347  448388  5060354  55.95
1915-1919     10-14     0.00301  0.01496  2.72   89103    1333  442469  4611966  51.76
1915-1919     15-19     0.00536  0.02645  2.71   87770    2322  433542  4169497  47.51
1915-1919     20-24     0.00827  0.04054  2.57   85448    3464  418832  3735955  43.72
1915-1919     25-29     0.00938  0.04582  2.52   81984    3756  400602  3317123  40.46
1915-1919     30-34     0.00972  0.04746  2.50   78228    3713  381873  2916521  37.28
1915-1919     35-39     0.00949  0.04633  2.43   74515    3452  363689  2534648  34.02
1915-1919     40-44     0.00964  0.04707  2.53   71062    3345  347066  2170959  30.55
1915-1919     45-49     0.01082  0.05268  2.52   67718    3567  329741  1823893  26.93
1915-1919     50-54     0.01283  0.06220  2.56   64151    3990  311027  1494152  23.29
1915-1919     55-59     0.01690  0.08119  2.58   60160    4884  288991  1183125  19.67
1915-1919     60-64     0.02257  0.10705  2.61   55276    5917  262220   894134  16.18
1915-1919     65-69     0.03717  0.17117  2.69   49359    8449  227314   631914  12.80
1915-1919     70-74     0.06076  0.26342  2.48   40910   10777  177368   404600   9.89
1915-1919     75-79     0.09231  0.37802  2.61   30134   11391  123403   227232   7.54
1915-1919     80-84     0.14843  0.53290  2.35   18742    9988   67288   103829   5.54
1915-1919     85-89     0.21406  0.66998  2.21    8754    5865   27400    36541   4.17
1915-1919     90-94     0.29804  0.79001  2.03    2889    2282    7658     9141   3.16
1915-1919     95-99     0.39805  0.87844  1.82     607     533    1339     1482   2.44
1915-1919    100-104    0.50769  0.93368  1.61      74      69     136      144   1.95
1915-1919    105-109    0.61742  0.96399  1.43       5       5       8        8   1.61
1915-1919    110+       0.70309  1.00000  1.42       0       0       0        0   1.42
1920-1924        0      0.06357  0.06058  0.22  100000    6058   95297  5546792  55.47
1920-1924      1-4      0.01042  0.04064  1.57   93942    3818  366476  5451495  58.03
1920-1924      5-9      0.00326  0.01615  2.10   90124    1455  446400  5085019  56.42
1920-1924     10-14     0.00283  0.01407  2.76   88669    1248  440555  4638619  52.31
1920-1924     15-19     0.00575  0.02838  2.72   87421    2481  431449  4198064  48.02
1920-1924     20-24     0.00837  0.04099  2.54   84940    3481  416143  3766616  44.34
1920-1924     25-29     0.00827  0.04047  2.44   81459    3297  398843  3350473  41.13
1920-1924     30-34     0.00777  0.03813  2.50   78162    2980  383363  2951630  37.76
1920-1924     35-39     0.00822  0.04026  2.51   75182    3027  368369  2568267  34.16
1920-1924     40-44     0.00819  0.04012  2.49   72155    2895  353513  2199898  30.49
1920-1924     45-49     0.01046  0.05102  2.59   69260    3534  337790  1846385  26.66
1920-1924     50-54     0.01277  0.06192  2.57   65726    4070  318755  1508595  22.95
1920-1924     55-59     0.01747  0.08380  2.58   61656    5167  295796  1189839  19.30
1920-1924     60-64     0.02441  0.11538  2.64   56489    6518  267061   894043  15.83
1920-1924     65-69     0.03957  0.18066  2.60   49971    9028  228153   626983  12.55
1920-1924     70-74     0.06033  0.26410  2.64   40943   10813  179233   398830   9.74
1920-1924     75-79     0.09947  0.39534  2.41   30130   11911  119749   219597   7.29
1920-1924     80-84     0.14822  0.53319  2.37   18218    9714   65539    99848   5.48
1920-1924     85-89     0.22127  0.68374  2.21    8505    5815   26280    34309   4.03
1920-1924     90-94     0.31722  0.81231  2.00    2690    2185    6888     8029   2.99
1920-1924     95-99     0.43221  0.90056  1.76     505     455    1052     1141   2.26
1920-1924    100-104    0.55589  0.95005  1.54      50      48      86       90   1.78
1920-1924    105-109    0.67400  0.97415  1.35       3       2       4        4   1.48
1920-1924    110+       0.76186  1.00000  1.31       0       0       0        0   1.31
1925-1929        0      0.05572  0.05334  0.20  100000    5334   95740  5987567  59.88
1925-1929      1-4      0.00602  0.02371  1.33   94666    2244  372672  5891827  62.24
1925-1929      5-9      0.00231  0.01148  2.43   92421    1061  459377  5519155  59.72
1925-1929     10-14     0.00237  0.01178  2.76   91360    1076  454386  5059778  55.38
1925-1929     15-19     0.00550  0.02718  2.75   90284    2454  445888  4605392  51.01
1925-1929     20-24     0.00735  0.03607  2.48   87830    3168  431163  4159504  47.36
1925-1929     25-29     0.00616  0.03033  2.44   84662    2568  416726  3728340  44.04
1925-1929     30-34     0.00669  0.03290  2.53   82094    2701  403808  3311615  40.34
1925-1929     35-39     0.00743  0.03650  2.54   79394    2898  389828  2907807  36.63
1925-1929     40-44     0.00772  0.03785  2.49   76496    2896  375196  2517980  32.92
1925-1929     45-49     0.00763  0.03744  2.52   73600    2756  361177  2142783  29.11
1925-1929     50-54     0.01065  0.05190  2.61   70844    3677  345423  1781607  25.15
1925-1929     55-59     0.01350  0.06540  2.59   67167    4393  325268  1436183  21.38
1925-1929     60-64     0.02000  0.09545  2.61   62774    5992  299565  1110915  17.70
1925-1929     65-69     0.02986  0.13947  2.64   56783    7919  265205   811350  14.29
1925-1929     70-74     0.04854  0.21718  2.58   48863   10612  218627   546144  11.18
1925-1929     75-79     0.07403  0.31448  2.61   38251   12029  162488   327517   8.56
1925-1929     80-84     0.11632  0.44995  2.48   26222   11799  101437   165029   6.29
1925-1929     85-89     0.19397  0.63653  2.30   14423    9181   47332    63593   4.41
1925-1929     90-94     0.30158  0.79807  2.05    5243    4184   13873    16261   3.10
1925-1929     95-99     0.43263  0.90240  1.77    1059     955    2208     2387   2.26
1925-1929    100-104    0.57173  0.95506  1.51     103      99     173      179   1.73
1925-1929    105-109    0.70024  0.97804  1.32       5       5       6        7   1.42
1925-1929    110+       0.79243  1.00000  1.26       0       0       0        0   1.26
1930-1934        0      0.04848  0.04663  0.18  100000    4663   96186  6191296  61.91
1930-1934      1-4      0.00457  0.01809  1.44   95337    1724  376932  6095110  63.93
1930-1934      5-9      0.00176  0.00878  2.37   93612     822  465901  5718179  61.08
1930-1934     10-14     0.00174  0.00865  2.70   92790     803  462106  5252277  56.60
1930-1934     15-19     0.00380  0.01886  2.82   91988    1735  456160  4790171  52.07
1930-1934     20-24     0.00688  0.03385  2.59   90253    3055  443895  4334011  48.02
1930-1934     25-29     0.00666  0.03276  2.44   87198    2856  428681  3890116  44.61
1930-1934     30-34     0.00633  0.03114  2.47   84342    2627  415070  3461435  41.04
1930-1934     35-39     0.00611  0.03008  2.48   81715    2458  402370  3046364  37.28
1930-1934     40-44     0.00656  0.03227  2.56   79257    2558  390046  2643995  33.36
1930-1934     45-49     0.00821  0.04024  2.62   76699    3087  376152  2253949  29.39
1930-1934     50-54     0.01075  0.05235  2.51   73612    3854  358453  1877797  25.51
1930-1934     55-59     0.01270  0.06164  2.63   69759    4300  338605  1519344  21.78
1930-1934     60-64     0.02029  0.09675  2.61   65458    6333  312172  1180739  18.04
1930-1934     65-69     0.02860  0.13383  2.61   59125    7913  276720   868567  14.69
1930-1934     70-74     0.04569  0.20580  2.59   51212   10539  230662   591846  11.56
1930-1934     75-79     0.06916  0.29560  2.54   40673   12023  173848   361184   8.88
1930-1934     80-84     0.11735  0.45058  2.42   28650   12909  110004   187336   6.54
1930-1934     85-89     0.17321  0.59030  2.30   15741    9292   53646    77332   4.91
1930-1934     90-94     0.24929  0.72732  2.14    6449    4691   18816    23687   3.67
1930-1934     95-99     0.34598  0.83904  1.93    1759    1475    4265     4871   2.77
1930-1934    100-104    0.45863  0.91364  1.71     283     259     564      606   2.14
1930-1934    105-109    0.57716  0.95537  1.50      24      23      40       42   1.72
1930-1934    110+       0.67200  1.00000  1.49       1       1       2        2   1.49
1935-1939        0      0.04385  0.04231  0.17  100000    4231   96488  6328104  63.28
1935-1939      1-4      0.00504  0.01990  1.35   95769    1906  378034  6231616  65.07
1935-1939      5-9      0.00190  0.00943  2.27   93863     885  466898  5853582  62.36
1935-1939     10-14     0.00175  0.00872  2.70   92978     810  463024  5386684  57.94
1935-1939     15-19     0.00362  0.01796  2.74   92167    1656  457087  4923661  53.42
1935-1939     20-24     0.00510  0.02519  2.53   90512    2280  446938  4466574  49.35
1935-1939     25-29     0.00503  0.02483  2.47   88232    2191  435608  4019636  45.56
1935-1939     30-34     0.00480  0.02370  2.50   86041    2039  425104  3584028  41.65
1935-1939     35-39     0.00509  0.02515  2.51   84002    2113  414751  3158923  37.61
1935-1939     40-44     0.00529  0.02613  2.51   81889    2140  404124  2744172  33.51
1935-1939     45-49     0.00665  0.03272  2.65   79750    2610  392621  2340048  29.34
1935-1939     50-54     0.00964  0.04710  2.60   77140    3633  376995  1947427  25.25
1935-1939     55-59     0.01202  0.05838  2.58   73507    4292  357138  1570432  21.36
1935-1939     60-64     0.01887  0.09035  2.67   69215    6254  331488  1213294  17.53
1935-1939     65-69     0.03121  0.14543  2.66   62961    9156  293365   881806  14.01
1935-1939     70-74     0.05262  0.23330  2.57   53805   12553  238552   588441  10.94
1935-1939     75-79     0.07557  0.31882  2.55   41252   13152  174030   349888   8.48
1935-1939     80-84     0.12719  0.47752  2.39   28100   13418  105498   175859   6.26
1935-1939     85-89     0.18122  0.60634  2.27   14682    8902   49123    70360   4.79
1935-1939     90-94     0.25114  0.72858  2.12    5780    4211   16768    21237   3.67
1935-1939     95-99     0.33657  0.82886  1.94    1569    1300    3863     4469   2.85
1935-1939    100-104    0.43418  0.89967  1.75     268     242     556      606   2.26
1935-1939    105-109    0.53762  0.94335  1.56      27      25      47       50   1.85
1935-1939    110+       0.62160  1.00000  1.61       2       2       2        2   1.61
1940-1944        0      0.04063  0.03929  0.16  100000    3929   96703  6500595  65.01
1940-1944      1-4      0.00326  0.01293  1.54   96071    1242  381230  6403892  66.66
1940-1944      5-9      0.00139  0.00691  2.33   94828     655  472392  6022663  63.51
1940-1944     10-14     0.00113  0.00563  2.75   94173     530  469673  5550271  58.94
1940-1944     15-19     0.00293  0.01454  2.82   93643    1362  465242  5080598  54.25
1940-1944     20-24     0.00485  0.02395  2.56   92282    2210  456012  4615356  50.01
1940-1944     25-29     0.00462  0.02282  2.48   90071    2055  445182  4159344  46.18
1940-1944     30-34     0.00528  0.02604  2.52   88016    2292  434394  3714162  42.20
1940-1944     35-39     0.00486  0.02400  2.47   85725    2057  423419  3279768  38.26
1940-1944     40-44     0.00549  0.02708  2.57   83667    2265  412834  2856349  34.14
1940-1944     45-49     0.00677  0.03331  2.56   81402    2712  400405  2443515  30.02
1940-1944     50-54     0.00874  0.04279  2.61   78690    3367  385395  2043111  25.96
1940-1944     55-59     0.01154  0.05618  2.63   75323    4232  366564  1657716  22.01
1940-1944     60-64     0.01754  0.08421  2.64   71091    5987  341347  1291151  18.16
1940-1944     65-69     0.02894  0.13544  2.64   65104    8818  304738   949804  14.59
1940-1944     70-74     0.04291  0.19446  2.59   56287   10946  255090   645067  11.46
1940-1944     75-79     0.07125  0.30430  2.60   45341   13797  193654   389977   8.60
1940-1944     80-84     0.12262  0.46648  2.44   31544   14715  120003   196323   6.22
1940-1944     85-89     0.18980  0.62621  2.28   16829   10539   55527    76319   4.53
1940-1944     90-94     0.28119  0.77202  2.08    6291    4856   17271    20793   3.31
1940-1944     95-99     0.39471  0.87803  1.84    1434    1259    3190     3522   2.46
1940-1944    100-104    0.52135  0.93974  1.60     175     164     315      332   1.90
1940-1944    105-109    0.64661  0.97006  1.39      11      10      16       16   1.54
1940-1944    110+       0.74182  1.00000  1.35       0       0       0        0   1.35
1945-1949        0      0.02795  0.02729  0.13  100000    2729   97614  6943772  69.44
1945-1949      1-4      0.00225  0.00895  1.66   97271     870  387046  6846158  70.38
1945-1949      5-9      0.00109  0.00545  2.26   96401     526  480567  6459112  67.00
1945-1949     10-14     0.00084  0.00421  2.64   95875     404  478424  5978545  62.36
1945-1949     15-19     0.00154  0.00766  2.75   95472     731  475715  5500120  57.61
1945-1949     20-24     0.00250  0.01244  2.61   94741    1179  470882  5024406  53.03
1945-1949     25-29     0.00301  0.01494  2.55   93562    1397  464391  4553524  48.67
1945-1949     30-34     0.00326  0.01619  2.49   92164    1492  457077  4089133  44.37
1945-1949     35-39     0.00322  0.01599  2.51   90672    1450  449752  3632056  40.06
1945-1949     40-44     0.00380  0.01884  2.63   89222    1681  442119  3182305  35.67
1945-1949     45-49     0.00552  0.02722  2.59   87541    2383  431975  2740186  31.30
1945-1949     50-54     0.00683  0.03362  2.60   85158    2863  418928  2308211  27.11
1945-1949     55-59     0.01082  0.05277  2.69   82295    4342  401429  1889283  22.96
1945-1949     60-64     0.01630  0.07848  2.64   77952    6118  375318  1487854  19.09
1945-1949     65-69     0.02453  0.11585  2.60   71835    8322  339190  1112535  15.49
1945-1949     70-74     0.03903  0.17870  2.64   63513   11350  290771   773346  12.18
1945-1949     75-79     0.06388  0.27657  2.58   52163   14426  225838   482575   9.25
1945-1949     80-84     0.10530  0.41646  2.49   37736   15716  149253   256737   6.80
1945-1949     85-89     0.17050  0.58658  2.34   22021   12917   75757   107484   4.88
1945-1949     90-94     0.26286  0.74916  2.13    9104    6820   25946    31726   3.48
1945-1949     95-99     0.38111  0.86944  1.87    2284    1985    5210     5781   2.53
1945-1949    100-104    0.51542  0.93832  1.61     298     280     543      571   1.92
1945-1949    105-109    0.64877  0.97072  1.39      18      18      28       28   1.54
1945-1949    110+       0.74933  1.00000  1.33       1       1       1        1   1.33
1950-1954        0      0.02185  0.02143  0.11  100000    2143   98089  7206961  72.07
1950-1954      1-4      0.00136  0.00542  1.69   97857     531  390201  7108872  72.65
1950-1954      5-9      0.00080  0.00399  2.22   97326     388  485551  6718670  69.03
1950-1954     10-14     0.00046  0.00232  2.61   96937     225  484151  6233119  64.30
1950-1954     15-19     0.00107  0.00534  2.69   96713     516  482371  5748968  59.44
1950-1954     20-24     0.00134  0.00670  2.60   96197     644  479439  5266598  54.75
1950-1954     25-29     0.00177  0.00880  2.53   95552     841  475689  4787159  50.10
1950-1954     30-34     0.00190  0.00946  2.61   94712     896  471421  4311470  45.52
1950-1954     35-39     0.00278  0.01380  2.59   93816    1295  465952  3840049  40.93
1950-1954     40-44     0.00325  0.01611  2.61   92521    1490  459037  3374097  36.47
1950-1954     45-49     0.00475  0.02349  2.64   91030    2138  450096  2915059  32.02
1950-1954     50-54     0.00648  0.03193  2.60   88892    2838  437658  2464963  27.73
1950-1954     55-59     0.00885  0.04332  2.62   86055    3728  421391  2027305  23.56
1950-1954     60-64     0.01413  0.06840  2.70   82326    5631  398679  1605914  19.51
1950-1954     65-69     0.02318  0.10996  2.66   76695    8434  363764  1207235  15.74
1950-1954     70-74     0.03727  0.17102  2.59   68261   11674  313212   843471  12.36
1950-1954     75-79     0.06243  0.27185  2.63   56588   15383  246422   530259   9.37
1950-1954     80-84     0.10623  0.41851  2.47   41204   17244  162327   283837   6.89
1950-1954     85-89     0.16394  0.57070  2.34   23960   13674   83410   121510   5.07
1950-1954     90-94     0.24520  0.72253  2.16   10286    7432   30311    38100   3.70
1950-1954     95-99     0.35083  0.84454  1.93    2854    2410    6871     7789   2.73
1950-1954    100-104    0.47490  0.92205  1.68     444     409     861      918   2.07
1950-1954    105-109    0.60420  0.96217  1.46      35      33      55       57   1.65
1950-1954    110+       0.70597  1.00000  1.42       1       1       2        2   1.42
1955-1959        0      0.01880  0.01849  0.10  100000    1849   98337  7316511  73.17
1955-1959      1-4      0.00100  0.00401  1.70   98151     393  391700  7218174  73.54
1955-1959      5-9      0.00044  0.00218  1.97   97758     213  488143  6826474  69.83
1955-1959     10-14     0.00049  0.00243  2.72   97545     237  487183  6338331  64.98
1955-1959     15-19     0.00075  0.00376  2.81   97308     365  485740  5851148  60.13
1955-1959     20-24     0.00142  0.00707  2.55   96942     685  483032  5365408  55.35
1955-1959     25-29     0.00118  0.00589  2.48   96257     567  479855  4882377  50.72
1955-1959     30-34     0.00155  0.00771  2.63   95690     738  476700  4402522  46.01
1955-1959     35-39     0.00202  0.01007  2.59   94952     956  472455  3925822  41.35
1955-1959     40-44     0.00261  0.01298  2.65   93996    1220  467112  3453367  36.74
1955-1959     45-49     0.00431  0.02134  2.70   92776    1980  459321  2986255  32.19
1955-1959     50-54     0.00632  0.03112  2.60   90797    2826  447196  2526934  27.83
1955-1959     55-59     0.00864  0.04235  2.67   87971    3726  431156  2079737  23.64
1955-1959     60-64     0.01378  0.06668  2.60   84245    5617  407754  1648582  19.57
1955-1959     65-69     0.02071  0.09886  2.72   78628    7773  375430  1240828  15.78
1955-1959     70-74     0.03921  0.17949  2.65   70854   12717  324338   865398  12.21
1955-1959     75-79     0.05966  0.26063  2.58   58137   15152  253996   541061   9.31
1955-1959     80-84     0.11111  0.43328  2.46   42985   18624  167618   287065   6.68
1955-1959     85-89     0.17192  0.58851  2.32   24360   14336   83391   119447   4.90
1955-1959     90-94     0.25478  0.73620  2.13   10024    7380   28965    36056   3.60
1955-1959     95-99     0.35845  0.85023  1.91    2644    2248    6272     7091   2.68
1955-1959    100-104    0.47609  0.92182  1.68     396     365     767      819   2.07
1955-1959    105-109    0.59616  0.95990  1.47      31      30      50       52   1.67
1955-1959    110+       0.69015  1.00000  1.45       1       1       2        2   1.45
1960-1964        0      0.01701  0.01675  0.10  100000    1675   98485  7354968  73.55
1960-1964      1-4      0.00116  0.00464  1.52   98325     456  392169  7256482  73.80
1960-1964      5-9      0.00040  0.00199  2.31   97869     195  488818  6864313  70.14
1960-1964     10-14     0.00040  0.00202  2.63   97673     197  487901  6375495  65.27
1960-1964     15-19     0.00063  0.00316  2.78   97476     308  486699  5887594  60.40
1960-1964     20-24     0.00123  0.00612  2.61   97168     595  484418  5400895  55.58
1960-1964     25-29     0.00110  0.00548  2.47   96573     529  481530  4916477  50.91
1960-1964     30-34     0.00133  0.00663  2.58   96044     637  478682  4434947  46.18
1960-1964     35-39     0.00165  0.00820  2.64   95407     782  475192  3956265  41.47
1960-1964     40-44     0.00280  0.01389  2.72   94625    1315  470136  3481072  36.79
1960-1964     45-49     0.00426  0.02110  2.59   93311    1969  461810  3010937  32.27
1960-1964     50-54     0.00590  0.02913  2.72   91342    2660  450641  2549127  27.91
1960-1964     55-59     0.01022  0.04990  2.61   88682    4425  432848  2098486  23.66
1960-1964     60-64     0.01285  0.06233  2.60   84257    5252  408704  1665638  19.77
1960-1964     65-69     0.02046  0.09761  2.64   79005    7712  376844  1256934  15.91
1960-1964     70-74     0.03459  0.16013  2.69   71294   11416  330059   880090  12.34
1960-1964     75-79     0.06362  0.27659  2.64   59877   16561  260310   550031   9.19
1960-1964     80-84     0.10968  0.42934  2.47   43316   18597  169562   289721   6.69
1960-1964     85-89     0.17302  0.59141  2.33   24719   14619   84492   120159   4.86
1960-1964     90-94     0.25997  0.74405  2.13   10100    7515   28907    35668   3.53
1960-1964     95-99     0.36836  0.85857  1.89    2585    2219    6025     6761   2.62
1960-1964    100-104    0.48970  0.92769  1.65     366     339     693      736   2.01
1960-1964    105-109    0.61105  0.96315  1.45      26      25      42       43   1.63
1960-1964    110+       0.70454  1.00000  1.42       1       1       1        1   1.42
1965-1969        0      0.01357  0.01340  0.09  100000    1340   98776  7366075  73.66
1965-1969      1-4      0.00094  0.00376  1.85   98660     371  393841  7267300  73.66
1965-1969      5-9      0.00043  0.00217  2.32   98289     214  490873  6873459  69.93
1965-1969     10-14     0.00033  0.00165  2.78   98075     162  490017  6382586  65.08
1965-1969     15-19     0.00093  0.00464  2.72   97913     454  488531  5892569  60.18
1965-1969     20-24     0.00110  0.00550  2.49   97459     536  485951  5404038  55.45
1965-1969     25-29     0.00123  0.00611  2.62   96923     592  483207  4918087  50.74
1965-1969     30-34     0.00163  0.00810  2.52   96331     780  479725  4434880  46.04
1965-1969     35-39     0.00162  0.00809  2.59   95551     773  475890  3955155  41.39
1965-1969     40-44     0.00252  0.01252  2.67   94778    1186  471133  3479265  36.71
1965-1969     45-49     0.00401  0.01989  2.70   93592    1861  463683  3008132  32.14
1965-1969     50-54     0.00656  0.03230  2.66   91731    2962  451713  2544449  27.74
1965-1969     55-59     0.00962  0.04704  2.61   88768    4175  433880  2092737  23.58
1965-1969     60-64     0.01365  0.06613  2.67   84593    5594  409922  1658857  19.61
1965-1969     65-69     0.02351  0.11136  2.63   78998    8797  374181  1248935  15.81
1965-1969     70-74     0.03465  0.15989  2.59   70201   11224  323905   874754  12.46
1965-1969     75-79     0.05857  0.25716  2.63   58977   15166  258955   550849   9.34
1965-1969     80-84     0.10741  0.42320  2.50   43810   18541  172609   291894   6.66
1965-1969     85-89     0.17721  0.60177  2.33   25270   15207   85812   119286   4.72
1965-1969     90-94     0.27724  0.76904  2.11   10063    7739   27914    33474   3.33
1965-1969     95-99     0.40534  0.88673  1.83    2324    2061    5085     5559   2.39
1965-1969    100-104    0.54868  0.94929  1.56     263     250     455      475   1.80
1965-1969    105-109    0.68634  0.97650  1.34      13      13      19       19   1.45
1965-1969    110+       0.78636  1.00000  1.27       0       0       0        0   1.27
1970-1974        0      0.01198  0.01185  0.08  100000    1185   98912  7410604  74.11
1970-1974      1-4      0.00072  0.00286  1.68   98815     283  394606  7311691  73.99
1970-1974      5-9      0.00041  0.00205  2.23   98533     202  492106  6917085  70.20
1970-1974     10-14     0.00024  0.00119  2.82   98331     117  491401  6424980  65.34
1970-1974     15-19     0.00077  0.00386  2.73   98214     379  490212  5933578  60.41
1970-1974     20-24     0.00096  0.00479  2.59   97835     468  488048  5443366  55.64
1970-1974     25-29     0.00131  0.00655  2.56   97367     638  485279  4955318  50.89
1970-1974     30-34     0.00143  0.00711  2.61   96729     688  481999  4470039  46.21
1970-1974     35-39     0.00205  0.01020  2.57   96042     980  477828  3988040  41.52
1970-1974     40-44     0.00237  0.01181  2.65   95062    1122  472668  3510211  36.93
1970-1974     45-49     0.00397  0.01969  2.67   93940    1850  465383  3037543  32.34
1970-1974     50-54     0.00628  0.03096  2.72   92090    2851  453942  2572160  27.93
1970-1974     55-59     0.01050  0.05123  2.62   89239    4572  435301  2118218  23.74
1970-1974     60-64     0.01424  0.06887  2.63   84667    5831  409536  1682917  19.88
1970-1974     65-69     0.02246  0.10665  2.63   78836    8408  374274  1273381  16.15
1970-1974     70-74     0.03470  0.16020  2.61   70428   11283  325173   899107  12.77
1970-1974     75-79     0.05599  0.24655  2.58   59145   14582  260435   573934   9.70
1970-1974     80-84     0.09616  0.38914  2.55   44563   17341  180343   313499   7.04
1970-1974     85-89     0.16741  0.58107  2.37   27222   15818   94483   133156   4.89
1970-1974     90-94     0.27004  0.76063  2.13   11404    8674   32122    38674   3.39
1970-1974     95-99     0.40344  0.88624  1.84    2730    2419    5996     6552   2.40
1970-1974    100-104    0.55316  0.95092  1.55     311     295     534      556   1.79
1970-1974    105-109    0.69555  0.97783  1.32      15      15      21       22   1.43
1970-1974    110+       0.79727  1.00000  1.25       0       0       0        0   1.25
1975-1979        0      0.00950  0.00942  0.07  100000     942   99128  7623431  76.23
1975-1979      1-4      0.00072  0.00289  1.60   99058     287  395544  7524302  75.96
1975-1979      5-9      0.00039  0.00192  2.40   98771     190  493361  7128758  72.17
1975-1979     10-14     0.00028  0.00142  2.75   98581     140  492589  6635397  67.31
1975-1979     15-19     0.00080  0.00399  2.69   98441     393  491296  6142808  62.40
1975-1979     20-24     0.00086  0.00428  2.43   98048     420  489160  5651512  57.64
1975-1979     25-29     0.00073  0.00362  2.53   97628     353  487266  5162352  52.88
1975-1979     30-34     0.00101  0.00506  2.60   97275     492  485195  4675086  48.06
1975-1979     35-39     0.00144  0.00715  2.70   96783     692  482320  4189890  43.29
1975-1979     40-44     0.00239  0.01187  2.65   96091    1141  477778  3707570  38.58
1975-1979     45-49     0.00338  0.01678  2.65   94950    1593  471012  3229792  34.02
1975-1979     50-54     0.00539  0.02662  2.68   93357    2485  461017  2758780  29.55
1975-1979     55-59     0.00874  0.04283  2.67   90872    3892  445272  2297763  25.29
1975-1979     60-64     0.01290  0.06257  2.62   86979    5443  421951  1852491  21.30
1975-1979     65-69     0.01969  0.09409  2.65   81537    7672  389622  1430540  17.54
1975-1979     70-74     0.02967  0.13844  2.59   73865   10226  344673  1040918  14.09
1975-1979     75-79     0.04497  0.20309  2.62   63639   12924  287413   696245  10.94
1975-1979     80-84     0.08174  0.34078  2.56   50715   17283  211421   408833   8.06
1975-1979     85-89     0.13186  0.49199  2.42   33432   16448  124737   197412   5.90
1975-1979     90-94     0.20452  0.65476  2.25   16984   11120   54374    72675   4.28
1975-1979     95-99     0.30095  0.79536  2.04    5864    4664   15496    18302   3.12
1975-1979    100-104    0.41678  0.89186  1.79    1200    1070    2568     2805   2.34
1975-1979    105-109    0.54145  0.94588  1.56     130     123     227      238   1.83
1975-1979    110+       0.64200  1.00000  1.56       7       7      11       11   1.56
1980-1984        0      0.00644  0.00640  0.07  100000     640   99402  7675217  76.75
1980-1984      1-4      0.00035  0.00140  1.72   99360     139  397124  7575815  76.25
1980-1984      5-9      0.00029  0.00145  2.10   99221     143  495689  7178691  72.35
1980-1984     10-14     0.00019  0.00096  2.61   99078      95  495160  6683003  67.45
1980-1984     15-19     0.00075  0.00374  2.87   98982     370  494122  6187843  62.51
1980-1984     20-24     0.00079  0.00393  2.51   98612     387  492093  5693721  57.74
1980-1984     25-29     0.00081  0.00405  2.56   98224     398  490151  5201629  52.96
1980-1984     30-34     0.00094  0.00471  2.54   97826     460  487998  4711478  48.16
1980-1984     35-39     0.00119  0.00596  2.66   97366     580  485470  4223480  43.38
1980-1984     40-44     0.00198  0.00984  2.85   96786     952  481880  3738010  38.62
1980-1984     45-49     0.00293  0.01456  2.74   95834    1395  476023  3256130  33.98
1980-1984     50-54     0.00483  0.02391  2.79   94439    2258  467206  2780107  29.44
1980-1984     55-59     0.00770  0.03783  2.69   92180    3487  452849  2312901  25.09
1980-1984     60-64     0.01228  0.05964  2.57   88693    5290  430609  1860052  20.97
1980-1984     65-69     0.02063  0.09821  2.56   83403    8191  397024  1429442  17.14
1980-1984     70-74     0.03242  0.15049  2.62   75212   11319  349138  1032419  13.73
1980-1984     75-79     0.05036  0.22431  2.57   63893   14332  284608   683281  10.69
1980-1984     80-84     0.07920  0.33210  2.57   49561   16459  207824   398673   8.04
1980-1984     85-89     0.13709  0.50587  2.41   33102   16745  122148   190849   5.77
1980-1984     90-94     0.20807  0.66212  2.25   16357   10830   52051    68701   4.20
1980-1984     95-99     0.31257  0.80912  2.02    5526    4472   14306    16650   3.01
1980-1984    100-104    0.43979  0.90589  1.75    1055     956    2173     2344   2.22
1980-1984    105-109    0.57632  0.95614  1.51      99      95     165      171   1.72
1980-1984    110+       0.68533  1.00000  1.46       4       4       6        6   1.46
1985-1989        0      0.00565  0.00562  0.06  100000     562   99474  7756578  77.57
1985-1989      1-4      0.00031  0.00125  2.06   99438     124  397510  7657104  77.00
1985-1989      5-9      0.00021  0.00103  2.93   99313     103  496354  7259594  73.10
1985-1989     10-14     0.00017  0.00085  3.27   99211      85  495907  6763239  68.17
1985-1989     15-19     0.00072  0.00360  2.78   99126     357  494836  6267332  63.23
1985-1989     20-24     0.00071  0.00353  2.12   98769     349  492842  5772496  58.44
1985-1989     25-29     0.00083  0.00415  2.64   98420     409  491137  5279654  53.64
1985-1989     30-34     0.00070  0.00350  2.49   98012     343  489197  4788517  48.86
1985-1989     35-39     0.00106  0.00527  2.99   97669     514  487313  4299320  44.02
1985-1989     40-44     0.00144  0.00719  2.73   97155     699  484184  3812008  39.24
1985-1989     45-49     0.00291  0.01443  2.65   96456    1392  479004  3327824  34.50
1985-1989     50-54     0.00443  0.02189  2.57   95064    2081  470258  2848819  29.97
1985-1989     55-59     0.00674  0.03318  2.61   92983    3086  457546  2378562  25.58
1985-1989     60-64     0.01130  0.05510  2.75   89898    4953  438345  1921016  21.37
1985-1989     65-69     0.01779  0.08536  2.65   84944    7251  407671  1482671  17.45
1985-1989     70-74     0.03008  0.14054  2.67   77693   10919  363015  1075000  13.84
1985-1989     75-79     0.05113  0.22696  2.53   66774   15155  296428   711985  10.66
1985-1989     80-84     0.08044  0.33580  2.54   51619   17334  215500   415556   8.05
1985-1989     85-89     0.13201  0.49300  2.43   34285   16903  128041   200057   5.84
1985-1989     90-94     0.21105  0.66797  2.25   17383   11611   55016    72015   4.14
1985-1989     95-99     0.32034  0.81780  2.01    5771    4720   14734    17000   2.95
1985-1989    100-104    0.45429  0.91379  1.73    1052     961    2115     2266   2.15
1985-1989    105-109    0.59714  0.96130  1.47      91      87     146      151   1.66
1985-1989    110+       0.70975  1.00000  1.41       4       4       5        5   1.41
1990-1994        0      0.00480  0.00478  0.06  100000     478   99551  7852471  78.52
1990-1994      1-4      0.00028  0.00111  1.77   99522     110  397842  7752920  77.90
1990-1994      5-9      0.00011  0.00053  2.76   99412      53  496940  7355078  73.99
1990-1994     10-14     0.00013  0.00066  3.09   99359      65  496670  6858139  69.02
1990-1994     15-19     0.00063  0.00315  3.05   99294     313  495858  6361469  64.07
1990-1994     20-24     0.00060  0.00298  2.24   98980     295  494087  5865611  59.26
1990-1994     25-29     0.00060  0.00300  2.66   98685     296  492734  5371524  54.43
1990-1994     30-34     0.00063  0.00315  2.78   98389     310  491259  4878790  49.59
1990-1994     35-39     0.00101  0.00503  2.80   98080     494  489310  4387531  44.73
1990-1994     40-44     0.00133  0.00662  2.62   97586     646  486394  3898221  39.95
1990-1994     45-49     0.00248  0.01234  2.80   96940    1196  482066  3411826  35.20
1990-1994     50-54     0.00414  0.02052  2.73   95744    1965  474266  2929760  30.60
1990-1994     55-59     0.00654  0.03221  2.61   93779    3020  461679  2455495  26.18
1990-1994     60-64     0.01003  0.04902  2.73   90759    4449  443676  1993816  21.97
1990-1994     65-69     0.01617  0.07782  2.60   86310    6716  415424  1550140  17.96
1990-1994     70-74     0.02804  0.13153  2.65   79593   10469  373409  1134716  14.26
1990-1994     75-79     0.04704  0.21126  2.59   69124   14603  310444   761307  11.01
1990-1994     80-84     0.07590  0.31977  2.54   54521   17434  229691   450863   8.27
1990-1994     85-89     0.12817  0.48128  2.41   37087   17849  139261   221171   5.96
1990-1994     90-94     0.20318  0.65378  2.27   19238   12577   61901    81910   4.26
1990-1994     95-99     0.31267  0.81037  2.03    6660    5397   17262    20009   3.00
1990-1994    100-104    0.44972  0.91200  1.74    1263    1152    2561     2746   2.17
1990-1994    105-109    0.59749  0.96163  1.47     111     107     179      185   1.66
1990-1994    110+       0.71404  1.00000  1.40       4       4       6        6   1.40
1995-1999        0      0.00402  0.00401  0.06  100000     401   99623  7893847  78.94
1995-1999      1-4      0.00031  0.00122  1.85   99599     121  398136  7794224  78.26
1995-1999      5-9      0.00018  0.00089  2.08   99478      89  497129  7396089  74.35
1995-1999     10-14     0.00019  0.00097  3.03   99389      96  496756  6898960  69.41
1995-1999     15-19     0.00052  0.00260  2.80   99293     258  495896  6402204  64.48
1995-1999     20-24     0.00058  0.00288  2.13   99035     285  494353  5906309  59.64
1995-1999     25-29     0.00056  0.00280  2.58   98749     276  493078  5411955  54.81
1995-1999     30-34     0.00065  0.00322  2.43   98473     317  491548  4918877  49.95
1995-1999     35-39     0.00075  0.00375  2.51   98156     368  489863  4427329  45.11
1995-1999     40-44     0.00127  0.00634  2.61   97788     620  487456  3937466  40.27
1995-1999     45-49     0.00202  0.01004  2.70   97168     976  483597  3450010  35.51
1995-1999     50-54     0.00328  0.01629  2.58   96192    1567  477173  2966413  30.84
1995-1999     55-59     0.00647  0.03184  2.61   94625    3013  465928  2489240  26.31
1995-1999     60-64     0.00924  0.04523  2.72   91613    4144  448621  2023312  22.09
1995-1999     65-69     0.01551  0.07483  2.67   87469    6545  422104  1574691  18.00
1995-1999     70-74     0.02612  0.12313  2.67   80923    9964  381415  1152587  14.24
1995-1999     75-79     0.04548  0.20519  2.62   70960   14560  320130   771172  10.87
1995-1999     80-84     0.08016  0.33506  2.55   56399   18897  235730   451042   8.00
1995-1999     85-89     0.13387  0.49954  2.46   37502   18734  139943   215312   5.74
1995-1999     90-94     0.21881  0.68233  2.24   18768   12806   58527    75369   4.02
1995-1999     95-99     0.33571  0.83345  1.98    5962    4969   14802    16842   2.82
1995-1999    100-104    0.47795  0.92503  1.69     993     919    1922     2040   2.05
1995-1999    105-109    0.62625  0.96738  1.43      74      72     115      118   1.59
1995-1999    110+       0.74013  1.00000  1.35       2       2       3        3   1.35
2000-2004        0      0.00262  0.00261  0.06  100000     261   99753  8054110  80.54
2000-2004      1-4      0.00019  0.00076  1.31   99739      76  398751  7954357  79.75
2000-2004      5-9      0.00014  0.00068  2.60   99663      67  498154  7555606  75.81
2000-2004     10-14     0.00014  0.00071  2.66   99596      71  497813  7057452  70.86
2000-2004     15-19     0.00035  0.00176  2.89   99525     175  497253  6559640  65.91
2000-2004     20-24     0.00070  0.00351  2.29   99349     348  495802  6062387  61.02
2000-2004     25-29     0.00063  0.00313  2.37   99001     310  494191  5566585  56.23
2000-2004     30-34     0.00061  0.00305  2.49   98691     301  492702  5072394  51.40
2000-2004     35-39     0.00059  0.00294  2.61   98390     289  491260  4579692  46.55
2000-2004     40-44     0.00127  0.00632  2.78   98101     620  489127  4088432  41.68
2000-2004     45-49     0.00179  0.00890  2.74   97481     868  485445  3599304  36.92
2000-2004     50-54     0.00296  0.01468  2.71   96613    1419  479809  3113859  32.23
2000-2004     55-59     0.00512  0.02531  2.60   95194    2409  470187  2634050  27.67
2000-2004     60-64     0.00802  0.03942  2.78   92785    3657  455821  2163863  23.32
2000-2004     65-69     0.01255  0.06099  2.73   89128    5436  433287  1708042  19.16
2000-2004     70-74     0.02246  0.10662  2.63   83692    8923  397331  1274755  15.23
2000-2004     75-79     0.03744  0.17219  2.67   74769   12874  343903   877424  11.74
2000-2004     80-84     0.06754  0.28889  2.50   61895   17881  264746   533521   8.62
2000-2004     85-89     0.12059  0.46479  2.54   44014   20457  169645   268775   6.11
2000-2004     90-94     0.20480  0.65810  2.29   23557   15503   75695    99131   4.21
2000-2004     95-99     0.32387  0.82292  2.01    8054    6628   20464    23435   2.91
2000-2004    100-104    0.47074  0.92243  1.70    1426    1316    2795     2971   2.08
2000-2004    105-109    0.62463  0.96730  1.43     111     107     171      176   1.59
2000-2004    110+       0.74241  1.00000  1.35       4       4       5        5   1.35
2005-2009        0      0.00202  0.00201  0.05  100000     201   99810  8136534  81.37
2005-2009      1-4      0.00023  0.00091  1.26   99799      91  398947  8036724  80.53
2005-2009      5-9      0.00007  0.00033  2.48   99708      33  498458  7637777  76.60
2005-2009     10-14     0.00008  0.00040  2.69   99675      40  498285  7139319  71.63
2005-2009     15-19     0.00035  0.00175  3.24   99636     174  497873  6641034  66.65
2005-2009     20-24     0.00052  0.00260  2.45   99462     258  496651  6143161  61.76
2005-2009     25-29     0.00042  0.00209  2.76   99203     207  495554  5646511  56.92
2005-2009     30-34     0.00049  0.00247  2.74   98996     244  494430  5150957  52.03
2005-2009     35-39     0.00065  0.00322  2.55   98752     318  492982  4656527  47.15
2005-2009     40-44     0.00096  0.00481  2.79   98434     473  491126  4163546  42.30
2005-2009     45-49     0.00167  0.00832  2.79   97961     815  488001  3672420  37.49
2005-2009     50-54     0.00266  0.01321  2.64   97146    1283  482700  3184419  32.78
2005-2009     55-59     0.00430  0.02125  2.54   95863    2037  474307  2701719  28.18
2005-2009     60-64     0.00732  0.03599  2.65   93825    3376  461207  2227413  23.74
2005-2009     65-69     0.01180  0.05740  2.66   90449    5191  440104  1766206  19.53
2005-2009     70-74     0.02060  0.09823  2.65   85257    8375  406608  1326102  15.55
2005-2009     75-79     0.03549  0.16359  2.61   76882   12578  354381   919494  11.96
2005-2009     80-84     0.06398  0.27775  2.63   64305   17860  279155   565113   8.79
2005-2009     85-89     0.11802  0.45679  2.53   46445   21215  179757   285958   6.16
2005-2009     90-94     0.20331  0.65710  2.31   25229   16578   81541   106201   4.21
2005-2009     95-99     0.33111  0.83098  2.00    8651    7189   21712    24660   2.85
2005-2009    100-104    0.48730  0.93000  1.68    1462    1360    2791     2948   2.02
2005-2009    105-109    0.64810  0.97161  1.40     102      99     153      157   1.54
2005-2009    110+       0.76788  1.00000  1.30       3       3       4        4   1.30
2010-2013        0      0.00151  0.00150  0.05  100000     150   99858  8211331  82.11
2010-2013      1-4      0.00017  0.00069  1.27   99850      68  399211  8111473  81.24
2010-2013      5-9      0.00008  0.00040  1.83   99781      40  498779  7712262  77.29
2010-2013     10-14     0.00013  0.00064  2.95   99741      64  498576  7213482  72.32
2010-2013     15-19     0.00025  0.00124  2.56   99678     124  498086  6714907  67.37
2010-2013     20-24     0.00038  0.00188  2.55   99554     187  497311  6216821  62.45
2010-2013     25-29     0.00044  0.00218  2.52   99367     217  496298  5719510  57.56
2010-2013     30-34     0.00067  0.00334  2.55   99150     332  494938  5223212  52.68
2010-2013     35-39     0.00067  0.00336  2.20   98819     332  493164  4728274  47.85
2010-2013     40-44     0.00105  0.00525  2.77   98487     517  491278  4235110  43.00
2010-2013     45-49     0.00147  0.00730  2.56   97969     715  488104  3743831  38.21
2010-2013     50-54     0.00215  0.01072  2.66   97254    1043  483832  3255727  33.48
2010-2013     55-59     0.00365  0.01809  2.83   96212    1740  477280  2771895  28.81
2010-2013     60-64     0.00646  0.03182  2.66   94472    3006  465327  2294615  24.29
2010-2013     65-69     0.01133  0.05522  2.70   91465    5051  445711  1829288  20.00
2010-2013     70-74     0.01752  0.08431  2.76   86415    7286  415773  1383577  16.01
2010-2013     75-79     0.03281  0.15231  2.65   79129   12052  367305   967803  12.23
2010-2013     80-84     0.06092  0.26565  2.59   67077   17819  292522   600498   8.95
2010-2013     85-89     0.11270  0.44115  2.54   49258   21730  192813   307976   6.25
2010-2013     90-94     0.20528  0.65700  2.26   27528   18086   88102   115163   4.18
2010-2013     95-99     0.32865  0.82922  2.01    9442    7830   23824    27060   2.87
2010-2013    100-104    0.48943  0.93126  1.67    1613    1502    3068     3237   2.01
2010-2013    105-109    0.65516  0.97290  1.39     111     108     165      168   1.52
2010-2013    110+       0.77748  1.00000  1.29       3       3       4        4   1.29
