Israel, Total Population, Life tables (period 5x5), Total     Last modified: 30-Oct-2015, MPv5 (May07)

  Year          Age         mx       qx    ax      lx      dx      Lx       Tx     ex
1983-1984        0      0.01345  0.01328  0.09  100000    1328   98785  7497383  74.97
1983-1984      1-4      0.00068  0.00273  1.58   98672     269  394035  7398598  74.98
1983-1984      5-9      0.00026  0.00130  2.32   98402     128  491668  7004563  71.18
1983-1984     10-14     0.00026  0.00128  2.80   98274     126  491093  6512895  66.27
1983-1984     15-19     0.00053  0.00267  2.98   98148     262  490211  6021802  61.35
1983-1984     20-24     0.00071  0.00352  2.44   97886     345  488549  5531591  56.51
1983-1984     25-29     0.00065  0.00325  2.53   97541     317  486923  5043042  51.70
1983-1984     30-34     0.00079  0.00396  2.60   97224     385  485198  4556119  46.86
1983-1984     35-39     0.00106  0.00530  2.60   96839     513  482965  4070921  42.04
1983-1984     40-44     0.00167  0.00833  2.74   96326     802  479820  3587956  37.25
1983-1984     45-49     0.00301  0.01493  2.79   95524    1426  474468  3108136  32.54
1983-1984     50-54     0.00521  0.02576  2.75   94098    2424  465039  2633668  27.99
1983-1984     55-59     0.00870  0.04262  2.64   91673    3907  449152  2168629  23.66
1983-1984     60-64     0.01398  0.06769  2.66   87766    5941  424912  1719477  19.59
1983-1984     65-69     0.02296  0.10883  2.61   81825    8905  387886  1294564  15.82
1983-1984     70-74     0.03860  0.17691  2.65   72920   12900  334230   906679  12.43
1983-1984     75-79     0.06608  0.28448  2.56   60020   17075  258389   572449   9.54
1983-1984     80-84     0.09796  0.39482  2.54   42945   16956  173085   314060   7.31
1983-1984     85-89     0.15101  0.54113  2.38   25990   14064   93133   140975   5.42
1983-1984     90-94     0.22193  0.68587  2.22   11926    8180   36857    47842   4.01
1983-1984     95-99     0.32373  0.81898  1.98    3746    3068    9477    10986   2.93
1983-1984    100-104    0.43998  0.90476  1.75     678     614    1395     1508   2.22
1983-1984    105-109    0.56366  0.95215  1.52      65      61     109      114   1.76
1983-1984    110+       0.66277  1.00000  1.51       3       3       5        5   1.51
1985-1989        0      0.01103  0.01092  0.08  100000    1092   98994  7581781  75.82
1985-1989      1-4      0.00052  0.00207  1.53   98908     205  395125  7482787  75.65
1985-1989      5-9      0.00024  0.00121  2.36   98703     119  493201  7087662  71.81
1985-1989     10-14     0.00020  0.00100  2.47   98584      99  492670  6594461  66.89
1985-1989     15-19     0.00050  0.00251  2.93   98485     247  491916  6101791  61.96
1985-1989     20-24     0.00061  0.00306  2.36   98238     301  490399  5609875  57.10
1985-1989     25-29     0.00063  0.00316  2.52   97938     309  488922  5119476  52.27
1985-1989     30-34     0.00077  0.00382  2.63   97629     373  487259  4630555  47.43
1985-1989     35-39     0.00098  0.00490  2.67   97255     476  485166  4143296  42.60
1985-1989     40-44     0.00164  0.00816  2.68   96779     789  482065  3658130  37.80
1985-1989     45-49     0.00274  0.01361  2.69   95990    1307  476935  3176065  33.09
1985-1989     50-54     0.00476  0.02356  2.71   94683    2231  468310  2699130  28.51
1985-1989     55-59     0.00839  0.04118  2.72   92452    3807  453575  2230819  24.13
1985-1989     60-64     0.01344  0.06518  2.66   88645    5778  429720  1777244  20.05
1985-1989     65-69     0.02215  0.10527  2.66   82868    8724  393897  1347524  16.26
1985-1989     70-74     0.03624  0.16685  2.63   74144   12371  341368   953627  12.86
1985-1989     75-79     0.06231  0.27118  2.61   61773   16752  268832   612259   9.91
1985-1989     80-84     0.09008  0.36781  2.51   45022   16559  183825   343427   7.63
1985-1989     85-89     0.14474  0.52540  2.39   28462   14954  103315   159602   5.61
1985-1989     90-94     0.20822  0.65711  2.19   13508    8876   42630    56287   4.17
1985-1989     95-99     0.32114  0.81710  1.99    4632    3785   11785    13657   2.95
1985-1989    100-104    0.44286  0.90684  1.74     847     768    1735     1872   2.21
1985-1989    105-109    0.57255  0.95481  1.51      79      75     132      137   1.73
1985-1989    110+       0.67606  1.00000  1.48       4       4       5        5   1.48
1990-1994        0      0.00884  0.00877  0.07  100000     877   99187  7717626  77.18
1990-1994      1-4      0.00044  0.00177  1.60   99123     175  396072  7618439  76.86
1990-1994      5-9      0.00020  0.00099  2.29   98948      98  494474  7222367  72.99
1990-1994     10-14     0.00016  0.00082  2.58   98850      81  494055  6727893  68.06
1990-1994     15-19     0.00042  0.00210  2.95   98769     207  493421  6233838  63.12
1990-1994     20-24     0.00061  0.00305  2.41   98562     301  492030  5740417  58.24
1990-1994     25-29     0.00059  0.00292  2.45   98261     287  490573  5248387  53.41
1990-1994     30-34     0.00070  0.00352  2.55   97974     345  489026  4757814  48.56
1990-1994     35-39     0.00093  0.00462  2.59   97629     451  487059  4268788  43.72
1990-1994     40-44     0.00149  0.00742  2.66   97178     721  484207  3781729  38.92
1990-1994     45-49     0.00245  0.01216  2.69   96457    1173  479571  3297522  34.19
1990-1994     50-54     0.00401  0.01985  2.69   95284    1891  472056  2817950  29.57
1990-1994     55-59     0.00717  0.03525  2.70   93393    3292  459398  2345894  25.12
1990-1994     60-64     0.01224  0.05949  2.67   90101    5360  438026  1886496  20.94
1990-1994     65-69     0.01964  0.09389  2.66   84741    7956  405072  1448470  17.09
1990-1994     70-74     0.03254  0.15103  2.62   76784   11596  356376  1043398  13.59
1990-1994     75-79     0.05353  0.23712  2.60   65188   15457  288765   687022  10.54
1990-1994     80-84     0.08293  0.34417  2.53   49731   17116  206387   398257   8.01
1990-1994     85-89     0.13243  0.49305  2.41   32615   16081  121429   191869   5.88
1990-1994     90-94     0.20436  0.65474  2.26   16534   10826   52974    70441   4.26
1990-1994     95-99     0.30741  0.80304  2.03    5708    4584   14912    17467   3.06
1990-1994    100-104    0.42950  0.89990  1.77    1124    1012    2356     2555   2.27
1990-1994    105-109    0.56170  0.95215  1.53     113     107     191      199   1.77
1990-1994    110+       0.66824  1.00000  1.50       5       5       8        8   1.50
1995-1999        0      0.00633  0.00629  0.07  100000     629   99413  7820784  78.21
1995-1999      1-4      0.00038  0.00151  1.62   99371     150  397126  7721371  77.70
1995-1999      5-9      0.00015  0.00077  2.33   99221      76  495900  7324246  73.82
1995-1999     10-14     0.00017  0.00083  2.77   99145      83  495539  6828345  68.87
1995-1999     15-19     0.00039  0.00196  3.01   99062     194  494924  6332806  63.93
1995-1999     20-24     0.00062  0.00310  2.35   98868     307  493526  5837882  59.05
1995-1999     25-29     0.00057  0.00284  2.46   98561     280  492093  5344355  54.22
1995-1999     30-34     0.00073  0.00363  2.64   98281     357  490560  4852262  49.37
1995-1999     35-39     0.00097  0.00483  2.64   97924     473  488503  4361702  44.54
1995-1999     40-44     0.00142  0.00705  2.65   97451     687  485644  3873199  39.75
1995-1999     45-49     0.00224  0.01113  2.71   96764    1077  481348  3387555  35.01
1995-1999     50-54     0.00373  0.01851  2.71   95686    1771  474375  2906206  30.37
1995-1999     55-59     0.00617  0.03043  2.67   93916    2858  462927  2431831  25.89
1995-1999     60-64     0.01062  0.05185  2.71   91058    4722  444477  1968904  21.62
1995-1999     65-69     0.01779  0.08540  2.67   86336    7373  414496  1524426  17.66
1995-1999     70-74     0.02838  0.13295  2.63   78963   10498  369979  1109930  14.06
1995-1999     75-79     0.04850  0.21739  2.62   68465   14883  306894   739952  10.81
1995-1999     80-84     0.08036  0.33583  2.56   53581   17994  223919   433058   8.08
1995-1999     85-89     0.13410  0.49850  2.43   35587   17740  132287   209139   5.88
1995-1999     90-94     0.19982  0.64368  2.24   17847   11488   57491    76852   4.31
1995-1999     95-99     0.30900  0.80500  2.03    6359    5119   16567    19361   3.04
1995-1999    100-104    0.43321  0.90212  1.77    1240    1119    2582     2795   2.25
1995-1999    105-109    0.56720  0.95369  1.52     121     116     204      212   1.75
1995-1999    110+       0.67466  1.00000  1.48       6       6       8        8   1.48
2000-2004        0      0.00517  0.00514  0.06  100000     514   99518  7943187  79.43
2000-2004      1-4      0.00031  0.00122  1.51   99486     122  397640  7843669  78.84
2000-2004      5-9      0.00014  0.00072  2.34   99364      72  496628  7446029  74.94
2000-2004     10-14     0.00015  0.00076  2.48   99292      76  496270  6949401  69.99
2000-2004     15-19     0.00043  0.00216  3.05   99216     215  495664  6453131  65.04
2000-2004     20-24     0.00064  0.00319  2.38   99002     315  494182  5957467  60.18
2000-2004     25-29     0.00057  0.00285  2.60   98686     282  492755  5463285  55.36
2000-2004     30-34     0.00065  0.00326  2.65   98405     321  491269  4970530  50.51
2000-2004     35-39     0.00095  0.00473  2.68   98083     464  489341  4479262  45.67
2000-2004     40-44     0.00139  0.00691  2.68   97620     674  486531  3989921  40.87
2000-2004     45-49     0.00208  0.01036  2.63   96945    1005  482348  3503390  36.14
2000-2004     50-54     0.00329  0.01631  2.70   95941    1565  476101  3021042  31.49
2000-2004     55-59     0.00541  0.02671  2.71   94376    2521  466111  2544941  26.97
2000-2004     60-64     0.00875  0.04289  2.68   91855    3940  450123  2078830  22.63
2000-2004     65-69     0.01498  0.07241  2.70   87915    6366  424908  1628707  18.53
2000-2004     70-74     0.02535  0.11964  2.65   81549    9756  384856  1203799  14.76
2000-2004     75-79     0.04214  0.19156  2.63   71793   13753  326332   818944  11.41
2000-2004     80-84     0.07076  0.30227  2.59   58040   17544  247917   492612   8.49
2000-2004     85-89     0.12410  0.47339  2.50   40496   19171  154478   244694   6.04
2000-2004     90-94     0.20637  0.65826  2.25   21326   14038   68023    90216   4.23
2000-2004     95-99     0.30802  0.80512  2.04    7288    5868   19050    22193   3.05
2000-2004    100-104    0.44128  0.90732  1.76    1420    1289    2920     3144   2.21
2000-2004    105-109    0.58447  0.95844  1.49     132     126     216      224   1.70
2000-2004    110+       0.69785  1.00000  1.43       5       5       8        8   1.43
2005-2009        0      0.00404  0.00403  0.06  100000     403   99621  8080152  80.80
2005-2009      1-4      0.00026  0.00106  1.60   99597     105  398136  7980531  80.13
2005-2009      5-9      0.00013  0.00063  2.34   99492      62  497293  7582395  76.21
2005-2009     10-14     0.00013  0.00065  2.69   99429      65  496998  7085102  71.26
2005-2009     15-19     0.00030  0.00152  2.88   99365     151  496503  6588104  66.30
2005-2009     20-24     0.00049  0.00243  2.47   99214     241  495459  6091601  61.40
2005-2009     25-29     0.00044  0.00218  2.51   98973     216  494327  5596141  56.54
2005-2009     30-34     0.00055  0.00272  2.64   98757     269  493150  5101814  51.66
2005-2009     35-39     0.00075  0.00375  2.63   98488     369  491566  4608664  46.79
2005-2009     40-44     0.00120  0.00598  2.67   98119     587  489229  4117098  41.96
2005-2009     45-49     0.00195  0.00969  2.68   97533     946  485469  3627869  37.20
2005-2009     50-54     0.00305  0.01514  2.68   96587    1463  479547  3142399  32.53
2005-2009     55-59     0.00481  0.02380  2.65   95124    2264  470303  2662852  27.99
2005-2009     60-64     0.00761  0.03739  2.68   92860    3472  456242  2192549  23.61
2005-2009     65-69     0.01254  0.06093  2.68   89388    5446  434296  1736307  19.42
2005-2009     70-74     0.02148  0.10236  2.70   83942    8592  399918  1302011  15.51
2005-2009     75-79     0.03758  0.17264  2.65   75350   13009  346158   902093  11.97
2005-2009     80-84     0.06401  0.27706  2.58   62341   17272  269835   555935   8.92
2005-2009     85-89     0.11109  0.43474  2.50   45069   19593  176378   286100   6.35
2005-2009     90-94     0.19889  0.65067  2.34   25476   16576   83342   109722   4.31
2005-2009     95-99     0.31664  0.81604  2.03    8899    7262   22935    26380   2.96
2005-2009    100-104    0.46564  0.92043  1.72    1637    1507    3236     3444   2.10
2005-2009    105-109    0.62244  0.96699  1.44     130     126     202      208   1.60
2005-2009    110+       0.74210  1.00000  1.35       4       4       6        6   1.35
2010-2014        0      0.00344  0.00342  0.06  100000     342   99677  8192533  81.93
2010-2014      1-4      0.00020  0.00082  1.61   99658      82  398436  8092855  81.21
2010-2014      5-9      0.00010  0.00051  2.36   99576      50  497747  7694420  77.27
2010-2014     10-14     0.00011  0.00055  2.83   99526      54  497510  7196673  72.31
2010-2014     15-19     0.00025  0.00123  2.81   99471     122  497087  6699163  67.35
2010-2014     20-24     0.00037  0.00183  2.44   99349     181  496278  6202076  62.43
2010-2014     25-29     0.00039  0.00197  2.55   99167     196  495356  5705798  57.54
2010-2014     30-34     0.00047  0.00237  2.60   98972     234  494296  5210442  52.65
2010-2014     35-39     0.00065  0.00325  2.65   98737     321  492931  4716147  47.76
2010-2014     40-44     0.00099  0.00496  2.66   98416     488  490941  4223215  42.91
2010-2014     45-49     0.00164  0.00817  2.68   97928     800  487786  3732274  38.11
2010-2014     50-54     0.00283  0.01404  2.70   97128    1363  482512  3244488  33.40
2010-2014     55-59     0.00440  0.02179  2.67   95765    2086  473957  2761976  28.84
2010-2014     60-64     0.00697  0.03427  2.64   93678    3211  460828  2288019  24.42
2010-2014     65-69     0.01110  0.05411  2.66   90468    4895  440899  1827192  20.20
2010-2014     70-74     0.01876  0.08990  2.68   85573    7693  410034  1386293  16.20
2010-2014     75-79     0.03266  0.15178  2.68   77880   11820  361958   976258  12.54
2010-2014     80-84     0.06059  0.26458  2.61   66060   17478  288441   614301   9.30
2010-2014     85-89     0.10417  0.41299  2.49   48582   20064  192597   325860   6.71
2010-2014     90-94     0.17440  0.59710  2.36   28518   17028   97638   133264   4.67
2010-2014     95-99     0.30018  0.79832  2.07   11490    9173   30557    35626   3.10
2010-2014    100-104    0.44641  0.91131  1.75    2317    2112    4731     5069   2.19
2010-2014    105-109    0.60360  0.96331  1.47     206     198     328      338   1.65
2010-2014    110+       0.72553  1.00000  1.38       8       8      10       10   1.38
