Italy, Life tables (period 5x5), Total     Last modified: 28-Aug-2015, MPv5 (May07)

  Year          Age         mx       qx    ax      lx      dx      Lx       Tx     ex
1872-1874        0      0.25702  0.21971  0.34  100000   21971   85483  3121536  31.22
1872-1874      1-4      0.07569  0.25430  1.48   78029   19843  262165  3036053  38.91
1872-1874      5-9      0.01267  0.06084  1.75   58186    3540  279425  2773888  47.67
1872-1874     10-14     0.00626  0.03084  2.55   54646    1685  269103  2494463  45.65
1872-1874     15-19     0.00728  0.03581  2.63   52961    1896  260312  2225360  42.02
1872-1874     20-24     0.01039  0.05066  2.56   51064    2587  249007  1965048  38.48
1872-1874     25-29     0.01043  0.05083  2.47   48478    2464  236149  1716041  35.40
1872-1874     30-34     0.01098  0.05349  2.59   46014    2461  224125  1479892  32.16
1872-1874     35-39     0.01272  0.06167  2.55   43553    2686  211187  1255767  28.83
1872-1874     40-44     0.01343  0.06508  2.61   40867    2659  197985  1044579  25.56
1872-1874     45-49     0.01677  0.08060  2.59   38207    3080  183607   846595  22.16
1872-1874     50-54     0.01919  0.09185  2.67   35128    3227  168120   662988  18.87
1872-1874     55-59     0.02978  0.13916  2.65   31901    4439  149076   494869  15.51
1872-1874     60-64     0.03954  0.18141  2.73   27462    4982  126002   345793  12.59
1872-1874     65-69     0.06839  0.29334  2.58   22480    6594   96429   219791   9.78
1872-1874     70-74     0.08530  0.35341  2.58   15886    5614   65816   123362   7.77
1872-1874     75-79     0.15873  0.55732  2.33   10272    5725   36066    57546   5.60
1872-1874     80-84     0.18446  0.61300  2.26    4547    2787   15111    21480   4.72
1872-1874     85-89     0.25461  0.73421  2.12    1760    1292    5074     6370   3.62
1872-1874     90-94     0.34771  0.84003  1.92     468     393    1130     1295   2.77
1872-1874     95-99     0.44435  0.90521  1.73      75      68     152      165   2.21
1872-1874    100-104    0.54848  0.94666  1.54       7       7      12       13   1.81
1872-1874    105-109    0.64844  0.96941  1.38       0       0       1        1   1.54
1872-1874    110+       0.72485  1.00000  1.38       0       0       0        0   1.38
1875-1879        0      0.23964  0.20688  0.34  100000   20688   86330  3373188  33.73
1875-1879      1-4      0.06212  0.21533  1.52   79312   17078  274915  3286858  41.44
1875-1879      5-9      0.01391  0.06656  1.79   62234    4142  297888  3011943  48.40
1875-1879     10-14     0.00603  0.02972  2.51   58091    1726  286156  2714056  46.72
1875-1879     15-19     0.00674  0.03315  2.60   56365    1869  277347  2427899  43.07
1875-1879     20-24     0.00957  0.04674  2.55   54497    2547  266238  2150552  39.46
1875-1879     25-29     0.00939  0.04584  2.47   51950    2382  253715  1884314  36.27
1875-1879     30-34     0.01002  0.04890  2.52   49568    2424  241834  1630599  32.90
1875-1879     35-39     0.01151  0.05597  2.53   47144    2639  229214  1388765  29.46
1875-1879     40-44     0.01320  0.06390  2.49   44505    2844  215399  1159551  26.05
1875-1879     45-49     0.01486  0.07173  2.58   41661    2988  201076   944151  22.66
1875-1879     50-54     0.02033  0.09680  2.52   38673    3743  184089   743076  19.21
1875-1879     55-59     0.02540  0.11976  2.63   34929    4183  164727   558987  16.00
1875-1879     60-64     0.04194  0.19007  2.54   30746    5844  139327   394260  12.82
1875-1879     65-69     0.05980  0.26132  2.59   24902    6507  108812   254933  10.24
1875-1879     70-74     0.09339  0.37544  2.39   18395    6906   73946   146121   7.94
1875-1879     75-79     0.13009  0.49176  2.52   11489    5650   43428    72175   6.28
1875-1879     80-84     0.17805  0.59916  2.27    5839    3499   19649    28747   4.92
1875-1879     85-89     0.23854  0.70747  2.12    2341    1656    6942     9098   3.89
1875-1879     90-94     0.30166  0.79133  2.00     685     542    1796     2156   3.15
1875-1879     95-99     0.38665  0.86819  1.83     143     124     321      360   2.52
1875-1879    100-104    0.47356  0.91798  1.66      19      17      37       39   2.08
1875-1879    105-109    0.56226  0.94970  1.51       2       1       3        3   1.77
1875-1879    110+       0.63325  1.00000  1.58       0       0       0        0   1.58
1880-1884        0      0.23974  0.20695  0.34  100000   20695   86325  3465138  34.65
1880-1884      1-4      0.06243  0.21484  1.40   79305   17038  272932  3378814  42.61
1880-1884      5-9      0.01184  0.05710  1.91   62267    3555  300339  3105882  49.88
1880-1884     10-14     0.00548  0.02703  2.48   58712    1587  289555  2805543  47.79
1880-1884     15-19     0.00650  0.03203  2.64   57125    1830  281297  2515988  44.04
1880-1884     20-24     0.00904  0.04423  2.55   55295    2446  270479  2234691  40.41
1880-1884     25-29     0.00893  0.04366  2.43   52849    2307  258321  1964213  37.17
1880-1884     30-34     0.00925  0.04521  2.50   50542    2285  246999  1705892  33.75
1880-1884     35-39     0.01042  0.05078  2.48   48257    2451  235106  1458893  30.23
1880-1884     40-44     0.01170  0.05679  2.46   45806    2602  222414  1223787  26.72
1880-1884     45-49     0.01406  0.06790  2.50   43205    2934  208677  1001373  23.18
1880-1884     50-54     0.01791  0.08571  2.50   40271    3452  192736   792696  19.68
1880-1884     55-59     0.02526  0.11888  2.52   36819    4377  173245   599960  16.29
1880-1884     60-64     0.03678  0.16849  2.52   32443    5466  148631   426715  13.15
1880-1884     65-69     0.05937  0.25860  2.51   26976    6976  117494   278084  10.31
1880-1884     70-74     0.08884  0.35976  2.36   20000    7195   80991   160590   8.03
1880-1884     75-79     0.13157  0.48484  2.29   12805    6208   47186    79599   6.22
1880-1884     80-84     0.18255  0.60399  2.20    6597    3984   21826    32413   4.91
1880-1884     85-89     0.22637  0.68269  2.09    2612    1783    7878    10587   4.05
1880-1884     90-94     0.29504  0.77205  1.91     829     640    2169     2709   3.27
1880-1884     95-99     0.33962  0.82770  1.90     189     156     461      540   2.86
1880-1884    100-104    0.40412  0.87810  1.78      33      29      71       79   2.43
1880-1884    105-109    0.47219  0.91569  1.66       4       4       8        8   2.10
1880-1884    110+       0.52731  1.00000  1.90       0       0       1        1   1.90
1885-1889        0      0.22045  0.19242  0.34  100000   19242   87285  3684137  36.84
1885-1889      1-4      0.05578  0.19604  1.52   80758   15832  283829  3596852  44.54
1885-1889      5-9      0.01149  0.05539  1.73   64926    3596  312858  3313022  51.03
1885-1889     10-14     0.00515  0.02545  2.60   61330    1561  302899  3000165  48.92
1885-1889     15-19     0.00625  0.03079  2.61   59769    1841  294446  2697266  45.13
1885-1889     20-24     0.00872  0.04270  2.54   57929    2473  283555  2402820  41.48
1885-1889     25-29     0.00822  0.04024  2.46   55455    2232  271620  2119265  38.22
1885-1889     30-34     0.00892  0.04362  2.51   53224    2322  260331  1847645  34.71
1885-1889     35-39     0.00919  0.04495  2.54   50902    2288  248879  1587315  31.18
1885-1889     40-44     0.01129  0.05493  2.51   48614    2670  236428  1338436  27.53
1885-1889     45-49     0.01148  0.05585  2.57   45944    2566  223492  1102008  23.99
1885-1889     50-54     0.01760  0.08440  2.56   43378    3661  207967   878515  20.25
1885-1889     55-59     0.01954  0.09337  2.63   39717    3708  189783   670548  16.88
1885-1889     60-64     0.03867  0.17721  2.64   36009    6381  165012   480765  13.35
1885-1889     65-69     0.05212  0.23073  2.52   29628    6836  131164   315754  10.66
1885-1889     70-74     0.08605  0.35401  2.50   22791    8068   93768   184589   8.10
1885-1889     75-79     0.12718  0.47667  2.37   14723    7018   55180    90821   6.17
1885-1889     80-84     0.18390  0.61457  2.30    7705    4735   25749    35641   4.63
1885-1889     85-89     0.27762  0.76847  2.10    2970    2282    8221     9892   3.33
1885-1889     90-94     0.39945  0.88262  1.84     688     607    1519     1671   2.43
1885-1889     95-99     0.52466  0.94100  1.59      81      76     145      152   1.88
1885-1889    100-104    0.65121  0.97084  1.39       5       5       7        7   1.53
1885-1889    105-109    0.75968  0.98407  1.24       0       0       0        0   1.31
1885-1889    110+       0.83415  1.00000  1.20       0       0       0        0   1.20
1890-1894        0      0.20899  0.18363  0.34  100000   18363   87866  3915389  39.15
1890-1894      1-4      0.04838  0.17260  1.50   81637   14090  291262  3827524  46.88
1890-1894      5-9      0.00861  0.04186  1.73   67547    2827  328475  3536262  52.35
1890-1894     10-14     0.00448  0.02219  2.62   64719    1436  320180  3207787  49.56
1890-1894     15-19     0.00587  0.02896  2.64   63283    1833  312093  2887607  45.63
1890-1894     20-24     0.00809  0.03963  2.52   61451    2435  301224  2575514  41.91
1890-1894     25-29     0.00763  0.03743  2.46   59015    2209  289477  2274290  38.54
1890-1894     30-34     0.00803  0.03934  2.52   56807    2235  278480  1984813  34.94
1890-1894     35-39     0.00873  0.04271  2.54   54572    2331  267120  1706333  31.27
1890-1894     40-44     0.01024  0.04993  2.52   52241    2609  254733  1439214  27.55
1890-1894     45-49     0.01151  0.05598  2.59   49632    2778  241450  1184480  23.87
1890-1894     50-54     0.01589  0.07649  2.57   46854    3584  225544   943030  20.13
1890-1894     55-59     0.02101  0.10005  2.63   43270    4329  206071   717486  16.58
1890-1894     60-64     0.03470  0.16041  2.65   38940    6246  180014   511415  13.13
1890-1894     65-69     0.05977  0.26075  2.55   32694    8525  142627   331401  10.14
1890-1894     70-74     0.07927  0.33008  2.47   24169    7978  100638   188774   7.81
1890-1894     75-79     0.16617  0.58050  2.40   16191    9399   56563    88136   5.44
1890-1894     80-84     0.18628  0.61722  2.27    6792    4192   22505    31572   4.65
1890-1894     85-89     0.26490  0.74974  2.11    2600    1949    7359     9068   3.49
1890-1894     90-94     0.36826  0.85833  1.89     651     558    1517     1709   2.63
1890-1894     95-99     0.47146  0.91903  1.68      92      85     180      192   2.09
1890-1894    100-104    0.58305  0.95639  1.49       7       7      12       13   1.70
1890-1894    105-109    0.68680  0.97555  1.33       0       0       0        0   1.45
1890-1894    110+       0.76394  1.00000  1.31       0       0       0        0   1.31
1895-1899        0      0.19194  0.17033  0.34  100000   17033   88744  4191572  41.92
1895-1899      1-4      0.04156  0.15058  1.50   82967   12493  300582  4102827  49.45
1895-1899      5-9      0.00713  0.03482  1.70   70474    2454  344268  3802246  53.95
1895-1899     10-14     0.00386  0.01911  2.70   68020    1300  337108  3457977  50.84
1895-1899     15-19     0.00543  0.02682  2.61   66720    1790  329330  3120869  46.78
1895-1899     20-24     0.00763  0.03744  2.56   64931    2431  318709  2791539  42.99
1895-1899     25-29     0.00734  0.03604  2.46   62499    2252  306772  2472830  39.57
1895-1899     30-34     0.00769  0.03774  2.51   60247    2273  295573  2166058  35.95
1895-1899     35-39     0.00806  0.03952  2.53   57973    2291  284217  1870485  32.26
1895-1899     40-44     0.00953  0.04653  2.52   55682    2591  271980  1586268  28.49
1895-1899     45-49     0.01042  0.05083  2.58   53091    2699  258935  1314289  24.76
1895-1899     50-54     0.01493  0.07205  2.57   50392    3631  243152  1055354  20.94
1895-1899     55-59     0.01843  0.08829  2.63   46762    4129  224009   812202  17.37
1895-1899     60-64     0.03370  0.15617  2.66   42633    6658  197567   588192  13.80
1895-1899     65-69     0.05237  0.23224  2.57   35975    8355  159535   390625  10.86
1895-1899     70-74     0.08085  0.33571  2.48   27620    9272  114689   231090   8.37
1895-1899     75-79     0.12675  0.48057  2.49   18348    8817   69567   116401   6.34
1895-1899     80-84     0.17810  0.60112  2.30    9530    5729   32167    46834   4.91
1895-1899     85-89     0.23888  0.70670  2.11    3802    2687   11246    14667   3.86
1895-1899     90-94     0.30958  0.80060  1.98    1115     893    2883     3421   3.07
1895-1899     95-99     0.40367  0.88053  1.80     222     196     485      538   2.42
1895-1899    100-104    0.49814  0.92888  1.62      27      25      50       53   1.98
1895-1899    105-109    0.59339  0.95805  1.47       2       2       3        3   1.68
1895-1899    110+       0.66900  1.00000  1.49       0       0       0        0   1.49
1900-1904        0      0.18891  0.16794  0.34  100000   16794   88903  4312717  43.13
1900-1904      1-4      0.03786  0.13829  1.49   83206   11506  303934  4223814  50.76
1900-1904      5-9      0.00609  0.02983  1.67   71699    2139  351369  3919880  54.67
1900-1904     10-14     0.00347  0.01720  2.72   69561    1196  345072  3568510  51.30
1900-1904     15-19     0.00513  0.02532  2.64   68364    1731  337731  3223439  47.15
1900-1904     20-24     0.00694  0.03414  2.56   66633    2275  327606  2885707  43.31
1900-1904     25-29     0.00710  0.03486  2.49   64359    2244  316169  2558101  39.75
1900-1904     30-34     0.00732  0.03595  2.51   62115    2233  305020  2241932  36.09
1900-1904     35-39     0.00800  0.03922  2.54   59882    2348  293634  1936913  32.35
1900-1904     40-44     0.00911  0.04452  2.52   57534    2561  281307  1643279  28.56
1900-1904     45-49     0.01041  0.05079  2.59   54973    2792  268130  1361972  24.78
1900-1904     50-54     0.01426  0.06890  2.57   52180    3595  252167  1093841  20.96
1900-1904     55-59     0.01896  0.09074  2.64   48585    4408  232544   841674  17.32
1900-1904     60-64     0.03234  0.15021  2.63   44177    6636  205152   609130  13.79
1900-1904     65-69     0.05096  0.22704  2.60   37541    8523  167262   403978  10.76
1900-1904     70-74     0.08236  0.34155  2.50   29018    9911  120338   236716   8.16
1900-1904     75-79     0.13047  0.48827  2.42   19107    9329   71502   116378   6.09
1900-1904     80-84     0.18806  0.62636  2.33    9778    6124   32566    44875   4.59
1900-1904     85-89     0.27508  0.75675  2.03    3653    2765   10050    12309   3.37
1900-1904     90-94     0.37878  0.86082  1.83     889     765    2020     2259   2.54
1900-1904     95-99     0.50935  0.93526  1.62     124     116     227      240   1.94
1900-1904    100-104    0.63100  0.96710  1.41       8       8      12       13   1.58
1900-1904    105-109    0.73803  0.98189  1.26       0       0       0        0   1.35
1900-1904    110+       0.81349  1.00000  1.23       0       0       0        0   1.23
1905-1909        0      0.17943  0.16041  0.34  100000   16041   89401  4441327  44.41
1905-1909      1-4      0.03471  0.12691  1.29   83959   10655  306961  4351926  51.83
1905-1909      5-9      0.00557  0.02738  1.98   73304    2007  360458  4044965  55.18
1905-1909     10-14     0.00331  0.01643  2.58   71297    1172  353646  3684508  51.68
1905-1909     15-19     0.00499  0.02466  2.66   70125    1730  346579  3330861  47.50
1905-1909     20-24     0.00690  0.03394  2.54   68396    2322  336275  2984283  43.63
1905-1909     25-29     0.00676  0.03324  2.47   66074    2196  324805  2648008  40.08
1905-1909     30-34     0.00719  0.03533  2.52   63878    2257  313791  2323203  36.37
1905-1909     35-39     0.00761  0.03736  2.53   61621    2302  302421  2009412  32.61
1905-1909     40-44     0.00895  0.04376  2.53   59319    2596  290179  1706990  28.78
1905-1909     45-49     0.00993  0.04850  2.58   56723    2751  276968  1416812  24.98
1905-1909     50-54     0.01427  0.06899  2.58   53972    3724  260852  1139843  21.12
1905-1909     55-59     0.01831  0.08777  2.64   50249    4410  240835   878991  17.49
1905-1909     60-64     0.03182  0.14793  2.62   45839    6781  213076   638156  13.92
1905-1909     65-69     0.04699  0.21113  2.60   39058    8246  175491   425079  10.88
1905-1909     70-74     0.08571  0.35400  2.54   30812   10907  127254   249588   8.10
1905-1909     75-79     0.12705  0.47800  2.41   19904    9514   74888   122334   6.15
1905-1909     80-84     0.19348  0.63579  2.30   10390    6606   34143    47446   4.57
1905-1909     85-89     0.26608  0.74489  2.05    3784    2819   10594    13303   3.52
1905-1909     90-94     0.34035  0.82903  1.91     965     800    2351     2709   2.81
1905-1909     95-99     0.45353  0.90969  1.71     165     150     331      358   2.17
1905-1909    100-104    0.55539  0.94850  1.53      15      14      25       27   1.79
1905-1909    105-109    0.65223  0.96993  1.38       1       1       1        1   1.53
1905-1909    110+       0.72597  1.00000  1.38       0       0       0        0   1.38
1910-1914        0      0.15387  0.13967  0.34  100000   13967   90771  4770564  47.71
1910-1914      1-4      0.02942  0.10882  1.24   86033    9362  318258  4679793  54.40
1910-1914      5-9      0.00474  0.02339  2.06   76671    1793  378078  4361534  56.89
1910-1914     10-14     0.00285  0.01415  2.54   74878    1060  371784  3983456  53.20
1910-1914     15-19     0.00442  0.02189  2.67   73819    1616  365330  3611672  48.93
1910-1914     20-24     0.00602  0.02969  2.54   72203    2143  355748  3246342  44.96
1910-1914     25-29     0.00610  0.03005  2.49   70059    2105  345011  2890595  41.26
1910-1914     30-34     0.00640  0.03148  2.51   67954    2139  334451  2545583  37.46
1910-1914     35-39     0.00692  0.03404  2.54   65815    2240  323562  2211133  33.60
1910-1914     40-44     0.00786  0.03857  2.53   63575    2452  311808  1887570  29.69
1910-1914     45-49     0.00923  0.04512  2.58   61123    2758  298953  1575762  25.78
1910-1914     50-54     0.01242  0.06028  2.58   58365    3518  283310  1276809  21.88
1910-1914     55-59     0.01723  0.08279  2.65   54846    4541  263555   993499  18.11
1910-1914     60-64     0.02788  0.13074  2.62   50306    6577  235881   729945  14.51
1910-1914     65-69     0.04430  0.20043  2.63   43728    8765  197863   494063  11.30
1910-1914     70-74     0.07737  0.32531  2.55   34964   11374  147001   296200   8.47
1910-1914     75-79     0.12299  0.46750  2.44   23590   11028   89669   149200   6.32
1910-1914     80-84     0.18286  0.61441  2.33   12562    7718   42206    59531   4.74
1910-1914     85-89     0.26203  0.74045  2.06    4844    3586   13687    17325   3.58
1910-1914     90-94     0.32778  0.81824  1.94    1257    1029    3138     3637   2.89
1910-1914     95-99     0.44964  0.90813  1.72     229     208     461      499   2.18
1910-1914    100-104    0.55574  0.94887  1.53      21      20      36       37   1.79
1910-1914    105-109    0.65665  0.97083  1.37       1       1       2        2   1.52
1910-1914    110+       0.73320  1.00000  1.36       0       0       0        0   1.36
1915-1919        0      0.16911  0.15211  0.34  100000   15211   89950  3688345  36.88
1915-1919      1-4      0.03706  0.13473  1.29   84789   11424  308246  3598396  42.44
1915-1919      5-9      0.00758  0.03711  2.13   73365    2723  359024  3290150  44.85
1915-1919     10-14     0.00502  0.02478  2.55   70642    1750  348917  2931126  41.49
1915-1919     15-19     0.01232  0.06024  3.18   68892    4150  336912  2582209  37.48
1915-1919     20-24     0.02841  0.13236  2.42   64742    8569  301581  2245296  34.68
1915-1919     25-29     0.02177  0.10286  2.33   56173    5778  265449  1943715  34.60
1915-1919     30-34     0.01674  0.08014  2.37   50395    4039  241338  1678266  33.30
1915-1919     35-39     0.01304  0.06304  2.40   46357    2922  224176  1436928  31.00
1915-1919     40-44     0.01223  0.05932  2.47   43434    2577  210661  1212752  27.92
1915-1919     45-49     0.01220  0.05923  2.53   40858    2420  198302  1002091  24.53
1915-1919     50-54     0.01539  0.07416  2.55   38437    2851  185203   803789  20.91
1915-1919     55-59     0.01894  0.09061  2.62   35587    3224  170254   618586  17.38
1915-1919     60-64     0.03170  0.14737  2.62   32362    4769  150438   448332  13.85
1915-1919     65-69     0.04697  0.21113  2.61   27593    5826  124036   297894  10.80
1915-1919     70-74     0.08525  0.35242  2.54   21768    7671   89982   173858   7.99
1915-1919     75-79     0.13041  0.48755  2.41   14096    6873   52701    83876   5.95
1915-1919     80-84     0.20475  0.65769  2.28    7224    4751   23203    31176   4.32
1915-1919     85-89     0.29251  0.78057  2.01    2473    1930    6598     7972   3.22
1915-1919     90-94     0.38117  0.86387  1.84     543     469    1230     1374   2.53
1915-1919     95-99     0.50652  0.93345  1.62      74      69     136      144   1.95
1915-1919    100-104    0.61834  0.96423  1.43       5       5       8        8   1.61
1915-1919    105-109    0.71863  0.97956  1.29       0       0       0        0   1.39
1915-1919    110+       0.79130  1.00000  1.26       0       0       0        0   1.26
1920-1924        0      0.14374  0.13127  0.34  100000   13127   91326  4956509  49.57
1920-1924      1-4      0.02426  0.09095  1.24   86873    7901  325682  4865183  56.00
1920-1924      5-9      0.00419  0.02072  2.11   78972    1636  390136  4539501  57.48
1920-1924     10-14     0.00272  0.01353  2.54   77335    1046  384104  4149364  53.65
1920-1924     15-19     0.00448  0.02217  2.73   76289    1691  377610  3765260  49.36
1920-1924     20-24     0.00621  0.03060  2.49   74598    2282  367251  3387651  45.41
1920-1924     25-29     0.00607  0.02991  2.49   72315    2163  356148  3020399  41.77
1920-1924     30-34     0.00629  0.03097  2.50   70153    2172  345336  2664251  37.98
1920-1924     35-39     0.00662  0.03257  2.52   67980    2214  334421  2318915  34.11
1920-1924     40-44     0.00746  0.03662  2.54   65766    2408  322899  1984494  30.17
1920-1924     45-49     0.00893  0.04370  2.60   63358    2768  310144  1661595  26.23
1920-1924     50-54     0.01209  0.05872  2.58   60589    3558  294319  1351451  22.31
1920-1924     55-59     0.01640  0.07893  2.63   57031    4501  274510  1057132  18.54
1920-1924     60-64     0.02627  0.12358  2.61   52530    6492  247152   782622  14.90
1920-1924     65-69     0.04080  0.18605  2.64   46038    8566  209951   535469  11.63
1920-1924     70-74     0.07191  0.30613  2.57   37473   11471  159532   325518   8.69
1920-1924     75-79     0.11847  0.45493  2.45   26001   11829   99848   165986   6.38
1920-1924     80-84     0.18422  0.61818  2.34   14173    8761   47559    66138   4.67
1920-1924     85-89     0.27252  0.75543  2.05    5411    4088   15000    18579   3.43
1920-1924     90-94     0.35285  0.84223  1.90    1323    1115    3159     3579   2.70
1920-1924     95-99     0.49016  0.92758  1.65     209     194     395      420   2.01
1920-1924    100-104    0.60829  0.96244  1.45      15      15      24       25   1.63
1920-1924    105-109    0.71503  0.97929  1.29       1       1       1        1   1.40
1920-1924    110+       0.79216  1.00000  1.26       0       0       0        0   1.26
1925-1929        0      0.13141  0.12091  0.34  100000   12091   92010  5191664  51.92
1925-1929      1-4      0.02098  0.07921  1.18   87909    6963  331968  5099654  58.01
1925-1929      5-9      0.00335  0.01660  2.10   80946    1344  400833  4767687  58.90
1925-1929     10-14     0.00220  0.01096  2.59   79602     872  395905  4366854  54.86
1925-1929     15-19     0.00379  0.01878  2.71   78729    1478  390265  3970949  50.44
1925-1929     20-24     0.00513  0.02535  2.52   77251    1958  381390  3580684  46.35
1925-1929     25-29     0.00517  0.02550  2.48   75293    1920  371634  3199294  42.49
1925-1929     30-34     0.00533  0.02632  2.50   73373    1931  362042  2827660  38.54
1925-1929     35-39     0.00594  0.02927  2.53   71442    2091  352050  2465618  34.51
1925-1929     40-44     0.00692  0.03402  2.53   69351    2359  340937  2113568  30.48
1925-1929     45-49     0.00840  0.04116  2.55   66992    2758  328205  1772631  26.46
1925-1929     50-54     0.01161  0.05647  2.59   64234    3627  312439  1444426  22.49
1925-1929     55-59     0.01606  0.07731  2.60   60607    4686  291807  1131986  18.68
1925-1929     60-64     0.02566  0.12090  2.62   55922    6761  263495   840179  15.02
1925-1929     65-69     0.03971  0.18117  2.59   49161    8907  224312   576685  11.73
1925-1929     70-74     0.06991  0.29825  2.54   40254   12006  171733   352373   8.75
1925-1929     75-79     0.11473  0.44323  2.44   28248   12520  109133   180640   6.39
1925-1929     80-84     0.18628  0.61811  2.28   15728    9722   52188    71507   4.55
1925-1929     85-89     0.28938  0.78503  2.09    6006    4715   16294    19318   3.22
1925-1929     90-94     0.41530  0.88918  1.78    1291    1148    2764     3025   2.34
1925-1929     95-99     0.54455  0.94756  1.56     143     136     249      260   1.82
1925-1929    100-104    0.67470  0.97463  1.35       8       7      11       11   1.48
1925-1929    105-109    0.78328  0.98614  1.21       0       0       0        0   1.28
1925-1929    110+       0.85561  1.00000  1.17       0       0       0        0   1.17
1930-1934        0      0.11277  0.10494  0.34  100000   10494   93056  5552210  55.52
1930-1934      1-4      0.01581  0.06051  1.15   89506    5416  342577  5459154  60.99
1930-1934      5-9      0.00258  0.01283  2.18   84090    1079  417412  5116576  60.85
1930-1934     10-14     0.00187  0.00932  2.56   83012     774  413173  4699164  56.61
1930-1934     15-19     0.00311  0.01545  2.71   82238    1270  408283  4285991  52.12
1930-1934     20-24     0.00411  0.02033  2.52   80968    1646  400748  3877709  47.89
1930-1934     25-29     0.00427  0.02115  2.50   79321    1677  392410  3476960  43.83
1930-1934     30-34     0.00459  0.02270  2.53   77644    1762  383870  3084551  39.73
1930-1934     35-39     0.00524  0.02585  2.55   75882    1961  374597  2700681  35.59
1930-1934     40-44     0.00615  0.03030  2.55   73920    2240  364115  2326084  31.47
1930-1934     45-49     0.00768  0.03772  2.59   71680    2704  351885  1961969  27.37
1930-1934     50-54     0.01053  0.05134  2.61   68976    3542  336422  1610083  23.34
1930-1934     55-59     0.01509  0.07285  2.63   65435    4767  315862  1273662  19.46
1930-1934     60-64     0.02332  0.11047  2.62   60668    6702  287419   957800  15.79
1930-1934     65-69     0.03738  0.17155  2.61   53966    9258  247683   670381  12.42
1930-1934     70-74     0.06199  0.26955  2.58   44708   12051  194401   422698   9.45
1930-1934     75-79     0.10294  0.40876  2.48   32657   13349  129677   228297   6.99
1930-1934     80-84     0.16183  0.56620  2.35   19308   10932   67556    98620   5.11
1930-1934     85-89     0.24972  0.73349  2.19    8376    6144   24601    31064   3.71
1930-1934     90-94     0.32635  0.82353  1.99    2232    1838    5633     6462   2.89
1930-1934     95-99     0.46663  0.91792  1.70     394     362     775      829   2.11
1930-1934    100-104    0.59052  0.95881  1.48      32      31      52       54   1.68
1930-1934    105-109    0.70433  0.97817  1.31       1       1       2        2   1.42
1930-1934    110+       0.78692  1.00000  1.27       0       0       0        0   1.27
1935-1939        0      0.11012  0.10259  0.33  100000   10259   93163  5642022  56.42
1935-1939      1-4      0.01424  0.05472  1.10   89741    4910  344733  5548860  61.83
1935-1939      5-9      0.00226  0.01125  2.19   84830     954  421468  5204127  61.35
1935-1939     10-14     0.00168  0.00835  2.55   83876     701  417668  4782659  57.02
1935-1939     15-19     0.00278  0.01383  2.70   83176    1150  413236  4364991  52.48
1935-1939     20-24     0.00371  0.01838  2.48   82025    1508  406324  3951755  48.18
1935-1939     25-29     0.00382  0.01893  2.49   80518    1524  398764  3545431  44.03
1935-1939     30-34     0.00412  0.02042  2.54   78993    1613  391008  3146668  39.83
1935-1939     35-39     0.00488  0.02413  2.55   77381    1867  382325  2755660  35.61
1935-1939     40-44     0.00592  0.02916  2.57   75513    2202  372226  2373334  31.43
1935-1939     45-49     0.00754  0.03702  2.57   73312    2714  359975  2001109  27.30
1935-1939     50-54     0.01025  0.05004  2.62   70597    3532  344587  1641134  23.25
1935-1939     55-59     0.01500  0.07247  2.65   67065    4860  323914  1296547  19.33
1935-1939     60-64     0.02338  0.11079  2.64   62205    6892  294744   972633  15.64
1935-1939     65-69     0.03799  0.17432  2.64   55313    9642  253800   677890  12.26
1935-1939     70-74     0.06330  0.27464  2.59   45671   12543  198140   424090   9.29
1935-1939     75-79     0.10598  0.41913  2.51   33128   13885  131016   225950   6.82
1935-1939     80-84     0.16959  0.58617  2.37   19243   11279   66512    94934   4.93
1935-1939     85-89     0.25727  0.74820  2.20    7963    5958   23159    28422   3.57
1935-1939     90-94     0.36624  0.86346  1.94    2005    1731    4727     5263   2.62
1935-1939     95-99     0.50391  0.93400  1.63     274     256     507      536   1.96
1935-1939    100-104    0.63511  0.96825  1.41      18      17      28       28   1.57
1935-1939    105-109    0.74967  0.98324  1.25       1       1       1        1   1.33
1935-1939    110+       0.82883  1.00000  1.21       0       0       0        0   1.21
1940-1944        0      0.11546  0.10727  0.34  100000   10727   92910  5306723  53.07
1940-1944      1-4      0.01219  0.04713  1.14   89273    4208  345046  5213813  58.40
1940-1944      5-9      0.00237  0.01176  2.29   85065    1000  422616  4868767  57.24
1940-1944     10-14     0.00206  0.01023  2.58   84065     860  418245  4446151  52.89
1940-1944     15-19     0.00502  0.02489  3.15   83204    2071  412184  4027906  48.41
1940-1944     20-24     0.01129  0.05489  2.48   81133    4454  394449  3615722  44.57
1940-1944     25-29     0.00772  0.03783  2.37   76680    2901  375776  3221273  42.01
1940-1944     30-34     0.00641  0.03152  2.43   73779    2326  362923  2845497  38.57
1940-1944     35-39     0.00632  0.03111  2.51   71453    2223  351724  2482574  34.74
1940-1944     40-44     0.00705  0.03466  2.53   69231    2399  340237  2130850  30.78
1940-1944     45-49     0.00852  0.04171  2.57   66831    2788  327369  1790613  26.79
1940-1944     50-54     0.01106  0.05385  2.59   64044    3449  311907  1463244  22.85
1940-1944     55-59     0.01538  0.07417  2.61   60595    4494  292237  1151336  19.00
1940-1944     60-64     0.02368  0.11212  2.64   56101    6290  265635   859099  15.31
1940-1944     65-69     0.03849  0.17630  2.62   49811    8782  228164   593464  11.91
1940-1944     70-74     0.06592  0.28431  2.58   41029   11665  176966   365300   8.90
1940-1944     75-79     0.11482  0.44582  2.49   29364   13091  114017   188333   6.41
1940-1944     80-84     0.18556  0.62033  2.33   16273   10095   54401    74317   4.57
1940-1944     85-89     0.28860  0.78314  2.08    6178    4839   16765    19916   3.22
1940-1944     90-94     0.41327  0.89303  1.82    1340    1197    2895     3150   2.35
1940-1944     95-99     0.55666  0.95132  1.54     143     136     245      255   1.78
1940-1944    100-104    0.69042  0.97692  1.33       7       7      10       10   1.44
1940-1944    105-109    0.79938  0.98740  1.19       0       0       0        0   1.25
1940-1944    110+       0.87011  1.00000  1.15       0       0       0        0   1.15
1945-1949        0      0.09014  0.08476  0.30  100000    8476   94033  6049205  60.49
1945-1949      1-4      0.00855  0.03338  1.18   91524    3055  357467  5955171  65.07
1945-1949      5-9      0.00171  0.00852  2.27   88469     754  440289  5597704  63.27
1945-1949     10-14     0.00146  0.00728  2.58   87715     639  437029  5157415  58.80
1945-1949     15-19     0.00247  0.01227  2.77   87076    1069  432995  4720387  54.21
1945-1949     20-24     0.00390  0.01933  2.54   86007    1663  425954  4287392  49.85
1945-1949     25-29     0.00354  0.01754  2.42   84345    1479  417903  3861439  45.78
1945-1949     30-34     0.00357  0.01770  2.47   82865    1467  410623  3443536  41.56
1945-1949     35-39     0.00386  0.01913  2.56   81398    1557  403194  3032913  37.26
1945-1949     40-44     0.00488  0.02410  2.60   79842    1924  394585  2629719  32.94
1945-1949     45-49     0.00657  0.03234  2.60   77917    2520  383537  2235134  28.69
1945-1949     50-54     0.00893  0.04373  2.61   75398    3297  369097  1851597  24.56
1945-1949     55-59     0.01266  0.06145  2.62   72101    4431  349962  1482500  20.56
1945-1949     60-64     0.01944  0.09297  2.65   67670    6291  323548  1132538  16.74
1945-1949     65-69     0.03189  0.14833  2.65   61379    9105  285485   808990  13.18
1945-1949     70-74     0.05467  0.24163  2.60   52274   12631  231058   523506  10.01
1945-1949     75-79     0.09288  0.37743  2.52   39643   14963  161104   292447   7.38
1945-1949     80-84     0.15186  0.54276  2.37   24681   13396   88212   131344   5.32
1945-1949     85-89     0.23574  0.70886  2.19   11285    7999   33934    43132   3.82
1945-1949     90-94     0.34047  0.83435  1.94    3286    2741    8052     9198   2.80
1945-1949     95-99     0.46601  0.91819  1.70     544     500    1072     1147   2.11
1945-1949    100-104    0.59613  0.96040  1.47      45      43      72       74   1.67
1945-1949    105-109    0.71474  0.97956  1.29       2       2       2        2   1.40
1945-1949    110+       0.79957  1.00000  1.25       0       0       0        0   1.25
1950-1954        0      0.06335  0.06037  0.22  100000    6037   95307  6626736  66.27
1950-1954      1-4      0.00404  0.01599  1.21   93963    1503  371661  6531429  69.51
1950-1954      5-9      0.00087  0.00432  2.25   92460     399  461199  6159769  66.62
1950-1954     10-14     0.00070  0.00348  2.57   92060     321  459524  5698569  61.90
1950-1954     15-19     0.00104  0.00517  2.66   91740     474  457588  5239045  57.11
1950-1954     20-24     0.00139  0.00692  2.57   91265     632  454794  4781457  52.39
1950-1954     25-29     0.00161  0.00803  2.56   90634     727  451391  4326663  47.74
1950-1954     30-34     0.00186  0.00927  2.57   89906     833  447503  3875272  43.10
1950-1954     35-39     0.00239  0.01186  2.62   89073    1057  442848  3427769  38.48
1950-1954     40-44     0.00338  0.01675  2.66   88016    1474  436630  2984921  33.91
1950-1954     45-49     0.00519  0.02562  2.66   86542    2218  427512  2548291  29.45
1950-1954     50-54     0.00790  0.03879  2.64   84325    3271  413915  2120780  25.15
1950-1954     55-59     0.01181  0.05745  2.64   81054    4657  394292  1706864  21.06
1950-1954     60-64     0.01821  0.08730  2.65   76397    6670  366281  1312573  17.18
1950-1954     65-69     0.02973  0.13894  2.64   69728    9688  325816   946291  13.57
1950-1954     70-74     0.05117  0.22812  2.62   60040   13696  267653   620475  10.33
1950-1954     75-79     0.08773  0.36039  2.53   46343   16702  190386   352822   7.61
1950-1954     80-84     0.14573  0.52853  2.40   29642   15666  107504   162436   5.48
1950-1954     85-89     0.22763  0.69499  2.20   13975    9713   42668    54932   3.93
1950-1954     90-94     0.32982  0.82461  1.97    4263    3515   10657    12265   2.88
1950-1954     95-99     0.45587  0.91349  1.72     748     683    1498     1608   2.15
1950-1954    100-104    0.58676  0.95830  1.49      65      62     106      109   1.69
1950-1954    105-109    0.70710  0.97868  1.31       3       3       4        4   1.41
1950-1954    110+       0.79363  1.00000  1.26       0       0       0        0   1.26
1955-1959        0      0.05061  0.04861  0.19  100000    4861   96052  6835371  68.35
1955-1959      1-4      0.00251  0.00997  1.34   95139     949  378027  6739320  70.84
1955-1959      5-9      0.00071  0.00357  2.27   94190     336  470030  6361293  67.54
1955-1959     10-14     0.00058  0.00289  2.60   93854     271  468619  5891262  62.77
1955-1959     15-19     0.00089  0.00442  2.66   93583     414  466948  5422644  57.94
1955-1959     20-24     0.00112  0.00560  2.55   93169     521  464569  4955696  53.19
1955-1959     25-29     0.00129  0.00643  2.54   92648     596  461773  4491127  48.48
1955-1959     30-34     0.00158  0.00788  2.58   92052     726  458506  4029354  43.77
1955-1959     35-39     0.00205  0.01020  2.59   91326     932  454389  3570848  39.10
1955-1959     40-44     0.00293  0.01454  2.64   90395    1314  448873  3116459  34.48
1955-1959     45-49     0.00457  0.02261  2.69   89080    2014  440746  2667586  29.95
1955-1959     50-54     0.00744  0.03656  2.67   87066    3184  427901  2226840  25.58
1955-1959     55-59     0.01153  0.05615  2.65   83883    4710  408357  1798940  21.45
1955-1959     60-64     0.01794  0.08606  2.65   79172    6814  379817  1390582  17.56
1955-1959     65-69     0.02860  0.13395  2.63   72359    9693  338864  1010765  13.97
1955-1959     70-74     0.04778  0.21451  2.62   62666   13442  281313   671900  10.72
1955-1959     75-79     0.08226  0.34259  2.56   49224   16864  205006   390587   7.93
1955-1959     80-84     0.13641  0.50433  2.42   32360   16320  119641   185581   5.73
1955-1959     85-89     0.21518  0.67432  2.23   16040   10816   50264    65940   4.11
1955-1959     90-94     0.31420  0.80924  2.00    5224    4227   13455    15675   3.00
1955-1959     95-99     0.43853  0.90482  1.75     997     902    2056     2221   2.23
1955-1959    100-104    0.57070  0.95447  1.51      95      91     159      165   1.74
1955-1959    105-109    0.69450  0.97718  1.32       4       4       6        6   1.44
1955-1959    110+       0.78454  1.00000  1.27       0       0       0        0   1.27
1960-1964        0      0.04240  0.04095  0.17  100000    4095   96582  6958563  69.59
1960-1964      1-4      0.00178  0.00708  1.40   95905     679  381856  6861981  71.55
1960-1964      5-9      0.00057  0.00285  2.28   95226     271  475394  6480125  68.05
1960-1964     10-14     0.00049  0.00244  2.60   94955     232  474220  6004731  63.24
1960-1964     15-19     0.00086  0.00428  2.73   94724     405  472699  5530511  58.39
1960-1964     20-24     0.00106  0.00529  2.56   94319     499  470377  5057811  53.62
1960-1964     25-29     0.00119  0.00591  2.54   93820     554  467734  4587434  48.90
1960-1964     30-34     0.00145  0.00720  2.60   93265     672  464711  4119701  44.17
1960-1964     35-39     0.00196  0.00976  2.64   92593     903  460835  3654989  39.47
1960-1964     40-44     0.00285  0.01417  2.63   91690    1299  455376  3194154  34.84
1960-1964     45-49     0.00437  0.02164  2.69   90391    1956  447425  2738778  30.30
1960-1964     50-54     0.00703  0.03458  2.68   88434    3058  435062  2291353  25.91
1960-1964     55-59     0.01133  0.05520  2.66   85376    4713  415873  1856291  21.74
1960-1964     60-64     0.01784  0.08559  2.64   80663    6904  387000  1440418  17.86
1960-1964     65-69     0.02799  0.13125  2.63   73759    9681  345857  1053417  14.28
1960-1964     70-74     0.04543  0.20487  2.61   64078   13128  288984   707560  11.04
1960-1964     75-79     0.07668  0.32294  2.56   50951   16454  214579   418576   8.22
1960-1964     80-84     0.12982  0.48711  2.44   34497   16804  129434   203997   5.91
1960-1964     85-89     0.20716  0.65997  2.25   17693   11677   56366    74563   4.21
1960-1964     90-94     0.31105  0.80695  2.02    6016    4855   15607    18197   3.02
1960-1964     95-99     0.43816  0.90508  1.76    1161    1051    2399     2589   2.23
1960-1964    100-104    0.57518  0.95588  1.51     110     105     183      190   1.72
1960-1964    105-109    0.70296  0.97837  1.31       5       5       7        7   1.42
1960-1964    110+       0.79485  1.00000  1.26       0       0       0        0   1.26
1965-1969        0      0.03413  0.03316  0.14  100000    3316   97157  7078938  70.79
1965-1969      1-4      0.00120  0.00477  1.47   96684     461  385568  6981781  72.21
1965-1969      5-9      0.00046  0.00227  2.32   96223     219  480527  6596213  68.55
1965-1969     10-14     0.00042  0.00210  2.68   96004     201  479552  6115686  63.70
1965-1969     15-19     0.00076  0.00380  2.67   95803     365  478163  5636133  58.83
1965-1969     20-24     0.00089  0.00442  2.57   95438     422  476165  5157971  54.05
1965-1969     25-29     0.00097  0.00482  2.55   95016     458  473956  4681805  49.27
1965-1969     30-34     0.00122  0.00610  2.63   94558     577  471421  4207849  44.50
1965-1969     35-39     0.00178  0.00885  2.66   93981     832  467954  3736428  39.76
1965-1969     40-44     0.00274  0.01362  2.66   93149    1268  462776  3268475  35.09
1965-1969     45-49     0.00427  0.02114  2.66   91880    1942  454864  2805699  30.54
1965-1969     50-54     0.00674  0.03316  2.67   89938    2982  442743  2350834  26.14
1965-1969     55-59     0.01077  0.05255  2.67   86956    4570  424140  1908092  21.94
1965-1969     60-64     0.01745  0.08379  2.65   82386    6903  395699  1483952  18.01
1965-1969     65-69     0.02796  0.13116  2.64   75483    9900  354024  1088252  14.42
1965-1969     70-74     0.04596  0.20697  2.60   65582   13573  295343   734228  11.20
1965-1969     75-79     0.07395  0.31300  2.55   52009   16279  220126   438885   8.44
1965-1969     80-84     0.12355  0.46953  2.44   35730   16776  135781   218759   6.12
1965-1969     85-89     0.19730  0.64264  2.29   18954   12180   61736    82977   4.38
1965-1969     90-94     0.29852  0.79343  2.05    6773    5374   18003    21241   3.14
1965-1969     95-99     0.42070  0.89530  1.79    1399    1253    2978     3238   2.31
1965-1969    100-104    0.55699  0.95114  1.54     146     139     250      261   1.78
1965-1969    105-109    0.68686  0.97634  1.33       7       7      10       10   1.45
1965-1969    110+       0.78178  1.00000  1.28       0       0       0        0   1.28
1970-1974        0      0.02736  0.02672  0.12  100000    2672   97660  7210597  72.11
1970-1974      1-4      0.00083  0.00333  1.58   97328     324  388527  7112937  73.08
1970-1974      5-9      0.00040  0.00198  2.34   97004     192  484510  6724410  69.32
1970-1974     10-14     0.00038  0.00190  2.71   96812     183  483641  6239901  64.45
1970-1974     15-19     0.00076  0.00377  2.69   96629     365  482300  5756260  59.57
1970-1974     20-24     0.00084  0.00417  2.53   96264     402  480327  5273960  54.79
1970-1974     25-29     0.00087  0.00436  2.54   95862     418  478281  4793633  50.01
1970-1974     30-34     0.00107  0.00533  2.61   95444     509  476005  4315352  45.21
1970-1974     35-39     0.00156  0.00777  2.67   94935     738  472960  3839347  40.44
1970-1974     40-44     0.00249  0.01238  2.69   94197    1166  468288  3366388  35.74
1970-1974     45-49     0.00414  0.02048  2.68   93031    1905  460732  2898099  31.15
1970-1974     50-54     0.00648  0.03193  2.66   91126    2910  448826  2437367  26.75
1970-1974     55-59     0.01008  0.04922  2.67   88216    4342  430962  1988541  22.54
1970-1974     60-64     0.01606  0.07740  2.66   83874    6492  404165  1557579  18.57
1970-1974     65-69     0.02554  0.12040  2.63   77382    9316  364844  1153414  14.91
1970-1974     70-74     0.04201  0.19107  2.64   68066   13006  309597   788570  11.59
1970-1974     75-79     0.07102  0.30258  2.56   55060   16660  234571   478973   8.70
1970-1974     80-84     0.11668  0.45028  2.47   38400   17291  148195   244402   6.36
1970-1974     85-89     0.18659  0.62042  2.30   21109   13096   70188    96206   4.56
1970-1974     90-94     0.28640  0.78015  2.08    8013    6251   21826    26018   3.25
1970-1974     95-99     0.40800  0.88771  1.82    1762    1564    3833     4192   2.38
1970-1974    100-104    0.54491  0.94779  1.56     198     187     344      359   1.82
1970-1974    105-109    0.67718  0.97507  1.35      10      10      15       15   1.47
1970-1974    110+       0.77466  1.00000  1.29       0       0       0        0   1.29
1975-1979        0      0.01823  0.01794  0.10  100000    1794   98384  7340766  73.41
1975-1979      1-4      0.00056  0.00224  1.63   98206     220  392305  7242383  73.75
1975-1979      5-9      0.00031  0.00155  2.41   97987     152  489539  6850078  69.91
1975-1979     10-14     0.00032  0.00162  2.70   97834     158  488808  6360539  65.01
1975-1979     15-19     0.00066  0.00329  2.72   97676     321  487647  5871731  60.11
1975-1979     20-24     0.00076  0.00378  2.48   97355     368  485846  5384084  55.30
1975-1979     25-29     0.00074  0.00370  2.53   96987     359  484046  4898238  50.50
1975-1979     30-34     0.00092  0.00459  2.62   96628     443  482085  4414192  45.68
1975-1979     35-39     0.00136  0.00676  2.66   96184     650  479402  3932106  40.88
1975-1979     40-44     0.00225  0.01119  2.71   95534    1069  475228  3452705  36.14
1975-1979     45-49     0.00385  0.01909  2.71   94465    1803  468199  2977477  31.52
1975-1979     50-54     0.00636  0.03135  2.65   92662    2905  456484  2509278  27.08
1975-1979     55-59     0.00977  0.04776  2.64   89758    4287  438687  2052794  22.87
1975-1979     60-64     0.01531  0.07390  2.65   85470    6316  412510  1614107  18.88
1975-1979     65-69     0.02459  0.11621  2.65   79154    9199  374160  1201597  15.18
1975-1979     70-74     0.04027  0.18369  2.61   69956   12850  319097   827437  11.83
1975-1979     75-79     0.06783  0.29148  2.59   57106   16645  245385   508340   8.90
1975-1979     80-84     0.11241  0.43789  2.48   40461   17717  157616   262955   6.50
1975-1979     85-89     0.18255  0.61293  2.32   22743   13940   76364   105339   4.63
1975-1979     90-94     0.28115  0.77256  2.08    8803    6801   24189    28976   3.29
1975-1979     95-99     0.40579  0.88665  1.83    2002    1775    4375     4786   2.39
1975-1979    100-104    0.54596  0.94833  1.56     227     215     394      411   1.81
1975-1979    105-109    0.68148  0.97578  1.34      12      11      17       17   1.46
1975-1979    110+       0.78081  1.00000  1.28       0       0       0        0   1.28
1980-1984        0      0.01299  0.01284  0.08  100000    1284   98824  7471861  74.72
1980-1984      1-4      0.00045  0.00181  1.64   98716     179  394441  7373037  74.69
1980-1984      5-9      0.00025  0.00126  2.43   98537     124  492367  6978596  70.82
1980-1984     10-14     0.00027  0.00135  2.76   98413     132  491770  6486229  65.91
1980-1984     15-19     0.00062  0.00310  2.71   98281     305  490707  5994459  60.99
1980-1984     20-24     0.00073  0.00365  2.49   97976     357  488984  5503752  56.17
1980-1984     25-29     0.00071  0.00356  2.52   97619     347  487231  5014769  51.37
1980-1984     30-34     0.00083  0.00414  2.60   97272     403  485390  4527537  46.55
1980-1984     35-39     0.00120  0.00596  2.70   96869     578  483012  4042147  41.73
1980-1984     40-44     0.00196  0.00975  2.68   96291     939  479280  3559135  36.96
1980-1984     45-49     0.00335  0.01664  2.72   95352    1586  473139  3079855  32.30
1980-1984     50-54     0.00570  0.02812  2.69   93766    2636  462742  2606716  27.80
1980-1984     55-59     0.00920  0.04501  2.66   91129    4102  446045  2143974  23.53
1980-1984     60-64     0.01433  0.06932  2.65   87028    6033  420934  1697929  19.51
1980-1984     65-69     0.02239  0.10633  2.65   80995    8612  384714  1276994  15.77
1980-1984     70-74     0.03697  0.17003  2.64   72383   12308  332865   892281  12.33
1980-1984     75-79     0.06253  0.27159  2.58   60075   16316  260921   559416   9.31
1980-1984     80-84     0.10464  0.41441  2.49   43759   18134  173298   298495   6.82
1980-1984     85-89     0.16974  0.58495  2.34   25625   14989   88305   125197   4.89
1980-1984     90-94     0.26365  0.75000  2.13   10636    7977   30255    36892   3.47
1980-1984     95-99     0.38676  0.87403  1.86    2659    2324    6009     6637   2.50
1980-1984    100-104    0.52684  0.94256  1.59     335     316     599      628   1.88
1980-1984    105-109    0.66525  0.97353  1.37      19      19      28       29   1.50
1980-1984    110+       0.76822  1.00000  1.30       1       1       1        1   1.30
1985-1989        0      0.00959  0.00951  0.07  100000     951   99120  7625363  76.25
1985-1989      1-4      0.00034  0.00134  1.66   99049     133  395885  7526243  75.98
1985-1989      5-9      0.00019  0.00093  2.42   98916      92  494343  7130358  72.08
1985-1989     10-14     0.00021  0.00106  2.73   98824     105  493883  6636014  67.15
1985-1989     15-19     0.00053  0.00263  2.75   98719     260  493012  6142131  62.22
1985-1989     20-24     0.00069  0.00344  2.53   98459     339  491459  5649119  57.38
1985-1989     25-29     0.00074  0.00367  2.50   98121     361  489703  5157660  52.56
1985-1989     30-34     0.00081  0.00404  2.56   97760     395  487839  4667957  47.75
1985-1989     35-39     0.00108  0.00540  2.65   97365     526  485589  4180118  42.93
1985-1989     40-44     0.00173  0.00863  2.69   96839     835  482269  3694529  38.15
1985-1989     45-49     0.00286  0.01419  2.69   96004    1362  476878  3212260  33.46
1985-1989     50-54     0.00481  0.02378  2.70   94642    2251  468039  2735382  28.90
1985-1989     55-59     0.00812  0.03983  2.68   92391    3680  453402  2267343  24.54
1985-1989     60-64     0.01301  0.06312  2.65   88711    5600  430406  1813941  20.45
1985-1989     65-69     0.02018  0.09632  2.63   83111    8005  396591  1383535  16.65
1985-1989     70-74     0.03243  0.15061  2.64   75106   11312  348818   986944  13.14
1985-1989     75-79     0.05446  0.24098  2.61   63795   15373  282305   638126  10.00
1985-1989     80-84     0.09267  0.37683  2.52   48422   18247  196894   355822   7.35
1985-1989     85-89     0.15287  0.54616  2.39   30175   16480  107804   158927   5.27
1985-1989     90-94     0.24034  0.71692  2.19   13694    9818   40849    51123   3.73
1985-1989     95-99     0.36145  0.85520  1.92    3877    3315    9172    10274   2.65
1985-1989    100-104    0.50190  0.93412  1.64     561     524    1045     1102   1.96
1985-1989    105-109    0.64454  0.97037  1.40      37      36      56       57   1.54
1985-1989    110+       0.75249  1.00000  1.33       1       1       1        1   1.33
1990-1994        0      0.00768  0.00763  0.07  100000     763   99290  7737034  77.37
1990-1994      1-4      0.00032  0.00130  1.69   99237     129  396651  7637743  76.96
1990-1994      5-9      0.00018  0.00090  2.39   99108      89  495308  7241093  73.06
1990-1994     10-14     0.00020  0.00100  2.80   99019      99  494877  6745785  68.13
1990-1994     15-19     0.00054  0.00271  2.76   98920     268  494000  6250908  63.19
1990-1994     20-24     0.00072  0.00358  2.54   98652     353  492394  5756908  58.36
1990-1994     25-29     0.00089  0.00444  2.61   98299     437  490453  5264514  53.56
1990-1994     30-34     0.00109  0.00543  2.52   97862     531  487993  4774061  48.78
1990-1994     35-39     0.00117  0.00585  2.57   97331     569  485275  4286068  44.04
1990-1994     40-44     0.00159  0.00793  2.66   96762     767  482017  3800793  39.28
1990-1994     45-49     0.00256  0.01275  2.71   95995    1224  477171  3318776  34.57
1990-1994     50-54     0.00413  0.02045  2.68   94771    1938  469366  2841605  29.98
1990-1994     55-59     0.00686  0.03376  2.69   92833    3134  456921  2372239  25.55
1990-1994     60-64     0.01132  0.05513  2.67   89698    4945  436988  1915318  21.35
1990-1994     65-69     0.01817  0.08712  2.64   84754    7383  406355  1478330  17.44
1990-1994     70-74     0.02902  0.13580  2.64   77370   10507  362057  1071975  13.86
1990-1994     75-79     0.04815  0.21596  2.62   66863   14440  299881   709918  10.62
1990-1994     80-84     0.08209  0.34194  2.56   52423   17926  218366   410036   7.82
1990-1994     85-89     0.14000  0.51431  2.42   34498   17742  126734   191670   5.56
1990-1994     90-94     0.22834  0.69731  2.21   16755   11684   51168    64937   3.88
1990-1994     95-99     0.35117  0.84755  1.95    5072    4299   12241    13769   2.71
1990-1994    100-104    0.49805  0.93327  1.65     773     722    1449     1528   1.98
1990-1994    105-109    0.64803  0.97122  1.39      52      50      77       79   1.54
1990-1994    110+       0.76076  1.00000  1.31       1       1       2        2   1.31
1995-1999        0      0.00567  0.00564  0.06  100000     564   99472  7866206  78.66
1995-1999      1-4      0.00026  0.00102  1.68   99436     102  397509  7766734  78.11
1995-1999      5-9      0.00015  0.00075  2.35   99335      75  496475  7369225  74.19
1995-1999     10-14     0.00018  0.00090  2.84   99260      90  496106  6872750  69.24
1995-1999     15-19     0.00046  0.00231  2.81   99170     229  495349  6376644  64.30
1995-1999     20-24     0.00064  0.00322  2.54   98941     319  493922  5881295  59.44
1995-1999     25-29     0.00070  0.00351  2.58   98622     346  492276  5387373  54.63
1995-1999     30-34     0.00094  0.00470  2.59   98276     462  490270  4895097  49.81
1995-1999     35-39     0.00113  0.00562  2.57   97815     549  487737  4404827  45.03
1995-1999     40-44     0.00148  0.00739  2.65   97265     718  484634  3917090  40.27
1995-1999     45-49     0.00228  0.01133  2.69   96547    1094  480203  3432456  35.55
1995-1999     50-54     0.00373  0.01849  2.69   95453    1765  473178  2952254  30.93
1995-1999     55-59     0.00595  0.02934  2.67   93688    2749  462028  2479075  26.46
1995-1999     60-64     0.00974  0.04763  2.68   90939    4332  444632  2017047  22.18
1995-1999     65-69     0.01614  0.07777  2.67   86607    6736  417320  1572415  18.16
1995-1999     70-74     0.02633  0.12392  2.64   79872    9898  375969  1155096  14.46
1995-1999     75-79     0.04387  0.19866  2.62   69974   13901  316845   779127  11.13
1995-1999     80-84     0.07423  0.31452  2.57   56073   17636  237583   462282   8.24
1995-1999     85-89     0.12911  0.48625  2.46   38437   18690  144760   224699   5.85
1995-1999     90-94     0.21542  0.67645  2.25   19747   13358   62009    79939   4.05
1995-1999     95-99     0.33770  0.83617  1.98    6389    5342   15820    17930   2.81
1995-1999    100-104    0.48746  0.92954  1.67    1047     973    1996     2110   2.02
1995-1999    105-109    0.64238  0.97047  1.40      74      72     111      114   1.55
1995-1999    110+       0.75923  1.00000  1.32       2       2       3        3   1.32
2000-2004        0      0.00424  0.00422  0.06  100000     422   99603  8016001  80.16
2000-2004      1-4      0.00019  0.00076  1.70   99578      75  398138  7916397  79.50
2000-2004      5-9      0.00011  0.00056  2.45   99503      55  497372  7518259  75.56
2000-2004     10-14     0.00013  0.00067  2.82   99447      67  497090  7020887  70.60
2000-2004     15-19     0.00039  0.00194  2.82   99380     193  496480  6523796  65.64
2000-2004     20-24     0.00055  0.00275  2.51   99187     272  495258  6027316  60.77
2000-2004     25-29     0.00058  0.00290  2.52   98915     287  493863  5532057  55.93
2000-2004     30-34     0.00065  0.00324  2.58   98628     319  492368  5038194  51.08
2000-2004     35-39     0.00089  0.00442  2.65   98309     434  490524  4545826  46.24
2000-2004     40-44     0.00131  0.00652  2.65   97874     638  487872  4055302  41.43
2000-2004     45-49     0.00202  0.01008  2.68   97236     980  483905  3567431  36.69
2000-2004     50-54     0.00325  0.01615  2.69   96256    1555  477692  3083525  32.03
2000-2004     55-59     0.00527  0.02603  2.68   94701    2465  467782  2605833  27.52
2000-2004     60-64     0.00827  0.04055  2.67   92236    3740  452456  2138051  23.18
2000-2004     65-69     0.01350  0.06547  2.68   88496    5793  429036  1685595  19.05
2000-2004     70-74     0.02260  0.10737  2.67   82703    8880  392843  1256559  15.19
2000-2004     75-79     0.03885  0.17790  2.63   73823   13133  338038   863716  11.70
2000-2004     80-84     0.06758  0.29050  2.59   60690   17631  260874   525678   8.66
2000-2004     85-89     0.11873  0.45746  2.49   43059   19698  165903   264804   6.15
2000-2004     90-94     0.20295  0.65514  2.30   23362   15305   75413    98901   4.23
2000-2004     95-99     0.32281  0.82228  2.02    8056    6625   20522    23488   2.92
2000-2004    100-104    0.47332  0.92394  1.70    1432    1323    2795     2966   2.07
2000-2004    105-109    0.63176  0.96879  1.42     109     106     167      172   1.57
2000-2004    110+       0.75240  1.00000  1.33       3       3       5        5   1.33
2005-2009        0      0.00348  0.00347  0.06  100000     347   99673  8141655  81.42
2005-2009      1-4      0.00015  0.00062  1.71   99653      61  398471  8041982  80.70
2005-2009      5-9      0.00009  0.00044  2.45   99591      44  497846  7643512  76.75
2005-2009     10-14     0.00011  0.00055  2.85   99548      54  497622  7145666  71.78
2005-2009     15-19     0.00032  0.00161  2.81   99493     160  497115  6648044  66.82
2005-2009     20-24     0.00044  0.00219  2.53   99333     218  496126  6150929  61.92
2005-2009     25-29     0.00047  0.00233  2.53   99115     231  495005  5654803  57.05
2005-2009     30-34     0.00052  0.00261  2.57   98884     258  493795  5159798  52.18
2005-2009     35-39     0.00071  0.00354  2.65   98626     350  492310  4666004  47.31
2005-2009     40-44     0.00113  0.00562  2.69   98277     552  490109  4173694  42.47
2005-2009     45-49     0.00181  0.00901  2.68   97725     880  486581  3683586  37.69
2005-2009     50-54     0.00287  0.01428  2.68   96844    1383  481019  3197005  33.01
2005-2009     55-59     0.00458  0.02268  2.68   95462    2165  472280  2715986  28.45
2005-2009     60-64     0.00737  0.03624  2.66   93296    3381  458577  2243706  24.05
2005-2009     65-69     0.01154  0.05619  2.66   89915    5052  437737  1785129  19.85
2005-2009     70-74     0.01926  0.09218  2.68   84863    7823  406185  1347391  15.88
2005-2009     75-79     0.03399  0.15747  2.67   77041   12132  356900   941207  12.22
2005-2009     80-84     0.06215  0.27071  2.62   64909   17571  282737   584307   9.00
2005-2009     85-89     0.11242  0.43887  2.50   47337   20775  184802   301570   6.37
2005-2009     90-94     0.19249  0.63534  2.33   26562   16876   87675   116767   4.40
2005-2009     95-99     0.31127  0.81105  2.05    9686    7856   25238    29092   3.00
2005-2009    100-104    0.46490  0.92069  1.72    1830    1685    3625     3854   2.11
2005-2009    105-109    0.62867  0.96846  1.43     145     141     224      230   1.58
2005-2009    110+       0.75355  1.00000  1.33       5       5       6        6   1.33
2010-2012        0      0.00312  0.00312  0.06  100000     312   99706  8214663  82.15
2010-2012      1-4      0.00014  0.00055  1.67   99688      55  398627  8114957  81.40
2010-2012      5-9      0.00008  0.00038  2.38   99634      38  498069  7716330  77.45
2010-2012     10-14     0.00009  0.00046  2.73   99595      46  497873  7218262  72.48
2010-2012     15-19     0.00024  0.00122  2.80   99549     122  497478  6720389  67.51
2010-2012     20-24     0.00034  0.00172  2.55   99427     171  496718  6222911  62.59
2010-2012     25-29     0.00036  0.00181  2.53   99257     180  495840  5726192  57.69
2010-2012     30-34     0.00044  0.00222  2.62   99077     220  494863  5230352  52.79
2010-2012     35-39     0.00062  0.00307  2.66   98858     304  493578  4735489  47.90
2010-2012     40-44     0.00098  0.00491  2.69   98554     484  491653  4241911  43.04
2010-2012     45-49     0.00166  0.00828  2.70   98070     812  488484  3750258  38.24
2010-2012     50-54     0.00269  0.01337  2.69   97258    1300  483292  3261774  33.54
2010-2012     55-59     0.00427  0.02112  2.68   95958    2027  475081  2778482  28.96
2010-2012     60-64     0.00679  0.03342  2.67   93931    3140  462345  2303401  24.52
2010-2012     65-69     0.01089  0.05311  2.65   90792    4822  442618  1841056  20.28
2010-2012     70-74     0.01748  0.08399  2.68   85970    7220  413083  1398437  16.27
2010-2012     75-79     0.03122  0.14557  2.68   78749   11464  367203   985354  12.51
2010-2012     80-84     0.05867  0.25769  2.64   67286   17339  295537   618151   9.19
2010-2012     85-89     0.10903  0.42915  2.52   49947   21434  196595   322614   6.46
2010-2012     90-94     0.19010  0.62816  2.30   28512   17910   94216   126019   4.42
2010-2012     95-99     0.31142  0.81170  2.05   10602    8606   27633    31803   3.00
2010-2012    100-104    0.46892  0.92280  1.71    1996    1842    3929     4170   2.09
2010-2012    105-109    0.63612  0.96989  1.42     154     149     235      241   1.56
2010-2012    110+       0.76241  1.00000  1.31       5       5       6        6   1.31
