Japan, Life tables (period 5x5), Total     Last modified: 26-Sep-2016, MPv5 (May07)

  Year          Age         mx       qx    ax      lx      dx      Lx       Tx     ex
1947-1949        0      0.07319  0.06938  0.25  100000    6938   94793  5545171  55.45
1947-1949      1-4      0.01257  0.04870  1.43   93062    4532  360582  5450378  58.57
1947-1949      5-9      0.00264  0.01312  2.07   88530    1161  439245  5089796  57.49
1947-1949     10-14     0.00160  0.00797  2.57   87369     696  435150  4650551  53.23
1947-1949     15-19     0.00370  0.01835  2.90   86673    1591  430017  4215401  48.64
1947-1949     20-24     0.00698  0.03434  2.58   85082    2922  418351  3785384  44.49
1947-1949     25-29     0.00717  0.03523  2.45   82160    2894  403423  3367033  40.98
1947-1949     30-34     0.00677  0.03330  2.49   79266    2640  389697  2963610  37.39
1947-1949     35-39     0.00702  0.03452  2.52   76626    2645  376577  2573913  33.59
1947-1949     40-44     0.00796  0.03903  2.54   73981    2888  362813  2197336  29.70
1947-1949     45-49     0.00981  0.04790  2.60   71094    3405  347287  1834522  25.80
1947-1949     50-54     0.01357  0.06573  2.61   67688    4449  327811  1487236  21.97
1947-1949     55-59     0.01944  0.09290  2.63   63239    5875  302273  1159425  18.33
1947-1949     60-64     0.02980  0.13909  2.61   57364    7979  267773   857152  14.94
1947-1949     65-69     0.04488  0.20238  2.58   49385    9995  222703   589379  11.93
1947-1949     70-74     0.06777  0.29026  2.53   39391   11434  168705   366676   9.31
1947-1949     75-79     0.10218  0.40646  2.49   27957   11363  111213   197971   7.08
1947-1949     80-84     0.15825  0.55687  2.34   16594    9241   58393    86758   5.23
1947-1949     85-89     0.23458  0.70689  2.19    7353    5198   22159    28365   3.86
1947-1949     90-94     0.33021  0.82369  1.96    2155    1775    5376     6207   2.88
1947-1949     95-99     0.44851  0.90893  1.73     380     345     770      830   2.19
1947-1949    100-104    0.56982  0.95364  1.51      35      33      58       60   1.74
1947-1949    105-109    0.68446  0.97556  1.34       2       2       2        2   1.46
1947-1949    110+       0.76958  1.00000  1.30       0       0       0        0   1.30
1950-1954        0      0.05192  0.04983  0.19  100000    4983   95970  6214166  62.14
1950-1954      1-4      0.00713  0.02805  1.61   95017    2665  373699  6118196  64.39
1950-1954      5-9      0.00170  0.00848  2.02   92352     783  459426  5744497  62.20
1950-1954     10-14     0.00092  0.00458  2.53   91568     419  456808  5285071  57.72
1950-1954     15-19     0.00178  0.00887  2.88   91149     809  454031  4828264  52.97
1950-1954     20-24     0.00324  0.01608  2.63   90340    1453  448254  4374233  48.42
1950-1954     25-29     0.00372  0.01843  2.51   88887    1638  440365  3925979  44.17
1950-1954     30-34     0.00385  0.01905  2.52   87249    1662  432117  3485614  39.95
1950-1954     35-39     0.00434  0.02148  2.57   85587    1839  423461  3053497  35.68
1950-1954     40-44     0.00539  0.02661  2.59   83748    2228  413380  2630036  31.40
1950-1954     45-49     0.00742  0.03644  2.64   81520    2971  400584  2216656  27.19
1950-1954     50-54     0.01081  0.05271  2.63   78549    4140  382949  1816072  23.12
1950-1954     55-59     0.01632  0.07860  2.65   74409    5848  358281  1433123  19.26
1950-1954     60-64     0.02498  0.11794  2.64   68560    8086  323706  1074842  15.68
1950-1954     65-69     0.04030  0.18382  2.61   60474   11116  275810   751137  12.42
1950-1954     70-74     0.06309  0.27323  2.55   49358   13486  213748   475327   9.63
1950-1954     75-79     0.09710  0.38973  2.47   35872   13980  143973   261579   7.29
1950-1954     80-84     0.15089  0.53997  2.37   21891   11821   78341   117606   5.37
1950-1954     85-89     0.22942  0.69753  2.19   10071    7025   30619    39265   3.90
1950-1954     90-94     0.33610  0.83301  1.97    3046    2537    7550     8645   2.84
1950-1954     95-99     0.45514  0.91289  1.72     509     464    1020     1096   2.15
1950-1954    100-104    0.58372  0.95750  1.49      44      42      73       75   1.70
1950-1954    105-109    0.70330  0.97821  1.31       2       2       3        3   1.42
1950-1954    110+       0.79019  1.00000  1.27       0       0       0        0   1.27
1955-1959        0      0.03824  0.03704  0.15  100000    3704   96865  6620349  66.20
1955-1959      1-4      0.00350  0.01387  1.68   96296    1336  382088  6523484  67.74
1955-1959      5-9      0.00115  0.00574  2.05   94961     545  473193  6141396  64.67
1955-1959     10-14     0.00062  0.00312  2.50   94416     294  471344  5668203  60.03
1955-1959     15-19     0.00119  0.00591  2.89   94121     557  469431  5196859  55.21
1955-1959     20-24     0.00211  0.01049  2.61   93565     981  465475  4727429  50.53
1955-1959     25-29     0.00230  0.01145  2.52   92584    1060  460286  4261954  46.03
1955-1959     30-34     0.00252  0.01252  2.56   91523    1146  454818  3801668  41.54
1955-1959     35-39     0.00302  0.01499  2.58   90377    1354  448607  3346850  37.03
1955-1959     40-44     0.00398  0.01970  2.63   89023    1754  440958  2898242  32.56
1955-1959     45-49     0.00598  0.02946  2.66   87269    2571  430333  2457284  28.16
1955-1959     50-54     0.00924  0.04521  2.65   84698    3829  414509  2026951  23.93
1955-1959     55-59     0.01436  0.06947  2.66   80869    5618  391194  1612443  19.94
1955-1959     60-64     0.02243  0.10651  2.64   75251    8015  357365  1221248  16.23
1955-1959     65-69     0.03611  0.16631  2.63   67236   11182  309696   863883  12.85
1955-1959     70-74     0.05947  0.25985  2.57   56054   14565  244917   554187   9.89
1955-1959     75-79     0.09388  0.37992  2.49   41489   15762  167904   309270   7.45
1955-1959     80-84     0.14697  0.52999  2.37   25726   13635   92772   141366   5.49
1955-1959     85-89     0.22089  0.68443  2.22   12092    8276   37467    48594   4.02
1955-1959     90-94     0.32578  0.82262  1.99    3816    3139    9635    11128   2.92
1955-1959     95-99     0.44367  0.90706  1.74     677     614    1384     1493   2.21
1955-1959    100-104    0.57152  0.95446  1.51      63      60     105      109   1.74
1955-1959    105-109    0.69207  0.97678  1.33       3       3       4        4   1.44
1955-1959    110+       0.78060  1.00000  1.28       0       0       0        0   1.28
1960-1964        0      0.02634  0.02575  0.12  100000    2575   97737  6891881  68.92
1960-1964      1-4      0.00191  0.00762  1.65   97425     743  387957  6794144  69.74
1960-1964      5-9      0.00075  0.00374  2.16   96682     362  482383  6406187  66.26
1960-1964     10-14     0.00046  0.00231  2.51   96321     223  481050  5923803  61.50
1960-1964     15-19     0.00089  0.00446  2.85   96098     429  479570  5442753  56.64
1960-1964     20-24     0.00147  0.00733  2.60   95669     701  476662  4963183  51.88
1960-1964     25-29     0.00167  0.00830  2.53   94968     788  472893  4486521  47.24
1960-1964     30-34     0.00189  0.00942  2.59   94180     887  468759  4013627  42.62
1960-1964     35-39     0.00241  0.01199  2.61   93293    1119  463791  3544868  38.00
1960-1964     40-44     0.00330  0.01637  2.64   92174    1509  457315  3081077  33.43
1960-1964     45-49     0.00500  0.02471  2.68   90666    2240  448120  2623762  28.94
1960-1964     50-54     0.00791  0.03883  2.68   88425    3434  434142  2175641  24.60
1960-1964     55-59     0.01271  0.06172  2.68   84991    5245  412767  1741500  20.49
1960-1964     60-64     0.02026  0.09671  2.65   79746    7712  380636  1328732  16.66
1960-1964     65-69     0.03320  0.15389  2.63   72034   11085  333921   948097  13.16
1960-1964     70-74     0.05529  0.24406  2.60   60948   14875  269016   614176  10.08
1960-1964     75-79     0.09232  0.37544  2.51   46073   17298  187371   345159   7.49
1960-1964     80-84     0.14701  0.53079  2.38   28775   15274  103893   157788   5.48
1960-1964     85-89     0.22298  0.68707  2.21   13502    9277   41602    53895   3.99
1960-1964     90-94     0.32632  0.82305  1.99    4225    3477   10657    12294   2.91
1960-1964     95-99     0.44710  0.90915  1.74     748     680    1520     1637   2.19
1960-1964    100-104    0.57858  0.95644  1.50      68      65     112      116   1.72
1960-1964    105-109    0.70184  0.97813  1.31       3       3       4        4   1.42
1960-1964    110+       0.79142  1.00000  1.26       0       0       0        0   1.26
1965-1969        0      0.01670  0.01645  0.09  100000    1645   98511  7124051  71.24
1965-1969      1-4      0.00121  0.00481  1.63   98355     473  392301  7025540  71.43
1965-1969      5-9      0.00053  0.00265  2.23   97882     259  488693  6633239  67.77
1965-1969     10-14     0.00037  0.00184  2.57   97623     179  487680  6144546  62.94
1965-1969     15-19     0.00071  0.00352  2.79   97444     343  486462  5656867  58.05
1965-1969     20-24     0.00108  0.00537  2.61   97101     521  484255  5170404  53.25
1965-1969     25-29     0.00125  0.00624  2.54   96579     602  481414  4686149  48.52
1965-1969     30-34     0.00151  0.00754  2.62   95977     723  478162  4204735  43.81
1965-1969     35-39     0.00208  0.01037  2.63   95254     988  473928  3726573  39.12
1965-1969     40-44     0.00288  0.01429  2.63   94266    1347  468140  3252645  34.51
1965-1969     45-49     0.00428  0.02117  2.66   92918    1967  459990  2784505  29.97
1965-1969     50-54     0.00670  0.03297  2.67   90951    2999  447770  2324515  25.56
1965-1969     55-59     0.01093  0.05328  2.69   87952    4686  428924  1876745  21.34
1965-1969     60-64     0.01805  0.08659  2.67   83266    7210  399559  1447821  17.39
1965-1969     65-69     0.02986  0.13950  2.64   76055   10610  355289  1048262  13.78
1965-1969     70-74     0.05017  0.22397  2.61   65446   14658  292137   692973  10.59
1965-1969     75-79     0.08394  0.34778  2.54   50788   17663  210426   400836   7.89
1965-1969     80-84     0.13677  0.50500  2.41   33125   16728  122309   190410   5.75
1965-1969     85-89     0.21219  0.66938  2.24   16397   10976   51726    68100   4.15
1965-1969     90-94     0.31144  0.80663  2.01    5421    4373   14041    16375   3.02
1965-1969     95-99     0.43887  0.90518  1.75    1048     949    2162     2334   2.23
1965-1969    100-104    0.57335  0.95531  1.51      99      95     166      172   1.73
1965-1969    105-109    0.69983  0.97796  1.32       4       4       6        6   1.43
1965-1969    110+       0.79160  1.00000  1.26       0       0       0        0   1.26
1970-1974        0      0.01207  0.01194  0.08  100000    1194   98904  7306381  73.06
1970-1974      1-4      0.00099  0.00394  1.61   98806     389  394295  7207478  72.95
1970-1974      5-9      0.00043  0.00214  2.19   98416     211  491491  6813183  69.23
1970-1974     10-14     0.00029  0.00147  2.60   98206     144  490681  6321692  64.37
1970-1974     15-19     0.00071  0.00356  2.77   98061     349  489527  5831011  59.46
1970-1974     20-24     0.00093  0.00463  2.53   97712     452  487444  5341484  54.67
1970-1974     25-29     0.00101  0.00505  2.55   97260     491  485101  4854040  49.91
1970-1974     30-34     0.00124  0.00618  2.61   96770     598  482422  4368939  45.15
1970-1974     35-39     0.00179  0.00894  2.66   96172     859  478845  3886517  40.41
1970-1974     40-44     0.00267  0.01326  2.64   95312    1263  473582  3407672  35.75
1970-1974     45-49     0.00379  0.01877  2.64   94049    1765  466075  2934090  31.20
1970-1974     50-54     0.00573  0.02829  2.66   92284    2611  455302  2468016  26.74
1970-1974     55-59     0.00911  0.04460  2.68   89673    4000  439083  2012713  22.44
1970-1974     60-64     0.01512  0.07303  2.69   85673    6257  413892  1573631  18.37
1970-1974     65-69     0.02581  0.12171  2.66   79417    9666  374477  1159738  14.60
1970-1974     70-74     0.04391  0.19884  2.63   69751   13870  315869   785261  11.26
1970-1974     75-79     0.07499  0.31697  2.56   55881   17713  236205   469392   8.40
1970-1974     80-84     0.12427  0.47158  2.44   38169   18000  144847   233187   6.11
1970-1974     85-89     0.19700  0.64115  2.28   20169   12932   65642    88340   4.38
1970-1974     90-94     0.29774  0.79202  2.05    7238    5732   19253    22698   3.14
1970-1974     95-99     0.42579  0.89845  1.78    1505    1352    3176     3445   2.29
1970-1974    100-104    0.56449  0.95329  1.53     153     146     258      268   1.76
1970-1974    105-109    0.69586  0.97758  1.32       7       7      10       10   1.43
1970-1974    110+       0.79104  1.00000  1.26       0       0       0        0   1.26
1975-1979        0      0.00882  0.00875  0.07  100000     875   99188  7523886  75.24
1975-1979      1-4      0.00075  0.00299  1.61   99125     296  395790  7424697  74.90
1975-1979      5-9      0.00032  0.00159  2.19   98829     157  493703  7028907  71.12
1975-1979     10-14     0.00022  0.00110  2.60   98672     108  493098  6535205  66.23
1975-1979     15-19     0.00056  0.00278  2.81   98563     274  492217  6042107  61.30
1975-1979     20-24     0.00072  0.00358  2.52   98290     351  490577  5549890  56.46
1975-1979     25-29     0.00077  0.00384  2.53   97938     376  488763  5059314  51.66
1975-1979     30-34     0.00095  0.00473  2.64   97562     462  486721  4570551  46.85
1975-1979     35-39     0.00138  0.00689  2.67   97101     669  483945  4083829  42.06
1975-1979     40-44     0.00222  0.01104  2.69   96432    1064  479703  3599885  37.33
1975-1979     45-49     0.00345  0.01711  2.65   95368    1631  473001  3120181  32.72
1975-1979     50-54     0.00495  0.02449  2.63   93736    2295  463247  2647181  28.24
1975-1979     55-59     0.00746  0.03668  2.67   91441    3354  449387  2183934  23.88
1975-1979     60-64     0.01206  0.05866  2.68   88087    5168  428436  1734548  19.69
1975-1979     65-69     0.02075  0.09899  2.68   82919    8208  395580  1306111  15.75
1975-1979     70-74     0.03657  0.16837  2.65   74711   12579  344006   910531  12.19
1975-1979     75-79     0.06378  0.27650  2.60   62132   17179  269353   566525   9.12
1975-1979     80-84     0.10939  0.42919  2.49   44953   19293  176362   297173   6.61
1975-1979     85-89     0.17855  0.60413  2.32   25660   15502   86820   120811   4.71
1975-1979     90-94     0.27484  0.76526  2.10   10158    7773   28283    33991   3.35
1975-1979     95-99     0.40503  0.88645  1.83    2384    2114    5219     5708   2.39
1975-1979    100-104    0.54762  0.94895  1.56     271     257     469      489   1.81
1975-1979    105-109    0.68487  0.97629  1.34      14      13      20       20   1.46
1975-1979    110+       0.78481  1.00000  1.27       0       0       0        0   1.27
1980-1984        0      0.00667  0.00663  0.07  100000     663   99381  7686553  76.87
1980-1984      1-4      0.00058  0.00231  1.57   99337     229  396792  7587171  76.38
1980-1984      5-9      0.00025  0.00125  2.23   99108     124  495195  7190379  72.55
1980-1984     10-14     0.00018  0.00089  2.62   98984      88  494710  6695184  67.64
1980-1984     15-19     0.00050  0.00248  2.81   98896     245  493942  6200473  62.70
1980-1984     20-24     0.00061  0.00303  2.49   98651     298  492505  5706532  57.85
1980-1984     25-29     0.00065  0.00325  2.55   98352     320  490976  5214027  53.01
1980-1984     30-34     0.00081  0.00403  2.61   98032     395  489216  4723051  48.18
1980-1984     35-39     0.00117  0.00586  2.67   97637     572  486855  4233835  43.36
1980-1984     40-44     0.00185  0.00922  2.67   97065     895  483244  3746980  38.60
1980-1984     45-49     0.00306  0.01519  2.70   96171    1461  477487  3263736  33.94
1980-1984     50-54     0.00474  0.02344  2.63   94710    2220  468294  2786249  29.42
1980-1984     55-59     0.00678  0.03336  2.63   92490    3085  455123  2317955  25.06
1980-1984     60-64     0.01035  0.05056  2.67   89405    4520  436513  1862832  20.84
1980-1984     65-69     0.01732  0.08327  2.68   84885    7069  408021  1426319  16.80
1980-1984     70-74     0.03066  0.14310  2.68   77816   11136  363209  1018298  13.09
1980-1984     75-79     0.05507  0.24347  2.62   66681   16235  294792   655089   9.82
1980-1984     80-84     0.09648  0.38921  2.52   50446   19634  203504   360296   7.14
1980-1984     85-89     0.15996  0.56306  2.37   30812   17349  108461   156792   5.09
1980-1984     90-94     0.25232  0.73444  2.16   13463    9888   39187    48331   3.59
1980-1984     95-99     0.37601  0.86684  1.89    3575    3099    8242     9145   2.56
1980-1984    100-104    0.52066  0.94091  1.61     476     448     860      903   1.90
1980-1984    105-109    0.66457  0.97360  1.37      28      27      41       42   1.50
1980-1984    110+       0.77132  1.00000  1.30       1       1       1        1   1.30
1985-1989        0      0.00498  0.00496  0.06  100000     496   99535  7842149  78.42
1985-1989      1-4      0.00047  0.00187  1.54   99504     186  397560  7742614  77.81
1985-1989      5-9      0.00019  0.00097  2.26   99318      97  496326  7345054  73.95
1985-1989     10-14     0.00015  0.00077  2.66   99222      77  495929  6848727  69.02
1985-1989     15-19     0.00046  0.00229  2.87   99145     227  495242  6352799  64.08
1985-1989     20-24     0.00057  0.00283  2.44   98918     280  493874  5857557  59.22
1985-1989     25-29     0.00059  0.00293  2.53   98638     289  492478  5363683  54.38
1985-1989     30-34     0.00069  0.00343  2.63   98349     337  490946  4871205  49.53
1985-1989     35-39     0.00102  0.00507  2.67   98012     497  488902  4380259  44.69
1985-1989     40-44     0.00162  0.00805  2.69   97515     785  485761  3891357  39.91
1985-1989     45-49     0.00257  0.01276  2.68   96730    1235  480784  3405596  35.21
1985-1989     50-54     0.00423  0.02096  2.69   95495    2002  472849  2924812  30.63
1985-1989     55-59     0.00645  0.03175  2.63   93493    2969  460440  2451963  26.23
1985-1989     60-64     0.00938  0.04589  2.64   90525    4154  442804  1991523  22.00
1985-1989     65-69     0.01469  0.07102  2.68   86371    6134  417632  1548720  17.93
1985-1989     70-74     0.02537  0.11980  2.68   80237    9613  378863  1131088  14.10
1985-1989     75-79     0.04610  0.20799  2.66   70624   14689  318673   752225  10.65
1985-1989     80-84     0.08371  0.34751  2.56   55934   19438  232196   433552   7.75
1985-1989     85-89     0.14260  0.52107  2.42   36497   19017  133359   201356   5.52
1985-1989     90-94     0.22746  0.69602  2.21   17479   12166   53487    67996   3.89
1985-1989     95-99     0.34892  0.84545  1.95    5313    4492   12875    14509   2.73
1985-1989    100-104    0.49422  0.93171  1.66     821     765    1548     1635   1.99
1985-1989    105-109    0.64327  0.97040  1.40      56      54      85       87   1.55
1985-1989    110+       0.75594  1.00000  1.32       2       2       2        2   1.32
1990-1994        0      0.00446  0.00444  0.06  100000     444   99583  7935321  79.35
1990-1994      1-4      0.00043  0.00170  1.56   99556     169  397811  7835738  78.71
1990-1994      5-9      0.00018  0.00090  2.22   99387      89  496686  7437927  74.84
1990-1994     10-14     0.00014  0.00071  2.68   99297      70  496324  6941241  69.90
1990-1994     15-19     0.00040  0.00202  2.92   99227     201  495719  6444917  64.95
1990-1994     20-24     0.00052  0.00261  2.47   99027     258  494481  5949197  60.08
1990-1994     25-29     0.00053  0.00263  2.55   98768     260  493205  5454717  55.23
1990-1994     30-34     0.00063  0.00315  2.59   98508     310  491794  4961512  50.37
1990-1994     35-39     0.00090  0.00450  2.66   98198     442  489956  4469718  45.52
1990-1994     40-44     0.00146  0.00729  2.70   97756     712  487145  3979762  40.71
1990-1994     45-49     0.00237  0.01177  2.68   97044    1142  482575  3492617  35.99
1990-1994     50-54     0.00368  0.01827  2.67   95902    1752  475420  3010042  31.39
1990-1994     55-59     0.00596  0.02941  2.69   94150    2769  464341  2534622  26.92
1990-1994     60-64     0.00938  0.04590  2.64   91381    4194  447019  2070280  22.66
1990-1994     65-69     0.01405  0.06801  2.64   87187    5930  421943  1623261  18.62
1990-1994     70-74     0.02285  0.10850  2.68   81257    8816  385824  1201318  14.78
1990-1994     75-79     0.04080  0.18623  2.66   72440   13490  330607   815493  11.26
1990-1994     80-84     0.07468  0.31642  2.59   58950   18653  249760   484886   8.23
1990-1994     85-89     0.13051  0.48951  2.45   40297   19726  151148   235126   5.83
1990-1994     90-94     0.21359  0.67267  2.25   20571   13838   64786    83978   4.08
1990-1994     95-99     0.33177  0.83047  1.99    6734    5592   16855    19192   2.85
1990-1994    100-104    0.47959  0.92627  1.69    1142    1057    2205     2337   2.05
1990-1994    105-109    0.63424  0.96908  1.42      84      82     129      132   1.57
1990-1994    110+       0.75203  1.00000  1.33       3       3       3        3   1.33
1995-1999        0      0.00377  0.00375  0.06  100000     375   99647  8036539  80.37
1995-1999      1-4      0.00037  0.00147  1.55   99625     147  398138  7936892  79.67
1995-1999      5-9      0.00015  0.00077  2.29   99478      76  497182  7538754  75.78
1995-1999     10-14     0.00013  0.00066  2.68   99401      66  496854  7041572  70.84
1995-1999     15-19     0.00036  0.00181  2.86   99335     180  496292  6544718  65.89
1995-1999     20-24     0.00048  0.00242  2.50   99156     240  495177  6048426  61.00
1995-1999     25-29     0.00052  0.00259  2.56   98916     256  493952  5553249  56.14
1995-1999     30-34     0.00065  0.00322  2.61   98659     318  492536  5059297  51.28
1995-1999     35-39     0.00089  0.00442  2.64   98341     435  490683  4566761  46.44
1995-1999     40-44     0.00137  0.00683  2.69   97907     669  487989  4076078  41.63
1995-1999     45-49     0.00230  0.01142  2.70   97238    1111  483629  3588089  36.90
1995-1999     50-54     0.00363  0.01799  2.65   96127    1730  476575  3104460  32.30
1995-1999     55-59     0.00540  0.02668  2.65   94397    2519  466073  2627885  27.84
1995-1999     60-64     0.00865  0.04238  2.68   91879    3894  450345  2161812  23.53
1995-1999     65-69     0.01358  0.06580  2.64   87985    5789  426280  1711467  19.45
1995-1999     70-74     0.02118  0.10087  2.64   82196    8291  391438  1285187  15.64
1995-1999     75-79     0.03576  0.16501  2.66   73905   12195  341019   893749  12.09
1995-1999     80-84     0.06415  0.27806  2.61   61710   17159  267478   552730   8.96
1995-1999     85-89     0.11289  0.43995  2.49   44551   19600  173619   285251   6.40
1995-1999     90-94     0.18914  0.62670  2.31   24950   15636   82670   111633   4.47
1995-1999     95-99     0.29945  0.79694  2.07    9314    7423   24788    28963   3.11
1995-1999    100-104    0.44202  0.90887  1.76    1891    1719    3889     4175   2.21
1995-1999    105-109    0.59771  0.96208  1.48     172     166     277      286   1.66
1995-1999    110+       0.72054  1.00000  1.39       7       7       9        9   1.39
2000-2004        0      0.00304  0.00303  0.06  100000     303   99714  8171448  81.71
2000-2004      1-4      0.00027  0.00109  1.57   99697     109  398522  8071734  80.96
2000-2004      5-9      0.00012  0.00058  2.29   99588      58  497781  7673212  77.05
2000-2004     10-14     0.00010  0.00052  2.76   99530      52  497533  7175431  72.09
2000-2004     15-19     0.00030  0.00152  2.86   99478     152  497065  6677899  67.13
2000-2004     20-24     0.00045  0.00223  2.56   99326     221  496091  6180834  62.23
2000-2004     25-29     0.00049  0.00246  2.57   99105     243  494934  5684743  57.36
2000-2004     30-34     0.00063  0.00317  2.61   98862     313  493560  5189809  52.50
2000-2004     35-39     0.00088  0.00441  2.65   98548     434  491721  4696249  47.65
2000-2004     40-44     0.00133  0.00663  2.67   98114     650  489054  4204527  42.85
2000-2004     45-49     0.00211  0.01049  2.67   97464    1022  484942  3715473  38.12
2000-2004     50-54     0.00344  0.01706  2.67   96442    1645  478384  3230531  33.50
2000-2004     55-59     0.00510  0.02522  2.64   94797    2391  468334  2752146  29.03
2000-2004     60-64     0.00747  0.03669  2.65   92406    3391  454061  2283812  24.71
2000-2004     65-69     0.01182  0.05750  2.67   89015    5118  433176  1829752  20.56
2000-2004     70-74     0.01918  0.09178  2.65   83897    7700  401401  1396575  16.65
2000-2004     75-79     0.03126  0.14554  2.64   76197   11090  354817   995174  13.06
2000-2004     80-84     0.05386  0.23878  2.63   65107   15546  288622   640357   9.84
2000-2004     85-89     0.09565  0.38688  2.53   49561   19174  200465   351735   7.10
2000-2004     90-94     0.16312  0.57099  2.37   30387   17350  106365   151270   4.98
2000-2004     95-99     0.26438  0.75347  2.15   13036    9822   37152    44905   3.44
2000-2004    100-104    0.40086  0.88524  1.85    3214    2845    7097     7753   2.41
2000-2004    105-109    0.55740  0.95256  1.55     369     351     630      656   1.78
2000-2004    110+       0.68552  1.00000  1.46      17      17      26       26   1.46
2005-2009        0      0.00260  0.00259  0.06  100000     259   99755  8256394  82.56
2005-2009      1-4      0.00023  0.00093  1.56   99741      93  398737  8156639  81.78
2005-2009      5-9      0.00010  0.00050  2.30   99648      50  498105  7757902  77.85
2005-2009     10-14     0.00009  0.00045  2.74   99598      45  497888  7259796  72.89
2005-2009     15-19     0.00026  0.00132  2.92   99553     131  497492  6761908  67.92
2005-2009     20-24     0.00044  0.00222  2.57   99422     220  496574  6264416  63.01
2005-2009     25-29     0.00048  0.00242  2.57   99202     240  495425  5767843  58.14
2005-2009     30-34     0.00059  0.00294  2.60   98961     291  494109  5272418  53.28
2005-2009     35-39     0.00083  0.00415  2.66   98670     409  492392  4778309  48.43
2005-2009     40-44     0.00126  0.00626  2.67   98261     615  489871  4285917  43.62
2005-2009     45-49     0.00196  0.00976  2.68   97645     953  486013  3796046  38.88
2005-2009     50-54     0.00305  0.01516  2.67   96692    1466  480039  3310032  34.23
2005-2009     55-59     0.00473  0.02337  2.66   95226    2226  470914  2829993  29.72
2005-2009     60-64     0.00700  0.03441  2.64   93000    3200  457457  2359079  25.37
2005-2009     65-69     0.01042  0.05087  2.65   89800    4568  438283  1901622  21.18
2005-2009     70-74     0.01712  0.08235  2.68   85232    7019  409851  1463339  17.17
2005-2009     75-79     0.02934  0.13725  2.66   78213   10735  365928  1053488  13.47
2005-2009     80-84     0.05048  0.22528  2.61   67478   15202  301121   687560  10.19
2005-2009     85-89     0.08835  0.36335  2.56   52276   18995  215003   386439   7.39
2005-2009     90-94     0.15483  0.55220  2.40   33282   18378  118695   171436   5.15
2005-2009     95-99     0.25504  0.74109  2.17   14904   11045   43306    52741   3.54
2005-2009    100-104    0.39459  0.88177  1.86    3859    3402    8623     9435   2.45
2005-2009    105-109    0.55682  0.95277  1.55     456     435     781      812   1.78
2005-2009    110+       0.68990  1.00000  1.45      22      22      31       31   1.45
2010-2014        0      0.00221  0.00221  0.05  100000     221   99791  8324910  83.25
2010-2014      1-4      0.00022  0.00087  1.58   99779      87  398906  8225119  82.43
2010-2014      5-9      0.00010  0.00049  2.30   99692      49  498330  7826213  78.50
2010-2014     10-14     0.00009  0.00047  2.77   99643      47  498112  7327883  73.54
2010-2014     15-19     0.00023  0.00117  2.89   99596     116  497735  6829771  68.57
2010-2014     20-24     0.00042  0.00210  2.61   99480     209  496899  6332036  63.65
2010-2014     25-29     0.00047  0.00234  2.54   99271     232  495783  5835137  58.78
2010-2014     30-34     0.00056  0.00278  2.58   99039     275  494526  5339354  53.91
2010-2014     35-39     0.00075  0.00373  2.65   98764     369  492951  4844828  49.05
2010-2014     40-44     0.00113  0.00566  2.67   98395     556  490678  4351876  44.23
2010-2014     45-49     0.00177  0.00879  2.68   97839     860  487200  3861198  39.46
2010-2014     50-54     0.00277  0.01379  2.67   96979    1337  481772  3373998  34.79
2010-2014     55-59     0.00422  0.02089  2.66   95642    1997  473542  2892227  30.24
2010-2014     60-64     0.00659  0.03243  2.66   93644    3037  461105  2418685  25.83
2010-2014     65-69     0.00991  0.04840  2.64   90607    4385  442707  1957579  21.61
2010-2014     70-74     0.01538  0.07425  2.66   86222    6402  416130  1514873  17.57
2010-2014     75-79     0.02657  0.12513  2.68   79820    9988  375964  1098743  13.77
2010-2014     80-84     0.04826  0.21663  2.64   69832   15128  313455   722779  10.35
2010-2014     85-89     0.08616  0.35585  2.56   54705   19467  225937   409324   7.48
2010-2014     90-94     0.15157  0.54433  2.41   35238   19181  126552   183388   5.20
2010-2014     95-99     0.25439  0.74080  2.18   16057   11895   46759    56835   3.54
2010-2014    100-104    0.39870  0.88505  1.86    4162    3683    9239    10076   2.42
2010-2014    105-109    0.56629  0.95552  1.53     478     457     807      838   1.75
2010-2014    110+       0.70267  1.00000  1.42      21      21      30       30   1.42
