Luxembourg, Life tables (period 5x5), Total     Last modified: 19-Oct-2015, MPv5 (May07)

  Year          Age         mx       qx    ax      lx      dx      Lx       Tx     ex
1960-1964        0      0.02995  0.02920  0.13  100000    2920   97468  6899951  69.00
1960-1964      1-4      0.00152  0.00606  1.56   97080     588  386884  6802483  70.07
1960-1964      5-9      0.00061  0.00304  1.97   96492     293  481574  6415598  66.49
1960-1964     10-14     0.00036  0.00181  2.71   96199     174  480597  5934025  61.68
1960-1964     15-19     0.00084  0.00420  2.90   96025     403  479278  5453428  56.79
1960-1964     20-24     0.00141  0.00703  2.47   95622     672  476411  4974150  52.02
1960-1964     25-29     0.00131  0.00653  2.58   94950     620  473248  4497739  47.37
1960-1964     30-34     0.00145  0.00721  2.69   94330     680  470081  4024490  42.66
1960-1964     35-39     0.00194  0.00964  2.72   93650     903  466188  3554409  37.95
1960-1964     40-44     0.00313  0.01555  2.74   92747    1442  460471  3088222  33.30
1960-1964     45-49     0.00541  0.02674  2.69   91305    2442  450880  2627751  28.78
1960-1964     50-54     0.00866  0.04242  2.59   88863    3770  435248  2176870  24.50
1960-1964     55-59     0.01315  0.06377  2.64   85093    5426  412674  1741623  20.47
1960-1964     60-64     0.02162  0.10275  2.59   79667    8186  378612  1328948  16.68
1960-1964     65-69     0.03310  0.15339  2.61   71482   10965  331218   950336  13.29
1960-1964     70-74     0.05440  0.24071  2.61   60517   14567  267787   619117  10.23
1960-1964     75-79     0.08654  0.35565  2.50   45950   16342  188842   351331   7.65
1960-1964     80-84     0.14696  0.52918  2.36   29608   15668  106610   162489   5.49
1960-1964     85-89     0.22255  0.68513  2.20   13940    9551   42916    55879   4.01
1960-1964     90-94     0.32081  0.81639  1.99    4389    3583   11170    12963   2.95
1960-1964     95-99     0.43954  0.90484  1.75     806     729    1659     1793   2.23
1960-1964    100-104    0.56670  0.95318  1.52      77      73     129      134   1.75
1960-1964    105-109    0.68722  0.97612  1.33       4       4       5        5   1.45
1960-1964    110+       0.77613  1.00000  1.29       0       0       0        0   1.29
1965-1969        0      0.02132  0.02092  0.11  100000    2092   98133  6967662  69.68
1965-1969      1-4      0.00098  0.00389  1.50   97908     381  390677  6869529  70.16
1965-1969      5-9      0.00053  0.00266  2.27   97527     260  486926  6478852  66.43
1965-1969     10-14     0.00038  0.00191  2.45   97267     185  485862  5991926  61.60
1965-1969     15-19     0.00080  0.00401  2.92   97082     389  484600  5506064  56.72
1965-1969     20-24     0.00129  0.00642  2.37   96693     621  481828  5021465  51.93
1965-1969     25-29     0.00115  0.00575  2.69   96072     552  479084  4539637  47.25
1965-1969     30-34     0.00157  0.00784  2.62   95519     749  475810  4060553  42.51
1965-1969     35-39     0.00197  0.00979  2.79   94770     928  471802  3584742  37.83
1965-1969     40-44     0.00334  0.01655  2.59   93843    1553  465467  3112941  33.17
1965-1969     45-49     0.00546  0.02695  2.65   92289    2487  455601  2647473  28.69
1965-1969     50-54     0.00861  0.04219  2.68   89802    3788  440205  2191872  24.41
1965-1969     55-59     0.01327  0.06432  2.60   86013    5532  416776  1751667  20.37
1965-1969     60-64     0.02245  0.10641  2.56   80481    8564  381529  1334892  16.59
1965-1969     65-69     0.03426  0.15829  2.60   71918   11384  332305   953362  13.26
1965-1969     70-74     0.05433  0.24023  2.59   60534   14542  267636   621057  10.26
1965-1969     75-79     0.08801  0.36094  2.51   45992   16600  188625   353421   7.68
1965-1969     80-84     0.14296  0.52139  2.41   29391   15324  107191   164796   5.61
1965-1969     85-89     0.21713  0.67401  2.19   14067    9481   43667    57605   4.10
1965-1969     90-94     0.31047  0.80547  2.01    4586    3694   11897    13938   3.04
1965-1969     95-99     0.42652  0.89760  1.77     892     801    1877     2041   2.29
1965-1969    100-104    0.55266  0.94932  1.54      91      87     157      164   1.79
1965-1969    105-109    0.67397  0.97427  1.35       5       5       7        7   1.48
1965-1969    110+       0.76444  1.00000  1.31       0       0       0        0   1.31
1970-1974        0      0.01819  0.01789  0.10  100000    1789   98388  7013693  70.14
1970-1974      1-4      0.00100  0.00399  1.58   98211     391  391894  6915304  70.41
1970-1974      5-9      0.00052  0.00257  2.29   97819     252  488413  6523411  66.69
1970-1974     10-14     0.00039  0.00197  3.00   97567     192  487451  6034997  61.85
1970-1974     15-19     0.00095  0.00472  2.97   97375     460  485941  5547546  56.97
1970-1974     20-24     0.00112  0.00559  2.44   96915     541  483189  5061605  52.23
1970-1974     25-29     0.00129  0.00641  2.52   96374     618  480337  4578415  47.51
1970-1974     30-34     0.00158  0.00785  2.45   95756     752  476867  4098078  42.80
1970-1974     35-39     0.00208  0.01034  2.65   95004     982  472716  3621211  38.12
1970-1974     40-44     0.00340  0.01685  2.66   94022    1584  466409  3148495  33.49
1970-1974     45-49     0.00490  0.02424  2.63   92438    2241  456884  2682085  29.01
1970-1974     50-54     0.00838  0.04110  2.69   90197    3707  442439  2225201  24.67
1970-1974     55-59     0.01391  0.06732  2.61   86490    5823  418537  1782762  20.61
1970-1974     60-64     0.02076  0.09908  2.70   80667    7992  384955  1364225  16.91
1970-1974     65-69     0.03408  0.15753  2.61   72675   11449  335978   979270  13.47
1970-1974     70-74     0.05359  0.23706  2.57   61226   14514  270836   643293  10.51
1970-1974     75-79     0.08253  0.34374  2.57   46712   16057  194565   372457   7.97
1970-1974     80-84     0.13389  0.49733  2.42   30655   15246  113873   177892   5.80
1970-1974     85-89     0.21237  0.67244  2.27   15409   10362   48791    64019   4.15
1970-1974     90-94     0.31231  0.80848  2.02    5048    4081   13067    15228   3.02
1970-1974     95-99     0.43699  0.90421  1.76     967     874    2000     2161   2.24
1970-1974    100-104    0.57172  0.95491  1.51      93      88     155      161   1.73
1970-1974    105-109    0.69845  0.97779  1.32       4       4       6        6   1.43
1970-1974    110+       0.79032  1.00000  1.27       0       0       0        0   1.27
1975-1979        0      0.01330  0.01314  0.09  100000    1314   98798  7135063  71.35
1975-1979      1-4      0.00078  0.00311  1.82   98686     307  394074  7036265  71.30
1975-1979      5-9      0.00034  0.00171  2.10   98379     168  491407  6642191  67.52
1975-1979     10-14     0.00026  0.00131  2.62   98211     129  490748  6150784  62.63
1975-1979     15-19     0.00117  0.00584  2.99   98082     573  489258  5660036  57.71
1975-1979     20-24     0.00116  0.00578  2.48   97509     563  486129  5170778  53.03
1975-1979     25-29     0.00116  0.00580  2.47   96946     562  483305  4684648  48.32
1975-1979     30-34     0.00149  0.00743  2.71   96384     716  480281  4201343  43.59
1975-1979     35-39     0.00196  0.00975  2.68   95668     933  476173  3721062  38.90
1975-1979     40-44     0.00324  0.01609  2.67   94735    1524  470125  3244889  34.25
1975-1979     45-49     0.00482  0.02385  2.74   93211    2223  461022  2774765  29.77
1975-1979     50-54     0.00739  0.03632  2.61   90988    3305  447054  2313743  25.43
1975-1979     55-59     0.01180  0.05740  2.63   87683    5033  426470  1866689  21.29
1975-1979     60-64     0.01936  0.09261  2.66   82650    7655  395330  1440219  17.43
1975-1979     65-69     0.03001  0.14000  2.60   74995   10499  349817  1044888  13.93
1975-1979     70-74     0.04965  0.22225  2.64   64496   14334  288688   695072  10.78
1975-1979     75-79     0.08158  0.33917  2.52   50162   17014  208541   406384   8.10
1975-1979     80-84     0.12846  0.48422  2.46   33148   16051  124955   197843   5.97
1975-1979     85-89     0.20456  0.65425  2.25   17097   11186   54683    72888   4.26
1975-1979     90-94     0.30459  0.80049  2.04    5911    4732   15535    18205   3.08
1975-1979     95-99     0.43086  0.90119  1.77    1179    1063    2467     2670   2.26
1975-1979    100-104    0.56880  0.95437  1.52     117     111     196      203   1.74
1975-1979    105-109    0.69912  0.97797  1.32       5       5       7        8   1.43
1975-1979    110+       0.79339  1.00000  1.26       0       0       0        0   1.26
1980-1984        0      0.01212  0.01199  0.08  100000    1199   98899  7276314  72.76
1980-1984      1-4      0.00060  0.00238  1.67   98801     235  394657  7177414  72.65
1980-1984      5-9      0.00034  0.00169  1.99   98566     167  492330  6782758  68.81
1980-1984     10-14     0.00028  0.00142  3.08   98400     140  491730  6290428  63.93
1980-1984     15-19     0.00088  0.00438  3.12   98260     430  490491  5798698  59.01
1980-1984     20-24     0.00101  0.00502  2.33   97829     491  487836  5308208  54.26
1980-1984     25-29     0.00124  0.00617  2.29   97339     601  485065  4820372  49.52
1980-1984     30-34     0.00104  0.00519  2.58   96738     502  482477  4335306  44.81
1980-1984     35-39     0.00186  0.00926  2.84   96236     891  479256  3852829  40.04
1980-1984     40-44     0.00275  0.01367  2.58   95345    1304  473572  3373574  35.38
1980-1984     45-49     0.00445  0.02203  2.71   94041    2071  465454  2900002  30.84
1980-1984     50-54     0.00692  0.03405  2.72   91969    3132  452692  2434548  26.47
1980-1984     55-59     0.01055  0.05147  2.61   88838    4572  433274  1981856  22.31
1980-1984     60-64     0.01736  0.08343  2.68   84265    7030  405036  1548582  18.38
1980-1984     65-69     0.02612  0.12311  2.67   77235    9508  364012  1143547  14.81
1980-1984     70-74     0.04198  0.19081  2.62   67727   12923  307818   779535  11.51
1980-1984     75-79     0.07162  0.30483  2.56   54804   16706  233269   471717   8.61
1980-1984     80-84     0.12108  0.46216  2.44   38098   17607  145421   238448   6.26
1980-1984     85-89     0.18744  0.62531  2.34   20491   12813   68359    93027   4.54
1980-1984     90-94     0.28961  0.78351  2.07    7678    6016   20771    24668   3.21
1980-1984     95-99     0.41465  0.89198  1.81    1662    1483    3576     3897   2.34
1980-1984    100-104    0.55372  0.95045  1.55     180     171     308      321   1.79
1980-1984    105-109    0.68732  0.97653  1.33       9       9      13       13   1.45
1980-1984    110+       0.78495  1.00000  1.27       0       0       0        0   1.27
1985-1989        0      0.00906  0.00899  0.07  100000     899   99167  7432928  74.33
1985-1989      1-4      0.00040  0.00158  1.59   99101     157  396027  7333761  74.00
1985-1989      5-9      0.00022  0.00108  1.95   98944     107  494395  6937734  70.12
1985-1989     10-14     0.00027  0.00134  2.71   98837     132  493884  6443339  65.19
1985-1989     15-19     0.00071  0.00357  3.19   98705     352  492886  5949455  60.28
1985-1989     20-24     0.00104  0.00517  2.39   98353     508  490439  5456569  55.48
1985-1989     25-29     0.00112  0.00558  2.65   97844     546  487939  4966130  50.76
1985-1989     30-34     0.00101  0.00504  2.71   97299     490  485373  4478191  46.03
1985-1989     35-39     0.00148  0.00736  2.59   96808     712  482324  3992818  41.24
1985-1989     40-44     0.00245  0.01219  2.64   96096    1171  477717  3510494  36.53
1985-1989     45-49     0.00380  0.01884  2.76   94925    1788  470627  3032777  31.95
1985-1989     50-54     0.00609  0.03000  2.66   93137    2794  459134  2562150  27.51
1985-1989     55-59     0.00988  0.04831  2.66   90342    4364  441502  2103016  23.28
1985-1989     60-64     0.01441  0.06965  2.61   85978    5988  415579  1661514  19.32
1985-1989     65-69     0.02361  0.11168  2.58   79990    8934  378324  1245935  15.58
1985-1989     70-74     0.03764  0.17282  2.64   71057   12280  326290   867611  12.21
1985-1989     75-79     0.06270  0.27200  2.57   58776   15987  255003   541321   9.21
1985-1989     80-84     0.10773  0.42286  2.46   42789   18094  167952   286318   6.69
1985-1989     85-89     0.17341  0.59191  2.32   24695   14617   84295   118365   4.79
1985-1989     90-94     0.27184  0.76198  2.12   10078    7679   28249    34070   3.38
1985-1989     95-99     0.39884  0.88265  1.84    2399    2117    5309     5821   2.43
1985-1989    100-104    0.54341  0.94791  1.57     282     267     491      512   1.82
1985-1989    105-109    0.68392  0.97627  1.34      15      14      21       21   1.46
1985-1989    110+       0.78642  1.00000  1.27       0       0       0        0   1.27
1990-1994        0      0.00730  0.00725  0.07  100000     725   99324  7561791  75.62
1990-1994      1-4      0.00039  0.00155  1.60   99275     154  396730  7462467  75.17
1990-1994      5-9      0.00029  0.00144  2.10   99121     143  495191  7065736  71.28
1990-1994     10-14     0.00017  0.00086  2.20   98978      85  494653  6570545  66.38
1990-1994     15-19     0.00073  0.00367  3.08   98893     363  493770  6075892  61.44
1990-1994     20-24     0.00097  0.00484  2.31   98530     477  491369  5582122  56.65
1990-1994     25-29     0.00082  0.00410  2.68   98053     402  489335  5090752  51.92
1990-1994     30-34     0.00117  0.00586  2.59   97651     572  486875  4601417  47.12
1990-1994     35-39     0.00177  0.00880  2.62   97079     854  483360  4114542  42.38
1990-1994     40-44     0.00231  0.01148  2.73   96225    1105  478613  3631182  37.74
1990-1994     45-49     0.00346  0.01715  2.71   95120    1631  471858  3152569  33.14
1990-1994     50-54     0.00563  0.02779  2.71   93489    2598  461508  2680711  28.67
1990-1994     55-59     0.00830  0.04069  2.63   90892    3698  445680  2219203  24.42
1990-1994     60-64     0.01273  0.06179  2.67   87193    5388  423402  1773523  20.34
1990-1994     65-69     0.02011  0.09607  2.68   81806    7859  390796  1350121  16.50
1990-1994     70-74     0.03344  0.15512  2.67   73946   11471  342984   959325  12.97
1990-1994     75-79     0.05370  0.23790  2.61   62476   14863  276789   616341   9.87
1990-1994     80-84     0.09566  0.38635  2.51   47613   18395  192289   339552   7.13
1990-1994     85-89     0.16143  0.56694  2.38   29218   16565  102613   147263   5.04
1990-1994     90-94     0.25712  0.74279  2.16   12653    9399   36554    44651   3.53
1990-1994     95-99     0.38749  0.87575  1.87    3254    2850    7355     8097   2.49
1990-1994    100-104    0.53863  0.94697  1.58     404     383     711      742   1.84
1990-1994    105-109    0.68613  0.97677  1.34      21      21      31       31   1.45
1990-1994    110+       0.79279  1.00000  1.26       0       0       1        1   1.26
1995-1999        0      0.00488  0.00486  0.06  100000     486   99544  7682537  76.83
1995-1999      1-4      0.00034  0.00134  1.87   99514     134  397770  7582993  76.20
1995-1999      5-9      0.00013  0.00063  1.71   99380      63  496695  7185223  72.30
1995-1999     10-14     0.00017  0.00084  2.67   99317      84  496392  6688528  67.34
1995-1999     15-19     0.00050  0.00252  2.99   99233     250  495664  6192136  62.40
1995-1999     20-24     0.00077  0.00387  2.67   98984     383  494027  5696472  57.55
1995-1999     25-29     0.00087  0.00435  2.66   98601     429  492002  5202445  52.76
1995-1999     30-34     0.00102  0.00507  2.68   98172     498  489702  4710442  47.98
1995-1999     35-39     0.00135  0.00673  2.59   97674     657  486787  4220740  43.21
1995-1999     40-44     0.00201  0.00999  2.59   97017     969  482749  3733953  38.49
1995-1999     45-49     0.00324  0.01606  2.64   96048    1543  476600  3251204  33.85
1995-1999     50-54     0.00504  0.02491  2.63   94505    2354  466952  2774605  29.36
1995-1999     55-59     0.00747  0.03671  2.61   92151    3383  452662  2307653  25.04
1995-1999     60-64     0.01249  0.06067  2.63   88768    5386  431054  1854991  20.90
1995-1999     65-69     0.01911  0.09146  2.66   83382    7626  399045  1423937  17.08
1995-1999     70-74     0.02951  0.13789  2.62   75756   10446  353954  1024893  13.53
1995-1999     75-79     0.04983  0.22262  2.61   65310   14539  291804   670938  10.27
1995-1999     80-84     0.08810  0.36239  2.55   50771   18399  208836   379135   7.47
1995-1999     85-89     0.15072  0.54129  2.40   32372   17523  116258   170299   5.26
1995-1999     90-94     0.24748  0.72779  2.17   14849   10807   43669    54041   3.64
1995-1999     95-99     0.37413  0.86643  1.90    4042    3502    9361    10372   2.57
1995-1999    100-104    0.52750  0.94377  1.60     540     510     966     1011   1.87
1995-1999    105-109    0.67922  0.97596  1.35      30      30      44       45   1.47
1995-1999    110+       0.78946  1.00000  1.27       1       1       1        1   1.27
2000-2004        0      0.00497  0.00494  0.06  100000     494   99536  7809979  78.10
2000-2004      1-4      0.00028  0.00113  1.88   99506     112  397784  7710443  77.49
2000-2004      5-9      0.00010  0.00052  2.91   99393      52  496857  7312659  73.57
2000-2004     10-14     0.00019  0.00093  3.05   99341      92  496527  6815802  68.61
2000-2004     15-19     0.00042  0.00211  3.39   99249     209  495908  6319274  63.67
2000-2004     20-24     0.00070  0.00348  2.31   99040     345  494274  5823366  58.80
2000-2004     25-29     0.00080  0.00398  2.59   98695     393  492528  5329093  54.00
2000-2004     30-34     0.00090  0.00449  2.66   98302     441  490477  4836565  49.20
2000-2004     35-39     0.00103  0.00514  2.71   97861     503  488154  4346088  44.41
2000-2004     40-44     0.00176  0.00878  2.76   97358     855  484870  3857934  39.63
2000-2004     45-49     0.00288  0.01431  2.75   96503    1381  479404  3373064  34.95
2000-2004     50-54     0.00423  0.02094  2.63   95122    1992  470888  2893660  30.42
2000-2004     55-59     0.00706  0.03473  2.70   93131    3235  458204  2422772  26.01
2000-2004     60-64     0.01058  0.05161  2.66   89896    4639  438620  1964568  21.85
2000-2004     65-69     0.01644  0.07923  2.72   85257    6755  410905  1525948  17.90
2000-2004     70-74     0.02697  0.12693  2.69   78502    9964  369486  1115043  14.20
2000-2004     75-79     0.04375  0.19814  2.62   68538   13580  310430   745558  10.88
2000-2004     80-84     0.07777  0.32689  2.56   54958   17965  231017   435127   7.92
2000-2004     85-89     0.14295  0.52325  2.44   36993   19356  135403   204111   5.52
2000-2004     90-94     0.22557  0.69438  2.23   17636   12246   54290    68708   3.90
2000-2004     95-99     0.35673  0.85295  1.94    5390    4597   12887    14418   2.67
2000-2004    100-104    0.51040  0.93822  1.63     793     744    1457     1530   1.93
2000-2004    105-109    0.66540  0.97409  1.37      49      48      72       73   1.50
2000-2004    110+       0.77953  1.00000  1.28       1       1       2        2   1.28
2005-2009        0      0.00226  0.00225  0.06  100000     225   99787  7985667  79.86
2005-2009      1-4      0.00026  0.00106  2.25   99775     106  398915  7885880  79.04
2005-2009      5-9      0.00010  0.00051  2.88   99669      50  498239  7486965  75.12
2005-2009     10-14     0.00012  0.00060  2.84   99619      60  497965  6988725  70.15
2005-2009     15-19     0.00027  0.00136  3.05   99559     135  497530  6490761  65.20
2005-2009     20-24     0.00053  0.00266  2.49   99424     265  496456  5993230  60.28
2005-2009     25-29     0.00053  0.00267  2.61   99159     264  495166  5496774  55.43
2005-2009     30-34     0.00060  0.00298  2.46   98895     295  493727  5001608  50.57
2005-2009     35-39     0.00096  0.00480  2.71   98600     473  491919  4507881  45.72
2005-2009     40-44     0.00121  0.00603  2.94   98127     592  489419  4015962  40.93
2005-2009     45-49     0.00215  0.01070  2.69   97535    1044  485261  3526543  36.16
2005-2009     50-54     0.00413  0.02043  2.62   96492    1972  477760  3041282  31.52
2005-2009     55-59     0.00599  0.02953  2.63   94520    2791  465971  2563522  27.12
2005-2009     60-64     0.00964  0.04714  2.71   91729    4324  448734  2097551  22.87
2005-2009     65-69     0.01410  0.06818  2.60   87405    5959  422699  1648816  18.86
2005-2009     70-74     0.02249  0.10684  2.66   81445    8701  386850  1226118  15.05
2005-2009     75-79     0.03896  0.17855  2.66   72744   12989  333368   839268  11.54
2005-2009     80-84     0.06786  0.29245  2.64   59755   17475  257525   505899   8.47
2005-2009     85-89     0.12327  0.47202  2.52   42280   19957  161889   248374   5.87
2005-2009     90-94     0.22739  0.69493  2.20   22323   15513   68221    86485   3.87
2005-2009     95-99     0.35510  0.85272  1.95    6810    5807   16353    18264   2.68
2005-2009    100-104    0.51753  0.94124  1.62    1003     944    1824     1911   1.90
2005-2009    105-109    0.67913  0.97622  1.35      59      58      85       86   1.47
2005-2009    110+       0.79532  1.00000  1.26       1       1       2        2   1.26
2010-2014        0      0.00337  0.00336  0.06  100000     336   99684  8116354  81.16
2010-2014      1-4      0.00014  0.00056  1.91   99664      56  398539  8016671  80.44
2010-2014      5-9      0.00005  0.00027  2.12   99608      27  497963  7618131  76.48
2010-2014     10-14     0.00008  0.00038  3.06   99581      38  497833  7120168  71.50
2010-2014     15-19     0.00029  0.00143  2.64   99543     142  497380  6622335  66.53
2010-2014     20-24     0.00038  0.00188  2.60   99401     187  496557  6124955  61.62
2010-2014     25-29     0.00041  0.00205  2.88   99214     203  495641  5628398  56.73
2010-2014     30-34     0.00054  0.00271  2.56   99011     268  494401  5132757  51.84
2010-2014     35-39     0.00070  0.00348  2.69   98743     343  492923  4638356  46.97
2010-2014     40-44     0.00097  0.00486  2.59   98400     478  490846  4145433  42.13
2010-2014     45-49     0.00200  0.00995  2.71   97921     974  487372  3654587  37.32
2010-2014     50-54     0.00338  0.01677  2.75   96947    1625  481079  3167215  32.67
2010-2014     55-59     0.00524  0.02589  2.65   95322    2468  470814  2686136  28.18
2010-2014     60-64     0.00832  0.04077  2.60   92853    3785  455167  2215322  23.86
2010-2014     65-69     0.01271  0.06172  2.70   89068    5497  432670  1760156  19.76
2010-2014     70-74     0.01964  0.09385  2.65   83571    7843  399410  1327485  15.88
2010-2014     75-79     0.03240  0.15040  2.62   75727   11389  351517   928075  12.26
2010-2014     80-84     0.06096  0.26659  2.65   64338   17152  281371   576558   8.96
2010-2014     85-89     0.11298  0.44302  2.57   47186   20905  185033   295186   6.26
2010-2014     90-94     0.20343  0.65690  2.30   26282   17264   84869   110153   4.19
2010-2014     95-99     0.33676  0.83752  2.00    9017    7552   22426    25284   2.80
2010-2014    100-104    0.50434  0.93730  1.65    1465    1373    2723     2859   1.95
2010-2014    105-109    0.67475  0.97590  1.36      92      90     133      136   1.48
2010-2014    110+       0.79743  1.00000  1.25       2       2       3        3   1.25
