Netherlands, Life tables (period 5x5), Total	Last modified: 13 Jan 2017, MPv5 (May07)

  Year          Age         mx       qx    ax      lx      dx      Lx       Tx     ex
1850-1854        0      0.22861  0.19860  0.34  100000   19860   86873  3911031  39.11
1850-1854      1-4      0.03493  0.12785  1.34   80140   10246  293339  3824158  47.72
1850-1854      5-9      0.00842  0.04109  2.16   69894    2872  341312  3530819  50.52
1850-1854     10-14     0.00483  0.02384  2.42   67022    1598  330983  3189507  47.59
1850-1854     15-19     0.00589  0.02909  2.74   65424    1903  322818  2858524  43.69
1850-1854     20-24     0.00856  0.04188  2.49   63521    2660  310923  2535706  39.92
1850-1854     25-29     0.00947  0.04626  2.49   60861    2815  297252  2224783  36.56
1850-1854     30-34     0.01086  0.05291  2.61   58046    3071  282884  1927531  33.21
1850-1854     35-39     0.01241  0.06026  2.60   54975    3313  266914  1644647  29.92
1850-1854     40-44     0.01362  0.06585  2.50   51662    3402  249793  1377734  26.67
1850-1854     45-49     0.01529  0.07362  2.49   48260    3553  232386  1127941  23.37
1850-1854     50-54     0.01933  0.09233  2.57   44707    4128  213516   895555  20.03
1850-1854     55-59     0.02536  0.11942  2.57   40579    4846  191112   682038  16.81
1850-1854     60-64     0.03550  0.16346  2.58   35733    5841  164515   490927  13.74
1850-1854     65-69     0.05317  0.23504  2.53   29892    7026  132143   326412  10.92
1850-1854     70-74     0.08013  0.33485  2.55   22867    7657   95551   194269   8.50
1850-1854     75-79     0.11912  0.45452  2.39   15210    6913   58037    98718   6.49
1850-1854     80-84     0.17344  0.59172  2.32    8296    4909   28305    40681   4.90
1850-1854     85-89     0.25405  0.73063  2.09    3387    2475    9742    12376   3.65
1850-1854     90-94     0.32961  0.82694  1.99     912     755    2289     2635   2.89
1850-1854     95-99     0.44824  0.90791  1.72     158     143     320      346   2.19
1850-1854    100-104    0.55997  0.95043  1.53      15      14      25       26   1.77
1850-1854    105-109    0.66650  0.97263  1.36       1       1       1        1   1.50
1850-1854    110+       0.74699  1.00000  1.34       0       0       0        0   1.34
1855-1859        0      0.25818  0.22054  0.34  100000   22054   85423  3464064  34.64
1855-1859      1-4      0.04401  0.15780  1.38   77946   12300  279512  3378642  43.35
1855-1859      5-9      0.01152  0.05575  2.15   65646    3660  317788  3099130  47.21
1855-1859     10-14     0.00577  0.02843  2.37   61986    1762  305299  2781342  44.87
1855-1859     15-19     0.00680  0.03347  2.71   60224    2016  296512  2476042  41.11
1855-1859     20-24     0.00981  0.04788  2.52   58209    2787  284141  2179530  37.44
1855-1859     25-29     0.01077  0.05245  2.49   55422    2907  269803  1895389  34.20
1855-1859     30-34     0.01206  0.05856  2.56   52515    3075  255073  1625586  30.95
1855-1859     35-39     0.01462  0.07064  2.62   49439    3493  238881  1370513  27.72
1855-1859     40-44     0.01630  0.07829  2.48   45947    3597  220659  1131631  24.63
1855-1859     45-49     0.01834  0.08773  2.54   42350    3715  202620   910973  21.51
1855-1859     50-54     0.02356  0.11138  2.56   38634    4303  182666   708352  18.33
1855-1859     55-59     0.02918  0.13623  2.56   34331    4677  160259   525686  15.31
1855-1859     60-64     0.04324  0.19572  2.58   29654    5804  134234   365427  12.32
1855-1859     65-69     0.06421  0.27670  2.50   23850    6599  102771   231193   9.69
1855-1859     70-74     0.09679  0.38954  2.50   17251    6720   69430   128422   7.44
1855-1859     75-79     0.14575  0.52693  2.37   10531    5549   38073    58992   5.60
1855-1859     80-84     0.21174  0.66795  2.24    4982    3328   15715    20920   4.20
1855-1859     85-89     0.29951  0.79058  2.01    1654    1308    4366     5204   3.15
1855-1859     90-94     0.40167  0.88090  1.81     346     305     760      838   2.42
1855-1859     95-99     0.52221  0.93925  1.59      41      39      74       78   1.89
1855-1859    100-104    0.63695  0.96796  1.40       3       2       4        4   1.56
1855-1859    105-109    0.73893  0.98189  1.26       0       0       0        0   1.35
1855-1859    110+       0.81193  1.00000  1.23       0       0       0        0   1.23
1860-1864        0      0.23826  0.20584  0.34  100000   20584   86393  3748181  37.48
1860-1864      1-4      0.03975  0.14409  1.40   79416   11443  287917  3661788  46.11
1860-1864      5-9      0.01073  0.05206  2.12   67973    3539  329659  3373872  49.64
1860-1864     10-14     0.00549  0.02706  2.36   64434    1744  317561  3044213  47.25
1860-1864     15-19     0.00640  0.03150  2.64   62691    1975  308791  2726652  43.49
1860-1864     20-24     0.00846  0.04141  2.50   60716    2514  297297  2417861  39.82
1860-1864     25-29     0.00932  0.04553  2.52   58201    2650  284439  2120564  36.43
1860-1864     30-34     0.01031  0.05025  2.54   55552    2792  270880  1836124  33.05
1860-1864     35-39     0.01235  0.05992  2.52   52760    3161  255961  1565244  29.67
1860-1864     40-44     0.01384  0.06687  2.50   49599    3317  239703  1309283  26.40
1860-1864     45-49     0.01558  0.07502  2.53   46282    3472  222851  1069580  23.11
1860-1864     50-54     0.01942  0.09276  2.60   42810    3971  204518   846729  19.78
1860-1864     55-59     0.02568  0.12083  2.57   38839    4693  182774   642211  16.54
1860-1864     60-64     0.03701  0.16995  2.60   34146    5803  156794   459437  13.46
1860-1864     65-69     0.05412  0.23884  2.54   28343    6769  125093   302643  10.68
1860-1864     70-74     0.08358  0.34617  2.52   21574    7468   89355   177550   8.23
1860-1864     75-79     0.12373  0.46701  2.38   14106    6587   53240    88195   6.25
1860-1864     80-84     0.18530  0.61810  2.31    7518    4647   25078    34956   4.65
1860-1864     85-89     0.26984  0.75741  2.10    2871    2175    8059     9878   3.44
1860-1864     90-94     0.36919  0.85729  1.88     697     597    1617     1819   2.61
1860-1864     95-99     0.48687  0.92618  1.66      99      92     189      201   2.02
1860-1864    100-104    0.60464  0.96168  1.45       7       7      12       12   1.64
1860-1864    105-109    0.71218  0.97898  1.30       0       0       0        0   1.40
1860-1864    110+       0.79045  1.00000  1.27       0       0       0        0   1.27
1865-1869        0      0.25237  0.21629  0.34  100000   21629   85703  3737240  37.37
1865-1869      1-4      0.03720  0.13560  1.39   78371   10627  285720  3651537  46.59
1865-1869      5-9      0.01006  0.04889  2.15   67744    3312  329291  3365816  49.68
1865-1869     10-14     0.00559  0.02756  2.38   64432    1775  317513  3036525  47.13
1865-1869     15-19     0.00657  0.03238  2.66   62656    2029  308541  2719012  43.40
1865-1869     20-24     0.00888  0.04341  2.50   60628    2632  296550  2410471  39.76
1865-1869     25-29     0.00938  0.04581  2.52   57996    2657  283382  2113921  36.45
1865-1869     30-34     0.01073  0.05225  2.54   55339    2891  269569  1830539  33.08
1865-1869     35-39     0.01263  0.06125  2.55   52447    3213  254364  1560970  29.76
1865-1869     40-44     0.01390  0.06719  2.51   49235    3308  237928  1306606  26.54
1865-1869     45-49     0.01528  0.07360  2.51   45926    3380  221218  1068678  23.27
1865-1869     50-54     0.01901  0.09082  2.54   42546    3864  203225   847460  19.92
1865-1869     55-59     0.02514  0.11847  2.58   38682    4583  182299   644235  16.65
1865-1869     60-64     0.03613  0.16603  2.56   34099    5662  156697   461937  13.55
1865-1869     65-69     0.05364  0.23711  2.55   28438    6743  125700   305239  10.73
1865-1869     70-74     0.08172  0.33931  2.50   21695    7361   90075   179539   8.28
1865-1869     75-79     0.12491  0.47294  2.43   14334    6779   54269    89464   6.24
1865-1869     80-84     0.18531  0.61599  2.28    7555    4654   25113    35195   4.66
1865-1869     85-89     0.26322  0.74659  2.10    2901    2166    8228    10082   3.48
1865-1869     90-94     0.38516  0.86879  1.84     735     639    1658     1854   2.52
1865-1869     95-99     0.48617  0.92593  1.66      96      89     184      195   2.03
1865-1869    100-104    0.60447  0.96168  1.46       7       7      11       12   1.64
1865-1869    105-109    0.71274  0.97908  1.30       0       0       0        0   1.40
1865-1869    110+       0.79161  1.00000  1.26       0       0       0        0   1.26
1870-1874        0      0.26196  0.22330  0.34  100000   22330   85239  3733158  37.33
1870-1874      1-4      0.03719  0.13554  1.38   77670   10527  283088  3647919  46.97
1870-1874      5-9      0.00971  0.04723  2.09   67143    3171  326500  3364831  50.11
1870-1874     10-14     0.00522  0.02574  2.42   63972    1647  315608  3038331  47.49
1870-1874     15-19     0.00677  0.03333  2.69   62325    2077  306833  2722723  43.69
1870-1874     20-24     0.00921  0.04501  2.49   60248    2712  294435  2415889  40.10
1870-1874     25-29     0.00950  0.04640  2.51   57536    2670  281041  2121454  36.87
1870-1874     30-34     0.01049  0.05113  2.53   54867    2805  267395  1840413  33.54
1870-1874     35-39     0.01179  0.05727  2.51   52061    2981  252869  1573018  30.21
1870-1874     40-44     0.01313  0.06358  2.49   49080    3120  237576  1320149  26.90
1870-1874     45-49     0.01446  0.06981  2.51   45960    3208  221821  1082573  23.55
1870-1874     50-54     0.01812  0.08676  2.56   42751    3709  204717   860752  20.13
1870-1874     55-59     0.02416  0.11419  2.60   39042    4458  184498   656035  16.80
1870-1874     60-64     0.03552  0.16365  2.60   34584    5660  159353   471537  13.63
1870-1874     65-69     0.05191  0.23024  2.55   28925    6659  128296   312184  10.79
1870-1874     70-74     0.08276  0.34329  2.52   22265    7643   92360   183888   8.26
1870-1874     75-79     0.12503  0.47198  2.40   14622    6901   55196    91528   6.26
1870-1874     80-84     0.18180  0.61144  2.32    7721    4721   25966    36332   4.71
1870-1874     85-89     0.26599  0.74995  2.09    3000    2250    8458    10367   3.46
1870-1874     90-94     0.37987  0.86790  1.87     750     651    1714     1909   2.54
1870-1874     95-99     0.50185  0.93261  1.63      99      92     184      195   1.97
1870-1874    100-104    0.62556  0.96619  1.42       7       6      10       11   1.59
1870-1874    105-109    0.73563  0.98171  1.27       0       0       0        0   1.36
1870-1874    110+       0.81356  1.00000  1.23       0       0       0        0   1.23
1875-1879        0      0.24548  0.21120  0.34  100000   21120   86037  4071259  40.71
1875-1879      1-4      0.02986  0.11048  1.29   78880    8714  291869  3985223  50.52
1875-1879      5-9      0.00660  0.03241  2.14   70165    2274  344316  3693354  52.64
1875-1879     10-14     0.00393  0.01944  2.48   67892    1320  336127  3349037  49.33
1875-1879     15-19     0.00569  0.02807  2.71   66572    1869  328582  3012910  45.26
1875-1879     20-24     0.00778  0.03815  2.52   64703    2469  317381  2684328  41.49
1875-1879     25-29     0.00830  0.04064  2.49   62234    2529  304835  2366947  38.03
1875-1879     30-34     0.00935  0.04572  2.54   59705    2730  291811  2062112  34.54
1875-1879     35-39     0.01059  0.05158  2.52   56976    2939  277594  1770301  31.07
1875-1879     40-44     0.01157  0.05624  2.52   54037    3039  262655  1492708  27.62
1875-1879     45-49     0.01292  0.06261  2.54   50998    3193  247139  1230052  24.12
1875-1879     50-54     0.01685  0.08095  2.59   47805    3870  229702   982914  20.56
1875-1879     55-59     0.02241  0.10633  2.60   43935    4672  208449   753212  17.14
1875-1879     60-64     0.03341  0.15464  2.60   39263    6072  181750   544762  13.87
1875-1879     65-69     0.05076  0.22595  2.57   33192    7500  147752   363013  10.94
1875-1879     70-74     0.07949  0.33194  2.52   25692    8528  107285   215260   8.38
1875-1879     75-79     0.12443  0.47123  2.43   17164    8088   65001   107975   6.29
1875-1879     80-84     0.17988  0.60589  2.31    9076    5499   30571    42974   4.74
1875-1879     85-89     0.26617  0.75023  2.09    3577    2683   10082    12404   3.47
1875-1879     90-94     0.36994  0.86082  1.89     893     769    2079     2322   2.60
1875-1879     95-99     0.50450  0.93372  1.63     124     116     230      243   1.96
1875-1879    100-104    0.62967  0.96702  1.42       8       8      13       13   1.58
1875-1879    105-109    0.74042  0.98223  1.26       0       0       0        0   1.35
1875-1879    110+       0.81835  1.00000  1.22       0       0       0        0   1.22
1880-1884        0      0.23483  0.20327  0.34  100000   20327   86561  4207713  42.08
1880-1884      1-4      0.02957  0.10955  1.31   79673    8728  295211  4121152  51.73
1880-1884      5-9      0.00631  0.03100  2.11   70945    2199  348365  3825940  53.93
1880-1884     10-14     0.00358  0.01774  2.47   68746    1219  340649  3477576  50.59
1880-1884     15-19     0.00512  0.02531  2.68   67526    1709  333661  3136927  46.45
1880-1884     20-24     0.00676  0.03326  2.53   65817    2189  323669  2803266  42.59
1880-1884     25-29     0.00755  0.03705  2.53   63628    2358  312324  2479597  38.97
1880-1884     30-34     0.00850  0.04162  2.53   61271    2550  300062  2167272  35.37
1880-1884     35-39     0.00975  0.04763  2.54   58721    2797  286734  1867211  31.80
1880-1884     40-44     0.01105  0.05376  2.50   55924    3006  272113  1580476  28.26
1880-1884     45-49     0.01214  0.05895  2.56   52918    3120  256962  1308363  24.72
1880-1884     50-54     0.01560  0.07519  2.59   49798    3744  239960  1051402  21.11
1880-1884     55-59     0.02170  0.10314  2.60   46054    4750  218888   811442  17.62
1880-1884     60-64     0.03125  0.14542  2.62   41304    6006  192217   592554  14.35
1880-1884     65-69     0.04781  0.21435  2.59   35297    7566  158262   400337  11.34
1880-1884     70-74     0.07499  0.31642  2.53   27731    8775  117010   242076   8.73
1880-1884     75-79     0.11461  0.44204  2.41   18957    8380   73112   125066   6.60
1880-1884     80-84     0.17255  0.58985  2.32   10577    6239   36157    51954   4.91
1880-1884     85-89     0.25209  0.73129  2.13    4338    3172   12584    15797   3.64
1880-1884     90-94     0.34745  0.84359  1.95    1166     983    2830     3212   2.76
1880-1884     95-99     0.46919  0.91868  1.69     182     168     357      382   2.10
1880-1884    100-104    0.58865  0.95816  1.48      15      14      24       25   1.69
1880-1884    105-109    0.69922  0.97743  1.31       1       1       1        1   1.43
1880-1884    110+       0.78033  1.00000  1.28       0       0       0        0   1.28
1885-1889        0      0.21425  0.18767  0.34  100000   18767   87592  4370519  43.71
1885-1889      1-4      0.02793  0.10398  1.33   81233    8447  302376  4282927  52.72
1885-1889      5-9      0.00621  0.03050  2.08   72786    2220  357449  3980550  54.69
1885-1889     10-14     0.00342  0.01697  2.45   70567    1198  349785  3623101  51.34
1885-1889     15-19     0.00476  0.02354  2.69   69369    1633  343076  3273316  47.19
1885-1889     20-24     0.00636  0.03131  2.51   67736    2121  333409  2930240  43.26
1885-1889     25-29     0.00682  0.03355  2.52   65616    2202  322608  2596831  39.58
1885-1889     30-34     0.00780  0.03829  2.56   63414    2428  311155  2274224  35.86
1885-1889     35-39     0.00938  0.04586  2.56   60986    2797  298098  1963069  32.19
1885-1889     40-44     0.01038  0.05058  2.50   58189    2943  283587  1664971  28.61
1885-1889     45-49     0.01187  0.05765  2.54   55246    3185  268409  1381384  25.00
1885-1889     50-54     0.01490  0.07193  2.59   52061    3745  251293  1112975  21.38
1885-1889     55-59     0.02073  0.09877  2.61   48316    4772  230180   861682  17.83
1885-1889     60-64     0.03057  0.14250  2.62   43544    6205  202966   631502  14.50
1885-1889     65-69     0.04705  0.21116  2.58   37339    7884  167587   428536  11.48
1885-1889     70-74     0.07180  0.30518  2.54   29454    8989  125189   260949   8.86
1885-1889     75-79     0.11318  0.43914  2.45   20465    8987   79405   135760   6.63
1885-1889     80-84     0.17243  0.58972  2.32   11478    6769   39256    56355   4.91
1885-1889     85-89     0.25118  0.73114  2.14    4709    3443   13708    17099   3.63
1885-1889     90-94     0.35848  0.84771  1.89    1266    1073    2994     3391   2.68
1885-1889     95-99     0.47820  0.92299  1.67     193     178     372      397   2.06
1885-1889    100-104    0.60151  0.96128  1.46      15      14      24       25   1.65
1885-1889    105-109    0.71437  0.97939  1.29       1       1       1        1   1.40
1885-1889    110+       0.79602  1.00000  1.26       0       0       0        0   1.26
1890-1894        0      0.20277  0.17880  0.34  100000   17880   88178  4501443  45.01
1890-1894      1-4      0.02421  0.09086  1.27   82120    7461  308138  4413265  53.74
1890-1894      5-9      0.00499  0.02460  2.13   74659    1837  368031  4105127  54.99
1890-1894     10-14     0.00322  0.01598  2.52   72822    1164  361221  3737096  51.32
1890-1894     15-19     0.00460  0.02274  2.66   71658    1630  354469  3375876  47.11
1890-1894     20-24     0.00604  0.02977  2.51   70028    2085  344959  3021407  43.15
1890-1894     25-29     0.00652  0.03206  2.50   67944    2179  334270  2676447  39.39
1890-1894     30-34     0.00750  0.03681  2.56   65765    2421  322917  2342177  35.61
1890-1894     35-39     0.00898  0.04391  2.55   63344    2782  309915  2019260  31.88
1890-1894     40-44     0.01027  0.05007  2.52   60562    3032  295297  1709345  28.22
1890-1894     45-49     0.01183  0.05751  2.58   57530    3308  279645  1414048  24.58
1890-1894     50-54     0.01562  0.07527  2.58   54222    4081  261221  1134403  20.92
1890-1894     55-59     0.02118  0.10081  2.61   50140    5055  238609   873182  17.41
1890-1894     60-64     0.03216  0.14930  2.61   45086    6731  209334   634573  14.07
1890-1894     65-69     0.04912  0.21929  2.56   38354    8411  171238   425239  11.09
1890-1894     70-74     0.07747  0.32488  2.52   29944    9728  125569   254001   8.48
1890-1894     75-79     0.12008  0.45895  2.43   20216    9278   77266   128432   6.35
1890-1894     80-84     0.18283  0.61142  2.29   10938    6688   36578    51166   4.68
1890-1894     85-89     0.26820  0.75782  2.13    4250    3221   12009    14589   3.43
1890-1894     90-94     0.38680  0.87619  1.88    1029     902    2332     2580   2.51
1890-1894     95-99     0.50711  0.93465  1.62     127     119     235      248   1.95
1890-1894    100-104    0.63181  0.96741  1.41       8       8      13       13   1.58
1890-1894    105-109    0.74206  0.98239  1.26       0       0       0        0   1.35
1890-1894    110+       0.81962  1.00000  1.22       0       0       0        0   1.22
1895-1899        0      0.18648  0.16601  0.34  100000   16601   89025  4858688  48.59
1895-1899      1-4      0.01863  0.07088  1.24   83399    5912  317261  4769663  57.19
1895-1899      5-9      0.00381  0.01885  2.17   77487    1461  383305  4452402  57.46
1895-1899     10-14     0.00260  0.01291  2.56   76027     982  377735  4069097  53.52
1895-1899     15-19     0.00404  0.02000  2.69   75045    1501  371757  3691363  49.19
1895-1899     20-24     0.00539  0.02660  2.51   73544    1956  362842  3319605  45.14
1895-1899     25-29     0.00565  0.02788  2.52   71588    1996  352989  2956764  41.30
1895-1899     30-34     0.00629  0.03098  2.55   69592    2156  342685  2603774  37.41
1895-1899     35-39     0.00735  0.03608  2.55   67436    2433  331226  2261089  33.53
1895-1899     40-44     0.00852  0.04172  2.54   65003    2712  318350  1929864  29.69
1895-1899     45-49     0.01024  0.04995  2.58   62291    3112  303914  1611513  25.87
1895-1899     50-54     0.01345  0.06513  2.60   59180    3855  286658  1307600  22.10
1895-1899     55-59     0.01875  0.08970  2.61   55325    4963  264747  1020941  18.45
1895-1899     60-64     0.02823  0.13232  2.64   50362    6664  236086   756195  15.02
1895-1899     65-69     0.04352  0.19702  2.60   43698    8609  197826   520108  11.90
1895-1899     70-74     0.06782  0.29063  2.54   35089   10198  150356   322282   9.18
1895-1899     75-79     0.10710  0.42117  2.46   24891   10483   97880   171926   6.91
1895-1899     80-84     0.16156  0.56627  2.36   14408    8159   50500    74045   5.14
1895-1899     85-89     0.24067  0.71297  2.14    6249    4455   18512    23545   3.77
1895-1899     90-94     0.34009  0.83455  1.95    1794    1497    4401     5033   2.81
1895-1899     95-99     0.46152  0.91550  1.71     297     272     589      631   2.13
1895-1899    100-104    0.58518  0.95757  1.49      25      24      41       43   1.70
1895-1899    105-109    0.69997  0.97765  1.31       1       1       1        2   1.43
1895-1899    110+       0.78388  1.00000  1.28       0       0       0        0   1.28
1900-1904        0      0.17138  0.15393  0.34  100000   15393   89823  4999597  50.00
1900-1904      1-4      0.01790  0.06825  1.26   84607    5774  322580  4909774  58.03
1900-1904      5-9      0.00376  0.01860  2.14   78832    1466  389975  4587194  58.19
1900-1904     10-14     0.00249  0.01236  2.54   77366     956  384475  4197219  54.25
1900-1904     15-19     0.00387  0.01916  2.69   76410    1464  378665  3812744  49.90
1900-1904     20-24     0.00490  0.02421  2.54   74946    1815  370260  3434079  45.82
1900-1904     25-29     0.00516  0.02546  2.52   73131    1862  361028  3063818  41.89
1900-1904     30-34     0.00554  0.02734  2.54   71269    1949  351550  2702790  37.92
1900-1904     35-39     0.00653  0.03213  2.57   69320    2227  341195  2351240  33.92
1900-1904     40-44     0.00794  0.03894  2.54   67093    2613  329041  2010045  29.96
1900-1904     45-49     0.00967  0.04722  2.58   64481    3045  315022  1681004  26.07
1900-1904     50-54     0.01293  0.06268  2.59   61436    3851  297895  1365982  22.23
1900-1904     55-59     0.01824  0.08740  2.61   57585    5033  275888  1068087  18.55
1900-1904     60-64     0.02740  0.12859  2.62   52552    6758  246667   792199  15.07
1900-1904     65-69     0.04294  0.19465  2.60   45794    8914  207607   545532  11.91
1900-1904     70-74     0.06817  0.29182  2.54   36880   10762  157878   337925   9.16
1900-1904     75-79     0.10649  0.41860  2.45   26118   10933  102665   180047   6.89
1900-1904     80-84     0.16304  0.56881  2.34   15185    8637   52976    77382   5.10
1900-1904     85-89     0.24339  0.71938  2.16    6548    4710   19352    24406   3.73
1900-1904     90-94     0.34918  0.85442  2.01    1837    1570    4496     5054   2.75
1900-1904     95-99     0.47076  0.91990  1.69     267     246     523      558   2.09
1900-1904    100-104    0.59598  0.96013  1.47      21      21      35       36   1.67
1900-1904    105-109    0.71070  0.97899  1.30       1       1       1        1   1.40
1900-1904    110+       0.79359  1.00000  1.26       0       0       0        0   1.26
1905-1909        0      0.14242  0.13016  0.34  100000   13016   91394  5316798  53.17
1905-1909      1-4      0.01435  0.05520  1.24   86984    4801  334701  5225404  60.07
1905-1909      5-9      0.00305  0.01510  2.15   82182    1241  407367  4890703  59.51
1905-1909     10-14     0.00208  0.01035  2.55   80941     837  402651  4483335  55.39
1905-1909     15-19     0.00333  0.01650  2.69   80103    1322  397465  4080684  50.94
1905-1909     20-24     0.00432  0.02135  2.50   78781    1682  389708  3683219  46.75
1905-1909     25-29     0.00444  0.02194  2.51   77099    1691  381284  3293511  42.72
1905-1909     30-34     0.00488  0.02411  2.56   75408    1818  372594  2912227  38.62
1905-1909     35-39     0.00574  0.02828  2.56   73590    2081  362871  2539633  34.51
1905-1909     40-44     0.00692  0.03404  2.57   71508    2434  351619  2176762  30.44
1905-1909     45-49     0.00872  0.04270  2.58   69074    2949  338245  1825143  26.42
1905-1909     50-54     0.01204  0.05852  2.62   66125    3870  321395  1486898  22.49
1905-1909     55-59     0.01746  0.08383  2.63   62255    5219  298894  1165503  18.72
1905-1909     60-64     0.02692  0.12652  2.63   57036    7216  268090   866609  15.19
1905-1909     65-69     0.04190  0.19030  2.59   49820    9481  226262   598519  12.01
1905-1909     70-74     0.06632  0.28536  2.56   40339   11511  173575   372256   9.23
1905-1909     75-79     0.10568  0.41693  2.47   28828   12019  113735   198681   6.89
1905-1909     80-84     0.16499  0.57217  2.32   16809    9618   58291    84946   5.05
1905-1909     85-89     0.24532  0.72060  2.14    7191    5182   21124    26656   3.71
1905-1909     90-94     0.34854  0.84494  1.95    2009    1698    4871     5532   2.75
1905-1909     95-99     0.46276  0.91590  1.70     312     285     617      661   2.12
1905-1909    100-104    0.58432  0.95725  1.49      26      25      43       45   1.70
1905-1909    105-109    0.69726  0.97724  1.32       1       1       2        2   1.43
1905-1909    110+       0.78010  1.00000  1.28       0       0       0        0   1.28
1910-1914        0      0.12365  0.11430  0.34  100000   11430   92442  5596304  55.96
1910-1914      1-4      0.01182  0.04579  1.23   88570    4056  343036  5503862  62.14
1910-1914      5-9      0.00248  0.01232  2.16   84514    1041  419611  5160826  61.06
1910-1914     10-14     0.00184  0.00917  2.59   83473     765  415522  4741215  56.80
1910-1914     15-19     0.00292  0.01449  2.70   82708    1199  410783  4325693  52.30
1910-1914     20-24     0.00357  0.01771  2.51   81509    1443  403958  3914910  48.03
1910-1914     25-29     0.00382  0.01894  2.53   80066    1516  396579  3510952  43.85
1910-1914     30-34     0.00424  0.02100  2.55   78550    1649  388705  3114373  39.65
1910-1914     35-39     0.00500  0.02469  2.57   76900    1899  379880  2725668  35.44
1910-1914     40-44     0.00605  0.02980  2.58   75002    2235  369607  2345788  31.28
1910-1914     45-49     0.00789  0.03871  2.58   72767    2817  357027  1976181  27.16
1910-1914     50-54     0.01106  0.05387  2.63   69950    3768  340826  1619154  23.15
1910-1914     55-59     0.01612  0.07765  2.66   66181    5139  318877  1278328  19.32
1910-1914     60-64     0.02449  0.11572  2.62   61042    7064  288412   959451  15.72
1910-1914     65-69     0.03944  0.18031  2.63   53979    9733  246781   671039  12.43
1910-1914     70-74     0.06220  0.27003  2.56   44246   11948  192074   424258   9.59
1910-1914     75-79     0.09919  0.39658  2.47   32298   12809  129136   232184   7.19
1910-1914     80-84     0.15259  0.54377  2.36   19489   10598   69453   103048   5.29
1910-1914     85-89     0.23963  0.71317  2.16    8892    6341   26463    33595   3.78
1910-1914     90-94     0.34084  0.83588  1.95    2550    2132    6254     7132   2.80
1910-1914     95-99     0.46866  0.91939  1.70     419     385     821      877   2.10
1910-1914    100-104    0.59886  0.96102  1.47      34      32      54       56   1.66
1910-1914    105-109    0.71746  0.97989  1.29       1       1       2        2   1.39
1910-1914    110+       0.80217  1.00000  1.25       0       0       0        0   1.25
1915-1919        0      0.10403  0.09718  0.32  100000    9718   93411  5413049  54.13
1915-1919      1-4      0.01502  0.05774  1.29   90282    5213  346993  5319638  58.92
1915-1919      5-9      0.00336  0.01663  2.15   85069    1415  421320  4972645  58.45
1915-1919     10-14     0.00249  0.01235  2.61   83655    1033  415801  4551325  54.41
1915-1919     15-19     0.00434  0.02150  2.70   82621    1776  409021  4135524  50.05
1915-1919     20-24     0.00533  0.02632  2.52   80845    2128  398951  3726503  46.09
1915-1919     25-29     0.00571  0.02816  2.51   78717    2217  388073  3327552  42.27
1915-1919     30-34     0.00591  0.02913  2.50   76500    2229  376918  2939479  38.42
1915-1919     35-39     0.00636  0.03130  2.51   74272    2325  365575  2562560  34.50
1915-1919     40-44     0.00707  0.03474  2.54   71946    2499  353587  2196985  30.54
1915-1919     45-49     0.00861  0.04215  2.58   69447    2927  340152  1843399  26.54
1915-1919     50-54     0.01172  0.05704  2.63   66520    3794  323616  1503246  22.60
1915-1919     55-59     0.01694  0.08144  2.63   62725    5109  301540  1179631  18.81
1915-1919     60-64     0.02633  0.12390  2.63   57617    7139  271133   878091  15.24
1915-1919     65-69     0.04110  0.18717  2.62   50478    9448  229880   606958  12.02
1915-1919     70-74     0.06651  0.28635  2.58   41030   11749  176661   377078   9.19
1915-1919     75-79     0.10645  0.41945  2.47   29281   12282  115382   200417   6.84
1915-1919     80-84     0.16632  0.57631  2.34   16999    9797   58904    85034   5.00
1915-1919     85-89     0.25127  0.73409  2.17    7202    5287   21041    26130   3.63
1915-1919     90-94     0.36094  0.85332  1.91    1915    1634    4528     5089   2.66
1915-1919     95-99     0.49301  0.92967  1.65     281     261     530      561   2.00
1915-1919    100-104    0.62281  0.96592  1.43      20      19      31       32   1.60
1915-1919    105-109    0.73809  0.98208  1.26       1       1       1        1   1.35
1915-1919    110+       0.81888  1.00000  1.22       0       0       0        0   1.22
1920-1924        0      0.08133  0.07679  0.27  100000    7679   94421  6042449  60.42
1920-1924      1-4      0.00776  0.03041  1.29   92321    2808  361663  5948028  64.43
1920-1924      5-9      0.00183  0.00913  2.20   89514     817  445282  5586365  62.41
1920-1924     10-14     0.00143  0.00715  2.62   88697     634  441976  5141084  57.96
1920-1924     15-19     0.00255  0.01267  2.70   88063    1116  437747  4699108  53.36
1920-1924     20-24     0.00327  0.01620  2.51   86947    1408  431225  4261361  49.01
1920-1924     25-29     0.00335  0.01663  2.49   85539    1423  424118  3830136  44.78
1920-1924     30-34     0.00366  0.01813  2.55   84116    1525  416845  3406017  40.49
1920-1924     35-39     0.00430  0.02129  2.56   82591    1758  408666  2989172  36.19
1920-1924     40-44     0.00517  0.02552  2.58   80833    2063  399176  2580506  31.92
1920-1924     45-49     0.00680  0.03348  2.61   78769    2637  387553  2181329  27.69
1920-1924     50-54     0.00990  0.04836  2.64   76132    3682  371958  1793776  23.56
1920-1924     55-59     0.01500  0.07244  2.64   72451    5248  349892  1421818  19.62
1920-1924     60-64     0.02330  0.11048  2.66   67203    7424  318608  1071927  15.95
1920-1924     65-69     0.03745  0.17194  2.62   59778   10278  274422   753319  12.60
1920-1924     70-74     0.06061  0.26427  2.58   49500   13081  215814   478897   9.67
1920-1924     75-79     0.09821  0.39414  2.50   36419   14354  146152   263083   7.22
1920-1924     80-84     0.15408  0.54772  2.36   22065   12085   78435   116931   5.30
1920-1924     85-89     0.23290  0.70454  2.20    9980    7031   30189    38496   3.86
1920-1924     90-94     0.33894  0.83516  1.96    2949    2462    7265     8306   2.82
1920-1924     95-99     0.45798  0.91411  1.71     486     444     970     1041   2.14
1920-1924    100-104    0.58468  0.95760  1.49      42      40      68       71   1.70
1920-1924    105-109    0.70194  0.97796  1.31       2       2       2        3   1.42
1920-1924    110+       0.78711  1.00000  1.27       0       0       0        0   1.27
1925-1929        0      0.05983  0.05715  0.21  100000    5715   95511  6288828  62.89
1925-1929      1-4      0.00662  0.02602  1.34   94285    2453  370606  6193317  65.69
1925-1929      5-9      0.00180  0.00895  2.19   91832     822  456853  5822711  63.41
1925-1929     10-14     0.00127  0.00633  2.60   91010     576  453666  5365858  58.96
1925-1929     15-19     0.00212  0.01055  2.69   90434     954  449964  4912192  54.32
1925-1929     20-24     0.00268  0.01332  2.50   89480    1192  444422  4462227  49.87
1925-1929     25-29     0.00282  0.01402  2.52   88288    1237  438377  4017805  45.51
1925-1929     30-34     0.00302  0.01497  2.55   87051    1303  432055  3579428  41.12
1925-1929     35-39     0.00371  0.01838  2.59   85748    1576  424948  3147373  36.71
1925-1929     40-44     0.00455  0.02251  2.57   84172    1895  416261  2722425  32.34
1925-1929     45-49     0.00627  0.03089  2.65   82277    2541  405409  2306164  28.03
1925-1929     50-54     0.00930  0.04548  2.64   79735    3627  390119  1900755  23.84
1925-1929     55-59     0.01393  0.06742  2.64   76109    5131  368429  1510636  19.85
1925-1929     60-64     0.02218  0.10541  2.65   70978    7481  337323  1142208  16.09
1925-1929     65-69     0.03634  0.16729  2.63   63496   10622  292282   804885  12.68
1925-1929     70-74     0.05973  0.26094  2.58   52874   13797  230999   512602   9.69
1925-1929     75-79     0.09795  0.39307  2.49   39077   15360  156818   281603   7.21
1925-1929     80-84     0.15459  0.54988  2.38   23717   13041   84363   124785   5.26
1925-1929     85-89     0.23783  0.71195  2.18   10675    7600   31957    40422   3.79
1925-1929     90-94     0.34695  0.84169  1.94    3075    2588    7460     8465   2.75
1925-1929     95-99     0.47596  0.92279  1.68     487     449     944     1005   2.06
1925-1929    100-104    0.60804  0.96307  1.45      38      36      60       61   1.63
1925-1929    105-109    0.72709  0.98099  1.28       1       1       2        2   1.37
1925-1929    110+       0.81121  1.00000  1.23       0       0       0        0   1.23
1930-1934        0      0.04815  0.04632  0.18  100000    4632   96210  6538988  65.39
1930-1934      1-4      0.00442  0.01749  1.41   95368    1668  377151  6442778  67.56
1930-1934      5-9      0.00142  0.00705  2.25   93699     660  466684  6065627  64.74
1930-1934     10-14     0.00103  0.00516  2.58   93039     480  464031  5598943  60.18
1930-1934     15-19     0.00168  0.00836  2.70   92559     774  461015  5134912  55.48
1930-1934     20-24     0.00213  0.01062  2.53   91785     975  456517  4673897  50.92
1930-1934     25-29     0.00228  0.01132  2.53   90811    1028  451510  4217380  46.44
1930-1934     30-34     0.00261  0.01296  2.56   89783    1163  446072  3765870  41.94
1930-1934     35-39     0.00314  0.01557  2.57   88620    1380  439739  3319798  37.46
1930-1934     40-44     0.00400  0.01980  2.61   87240    1727  432067  2880059  33.01
1930-1934     45-49     0.00564  0.02783  2.64   85512    2380  421939  2447992  28.63
1930-1934     50-54     0.00849  0.04160  2.65   83132    3458  407551  2026052  24.37
1930-1934     55-59     0.01316  0.06380  2.64   79674    5084  386358  1618501  20.31
1930-1934     60-64     0.02112  0.10060  2.65   74591    7504  355299  1232143  16.52
1930-1934     65-69     0.03428  0.15850  2.63   67087   10633  310225   876844  13.07
1930-1934     70-74     0.05643  0.24843  2.60   56454   14025  248543   566619  10.04
1930-1934     75-79     0.09209  0.37439  2.50   42429   15885  172494   318076   7.50
1930-1934     80-84     0.14620  0.52800  2.37   26544   14015   95863   145583   5.48
1930-1934     85-89     0.22423  0.68935  2.21   12529    8637   38518    49720   3.97
1930-1934     90-94     0.33080  0.82755  1.98    3892    3221    9737    11202   2.88
1930-1934     95-99     0.44873  0.90976  1.73     671     611    1361     1465   2.18
1930-1934    100-104    0.57750  0.95598  1.50      61      58     100      104   1.72
1930-1934    105-109    0.69754  0.97748  1.32       3       3       4        4   1.43
1930-1934    110+       0.78492  1.00000  1.27       0       0       0        0   1.27
1935-1939        0      0.03858  0.03736  0.16  100000    3736   96844  6706647  67.07
1935-1939      1-4      0.00321  0.01273  1.46   96264    1226  381939  6609803  68.66
1935-1939      5-9      0.00112  0.00560  2.27   95038     533  473735  6227864  65.53
1935-1939     10-14     0.00085  0.00423  2.60   94505     400  471568  5754129  60.89
1935-1939     15-19     0.00137  0.00682  2.67   94106     642  469033  5282561  56.13
1935-1939     20-24     0.00171  0.00853  2.54   93464     797  465357  4813528  51.50
1935-1939     25-29     0.00188  0.00934  2.53   92667     865  461198  4348171  46.92
1935-1939     30-34     0.00224  0.01114  2.60   91801    1023  456551  3886972  42.34
1935-1939     35-39     0.00285  0.01416  2.62   90779    1286  450830  3430421  37.79
1935-1939     40-44     0.00365  0.01810  2.61   89493    1620  443591  2979592  33.29
1935-1939     45-49     0.00525  0.02591  2.64   87873    2277  433998  2536000  28.86
1935-1939     50-54     0.00812  0.03983  2.66   85596    3409  419988  2102002  24.56
1935-1939     55-59     0.01260  0.06121  2.67   82187    5031  399190  1682014  20.47
1935-1939     60-64     0.02027  0.09677  2.65   77156    7467  368265  1282824  16.63
1935-1939     65-69     0.03338  0.15467  2.63   69690   10779  322886   914559  13.12
1935-1939     70-74     0.05558  0.24511  2.59   58910   14439  259772   591673  10.04
1935-1939     75-79     0.09200  0.37437  2.51   44471   16649  180969   331901   7.46
1935-1939     80-84     0.14893  0.53558  2.38   27822   14901  100051   150932   5.42
1935-1939     85-89     0.22501  0.68877  2.18   12921    8900   39553    50881   3.94
1935-1939     90-94     0.33938  0.83695  1.97    4022    3366    9918    11328   2.82
1935-1939     95-99     0.45585  0.91331  1.72     656     599    1314     1410   2.15
1935-1939    100-104    0.58498  0.95780  1.49      57      54      93       96   1.70
1935-1939    105-109    0.70416  0.97829  1.31       2       2       3        3   1.42
1935-1939    110+       0.79027  1.00000  1.27       0       0       0        0   1.27
1940-1944        0      0.04389  0.04235  0.17  100000    4235   96485  6439195  64.39
1940-1944      1-4      0.00451  0.01784  1.61   95765    1708  378983  6342710  66.23
1940-1944      5-9      0.00185  0.00920  2.23   94057     866  467886  5963727  63.41
1940-1944     10-14     0.00139  0.00694  2.57   93191     647  464382  5495841  58.97
1940-1944     15-19     0.00228  0.01135  2.76   92544    1050  460374  5031459  54.37
1940-1944     20-24     0.00338  0.01677  2.46   91494    1534  453569  4571085  49.96
1940-1944     25-29     0.00304  0.01506  2.50   89960    1355  446409  4117516  45.77
1940-1944     30-34     0.00312  0.01547  2.51   88605    1370  439618  3671106  41.43
1940-1944     35-39     0.00357  0.01771  2.58   87235    1545  432436  3231489  37.04
1940-1944     40-44     0.00446  0.02208  2.60   85690    1892  423911  2799052  32.66
1940-1944     45-49     0.00617  0.03041  2.60   83798    2548  412883  2375141  28.34
1940-1944     50-54     0.00878  0.04299  2.63   81250    3493  397983  1962258  24.15
1940-1944     55-59     0.01307  0.06340  2.64   77757    4930  377140  1564275  20.12
1940-1944     60-64     0.02056  0.09803  2.64   72827    7139  347297  1187135  16.30
1940-1944     65-69     0.03386  0.15675  2.63   65688   10297  304082   839838  12.79
1940-1944     70-74     0.05716  0.25138  2.60   55391   13924  243582   535755   9.67
1940-1944     75-79     0.09764  0.39278  2.51   41467   16287  166811   292173   7.05
1940-1944     80-84     0.16363  0.57170  2.37   25180   14395   87977   125362   4.98
1940-1944     85-89     0.26223  0.74998  2.15   10785    8088   30844    37385   3.47
1940-1944     90-94     0.39920  0.88586  1.86    2696    2389    5983     6541   2.43
1940-1944     95-99     0.54601  0.94892  1.56     308     292     535      558   1.81
1940-1944    100-104    0.68952  0.97708  1.33      16      15      22       23   1.45
1940-1944    105-109    0.80548  0.98794  1.18       0       0       0        0   1.24
1940-1944    110+       0.87890  1.00000  1.14       0       0       0        0   1.14
1945-1949        0      0.04186  0.04045  0.16  100000    4045   96620  6650223  66.50
1945-1949      1-4      0.00343  0.01360  1.61   95955    1305  380699  6553604  68.30
1945-1949      5-9      0.00128  0.00639  2.21   94651     605  471566  6172904  65.22
1945-1949     10-14     0.00096  0.00480  2.60   94046     452  469145  5701338  60.62
1945-1949     15-19     0.00168  0.00837  2.86   93594     783  466295  5232194  55.90
1945-1949     20-24     0.00338  0.01675  2.45   92811    1554  460096  4765898  51.35
1945-1949     25-29     0.00260  0.01293  2.44   91257    1180  453267  4305802  47.18
1945-1949     30-34     0.00264  0.01310  2.50   90077    1180  447435  3852536  42.77
1945-1949     35-39     0.00299  0.01485  2.57   88897    1320  441270  3405101  38.30
1945-1949     40-44     0.00385  0.01907  2.60   87577    1670  433869  2963831  33.84
1945-1949     45-49     0.00532  0.02627  2.63   85906    2257  424174  2529962  29.45
1945-1949     50-54     0.00775  0.03806  2.64   83650    3184  410732  2105788  25.17
1945-1949     55-59     0.01169  0.05688  2.64   80466    4577  391530  1695057  21.07
1945-1949     60-64     0.01855  0.08889  2.65   75889    6745  363573  1303526  17.18
1945-1949     65-69     0.03081  0.14363  2.64   69144    9931  322318   939954  13.59
1945-1949     70-74     0.05186  0.23066  2.61   59213   13658  263381   617636  10.43
1945-1949     75-79     0.08619  0.35553  2.54   45555   16196  187902   354255   7.78
1945-1949     80-84     0.14059  0.51540  2.41   29359   15131  107629   166353   5.67
1945-1949     85-89     0.21374  0.67219  2.24   14227    9563   44744    58724   4.13
1945-1949     90-94     0.31552  0.81148  2.01    4664    3785   11995    13980   3.00
1945-1949     95-99     0.43281  0.90126  1.76     879     792    1831     1985   2.26
1945-1949    100-104    0.56012  0.95141  1.53      87      83     147      154   1.77
1945-1949    105-109    0.68083  0.97522  1.34       4       4       6        6   1.46
1945-1949    110+       0.76995  1.00000  1.30       0       0       0        0   1.30
1950-1954        0      0.02390  0.02341  0.11  100000    2341   97928  7182676  71.83
1950-1954      1-4      0.00187  0.00744  1.47   97659     726  388799  7084749  72.55
1950-1954      5-9      0.00064  0.00320  2.20   96933     310  483800  6695949  69.08
1950-1954     10-14     0.00046  0.00230  2.59   96623     222  482581  6212150  64.29
1950-1954     15-19     0.00062  0.00309  2.60   96401     298  481290  5729568  59.43
1950-1954     20-24     0.00084  0.00420  2.61   96104     403  479553  5248278  54.61
1950-1954     25-29     0.00098  0.00487  2.55   95700     466  477360  4768726  49.83
1950-1954     30-34     0.00118  0.00588  2.62   95234     560  474838  4291366  45.06
1950-1954     35-39     0.00160  0.00797  2.64   94674     755  471594  3816528  40.31
1950-1954     40-44     0.00234  0.01166  2.67   93920    1095  467044  3344934  35.61
1950-1954     45-49     0.00373  0.01847  2.68   92825    1715  460153  2877890  31.00
1950-1954     50-54     0.00610  0.03009  2.66   91110    2741  449144  2417737  26.54
1950-1954     55-59     0.00961  0.04701  2.66   88369    4155  432119  1968593  22.28
1950-1954     60-64     0.01537  0.07418  2.67   84214    6247  406544  1536474  18.24
1950-1954     65-69     0.02593  0.12224  2.66   77967    9530  367553  1129930  14.49
1950-1954     70-74     0.04405  0.19943  2.63   68437   13648  309838   762377  11.14
1950-1954     75-79     0.07682  0.32355  2.56   54788   17727  230757   452539   8.26
1950-1954     80-84     0.12776  0.48142  2.44   37062   17842  139660   221782   5.98
1950-1954     85-89     0.20444  0.65612  2.27   19219   12610   61681    82122   4.27
1950-1954     90-94     0.30289  0.79961  2.05    6609    5285   17448    20441   3.09
1950-1954     95-99     0.43169  0.90143  1.77    1324    1194    2766     2994   2.26
1950-1954    100-104    0.56681  0.95363  1.52     131     124     220      228   1.75
1950-1954    105-109    0.69352  0.97713  1.32       6       6       9        9   1.44
1950-1954    110+       0.78530  1.00000  1.27       0       0       0        0   1.27
1955-1959        0      0.01896  0.01864  0.10  100000    1864   98324  7286534  72.87
1955-1959      1-4      0.00145  0.00577  1.51   98136     566  391137  7188209  73.25
1955-1959      5-9      0.00054  0.00272  2.29   97570     265  487132  6797073  69.66
1955-1959     10-14     0.00039  0.00196  2.60   97305     191  486066  6309941  64.85
1955-1959     15-19     0.00057  0.00283  2.68   97114     274  484933  5823875  59.97
1955-1959     20-24     0.00072  0.00361  2.56   96840     350  483346  5338941  55.13
1955-1959     25-29     0.00079  0.00393  2.53   96490     380  481514  4855596  50.32
1955-1959     30-34     0.00099  0.00496  2.58   96111     477  479400  4374081  45.51
1955-1959     35-39     0.00137  0.00682  2.66   95634     652  476647  3894682  40.72
1955-1959     40-44     0.00216  0.01073  2.70   94982    1019  472562  3418035  35.99
1955-1959     45-49     0.00347  0.01721  2.67   93963    1617  466048  2945473  31.35
1955-1959     50-54     0.00566  0.02795  2.68   92346    2581  455740  2479424  26.85
1955-1959     55-59     0.00924  0.04524  2.69   89765    4061  439429  2023684  22.54
1955-1959     60-64     0.01510  0.07291  2.65   85704    6249  413852  1584256  18.49
1955-1959     65-69     0.02465  0.11649  2.65   79455    9256  375555  1170403  14.73
1955-1959     70-74     0.04262  0.19370  2.65   70199   13597  319047   794848  11.32
1955-1959     75-79     0.07367  0.31233  2.57   56602   17679  239975   475801   8.41
1955-1959     80-84     0.12433  0.47223  2.46   38923   18381  147839   235826   6.06
1955-1959     85-89     0.20312  0.65338  2.27   20542   13422   66079    87986   4.28
1955-1959     90-94     0.30431  0.80128  2.05    7120    5705   18749    21907   3.08
1955-1959     95-99     0.43738  0.90496  1.76    1415    1281    2928     3159   2.23
1955-1959    100-104    0.57719  0.95651  1.51     134     129     223      231   1.72
1955-1959    105-109    0.70674  0.97888  1.31       6       6       8        8   1.41
1955-1959    110+       0.79911  1.00000  1.25       0       0       0        0   1.25
1960-1964        0      0.01616  0.01592  0.09  100000    1592   98556  7343872  73.44
1960-1964      1-4      0.00117  0.00467  1.59   98408     459  392523  7245316  73.63
1960-1964      5-9      0.00050  0.00251  2.22   97949     246  489061  6852793  69.96
1960-1964     10-14     0.00035  0.00175  2.54   97703     171  488094  6363732  65.13
1960-1964     15-19     0.00055  0.00273  2.73   97532     267  487055  5875637  60.24
1960-1964     20-24     0.00071  0.00352  2.54   97265     343  485482  5388582  55.40
1960-1964     25-29     0.00078  0.00389  2.51   96923     377  483674  4903100  50.59
1960-1964     30-34     0.00091  0.00454  2.61   96546     439  481683  4419426  45.78
1960-1964     35-39     0.00131  0.00654  2.64   96107     628  479056  3937744  40.97
1960-1964     40-44     0.00205  0.01019  2.69   95479     973  475144  3458688  36.22
1960-1964     45-49     0.00347  0.01723  2.71   94506    1629  468800  2983544  31.57
1960-1964     50-54     0.00569  0.02806  2.70   92877    2606  458382  2514744  27.08
1960-1964     55-59     0.00938  0.04592  2.68   90271    4145  441749  2056362  22.78
1960-1964     60-64     0.01516  0.07322  2.66   86126    6306  415879  1614614  18.75
1960-1964     65-69     0.02483  0.11729  2.64   79820    9362  377027  1198735  15.02
1960-1964     70-74     0.04054  0.18495  2.63   70458   13031  321449   821707  11.66
1960-1964     75-79     0.06938  0.29699  2.58   57426   17055  245831   500258   8.71
1960-1964     80-84     0.11818  0.45472  2.47   40371   18358  155337   254427   6.30
1960-1964     85-89     0.18976  0.62750  2.30   22014   13813   72795    99090   4.50
1960-1964     90-94     0.29044  0.78636  2.08    8200    6448   22201    26296   3.21
1960-1964     95-99     0.41612  0.89283  1.80    1752    1564    3759     4094   2.34
1960-1964    100-104    0.55444  0.95055  1.54     188     178     322      335   1.79
1960-1964    105-109    0.68617  0.97630  1.34       9       9      13       13   1.45
1960-1964    110+       0.78218  1.00000  1.28       0       0       0        0   1.28
1965-1969        0      0.01362  0.01345  0.09  100000    1345   98771  7363245  73.63
1965-1969      1-4      0.00101  0.00403  1.61   98655     398  393670  7264475  73.64
1965-1969      5-9      0.00047  0.00233  2.31   98257     229  490668  6870804  69.93
1965-1969     10-14     0.00036  0.00181  2.56   98028     177  489707  6380136  65.08
1965-1969     15-19     0.00065  0.00324  2.69   97851     317  488522  5890429  60.20
1965-1969     20-24     0.00074  0.00368  2.48   97534     358  486764  5401907  55.39
1965-1969     25-29     0.00074  0.00369  2.55   97175     359  484997  4915143  50.58
1965-1969     30-34     0.00091  0.00454  2.59   96817     439  483022  4430146  45.76
1965-1969     35-39     0.00134  0.00666  2.69   96377     642  480401  3947124  40.95
1965-1969     40-44     0.00217  0.01080  2.67   95735    1034  476273  3466723  36.21
1965-1969     45-49     0.00355  0.01758  2.70   94702    1665  469673  2990450  31.58
1965-1969     50-54     0.00591  0.02917  2.70   93037    2714  458928  2520777  27.09
1965-1969     55-59     0.00955  0.04670  2.68   90323    4219  441824  2061849  22.83
1965-1969     60-64     0.01560  0.07526  2.66   86104    6480  415378  1620026  18.81
1965-1969     65-69     0.02513  0.11863  2.64   79624    9446  375817  1204647  15.13
1965-1969     70-74     0.04105  0.18693  2.61   70178   13118  319591   828831  11.81
1965-1969     75-79     0.06771  0.29065  2.57   57060   16585  244918   509239   8.92
1965-1969     80-84     0.11182  0.43589  2.47   40475   17643  157784   264321   6.53
1965-1969     85-89     0.18120  0.60918  2.31   22832   13909   76763   106537   4.67
1965-1969     90-94     0.27729  0.76910  2.11    8923    6863   24750    29774   3.34
1965-1969     95-99     0.39725  0.88077  1.84    2060    1815    4568     5024   2.44
1965-1969    100-104    0.53359  0.94436  1.58     246     232     435      455   1.85
1965-1969    105-109    0.66664  0.97354  1.36      14      13      20       20   1.49
1965-1969    110+       0.76551  1.00000  1.31       0       0       0        0   1.31
1970-1974        0      0.01132  0.01121  0.08  100000    1121   98969  7401994  74.02
1970-1974      1-4      0.00087  0.00348  1.61   98879     344  394696  7303025  73.86
1970-1974      5-9      0.00041  0.00205  2.33   98535     202  492136  6908329  70.11
1970-1974     10-14     0.00034  0.00170  2.60   98333     168  491264  6416193  65.25
1970-1974     15-19     0.00073  0.00364  2.73   98166     357  490017  5924929  60.36
1970-1974     20-24     0.00075  0.00374  2.41   97808     366  488092  5434912  55.57
1970-1974     25-29     0.00069  0.00346  2.56   97442     337  486388  4946820  50.77
1970-1974     30-34     0.00088  0.00438  2.62   97105     426  484510  4460433  45.93
1970-1974     35-39     0.00128  0.00637  2.70   96679     616  481980  3975923  41.12
1970-1974     40-44     0.00211  0.01051  2.72   96063    1010  478014  3493943  36.37
1970-1974     45-49     0.00357  0.01771  2.68   95054    1683  471369  3015928  31.73
1970-1974     50-54     0.00589  0.02904  2.69   93370    2711  460595  2544559  27.25
1970-1974     55-59     0.00950  0.04648  2.65   90659    4214  443410  2083964  22.99
1970-1974     60-64     0.01531  0.07392  2.67   86445    6390  417307  1640554  18.98
1970-1974     65-69     0.02495  0.11779  2.64   80055    9430  378023  1223247  15.28
1970-1974     70-74     0.04033  0.18402  2.63   70625   12996  322276   845224  11.97
1970-1974     75-79     0.06620  0.28500  2.56   57629   16424  248097   522948   9.07
1970-1974     80-84     0.10877  0.42686  2.48   41205   17589  161709   274851   6.67
1970-1974     85-89     0.17524  0.59696  2.33   23616   14098   80448   113142   4.79
1970-1974     90-94     0.26733  0.75571  2.12    9518    7193   26907    32694   3.43
1970-1974     95-99     0.38826  0.87461  1.86    2325    2034    5238     5788   2.49
1970-1974    100-104    0.52390  0.94125  1.60     292     274     524      550   1.89
1970-1974    105-109    0.65773  0.97219  1.38      17      17      25       26   1.51
1970-1974    110+       0.75798  1.00000  1.32       0       0       1        1   1.32
1975-1979        0      0.00947  0.00939  0.07  100000     939   99131  7506006  75.06
1975-1979      1-4      0.00070  0.00279  1.55   99061     276  395568  7406875  74.77
1975-1979      5-9      0.00033  0.00164  2.37   98785     162  493499  7011307  70.98
1975-1979     10-14     0.00028  0.00141  2.61   98623     139  492784  6517807  66.09
1975-1979     15-19     0.00060  0.00299  2.77   98484     294  491766  6025023  61.18
1975-1979     20-24     0.00067  0.00332  2.42   98190     326  490110  5533257  56.35
1975-1979     25-29     0.00063  0.00316  2.51   97864     310  488548  5043147  51.53
1975-1979     30-34     0.00080  0.00401  2.65   97554     391  486850  4554599  46.69
1975-1979     35-39     0.00114  0.00569  2.67   97163     553  484530  4067749  41.87
1975-1979     40-44     0.00192  0.00958  2.73   96611     925  480951  3583219  37.09
1975-1979     45-49     0.00341  0.01692  2.69   95685    1619  474688  3102268  32.42
1975-1979     50-54     0.00544  0.02687  2.68   94066    2528  464478  2627580  27.93
1975-1979     55-59     0.00880  0.04311  2.68   91539    3946  448532  2163102  23.63
1975-1979     60-64     0.01443  0.06979  2.66   87593    6113  423670  1714570  19.57
1975-1979     65-69     0.02340  0.11092  2.65   81480    9038  386181  1290900  15.84
1975-1979     70-74     0.03786  0.17363  2.61   72442   12578  332190   904719  12.49
1975-1979     75-79     0.06102  0.26576  2.57   59864   15910  260714   572529   9.56
1975-1979     80-84     0.09881  0.39600  2.49   43955   17406  176151   311815   7.09
1975-1979     85-89     0.15980  0.56220  2.36   26548   14925   93399   135665   5.11
1975-1979     90-94     0.24959  0.73112  2.17   11623    8498   34047    42266   3.64
1975-1979     95-99     0.36498  0.85746  1.91    3125    2680    7342     8219   2.63
1975-1979    100-104    0.50073  0.93329  1.64     445     416     830      877   1.97
1975-1979    105-109    0.63845  0.96914  1.41      30      29      45       46   1.56
1975-1979    110+       0.74336  1.00000  1.35       1       1       1        1   1.35
1980-1984        0      0.00841  0.00834  0.07  100000     834   99225  7607782  76.08
1980-1984      1-4      0.00051  0.00204  1.60   99166     202  396177  7508557  75.72
1980-1984      5-9      0.00025  0.00125  2.32   98964     124  494486  7112380  71.87
1980-1984     10-14     0.00023  0.00116  2.64   98840     114  493930  6617893  66.96
1980-1984     15-19     0.00047  0.00236  2.79   98726     233  493111  6123963  62.03
1980-1984     20-24     0.00059  0.00296  2.47   98492     292  491722  5630852  57.17
1980-1984     25-29     0.00061  0.00305  2.58   98200     299  490277  5139130  52.33
1980-1984     30-34     0.00073  0.00362  2.55   97901     355  488637  4648853  47.49
1980-1984     35-39     0.00108  0.00538  2.67   97546     525  486510  4160216  42.65
1980-1984     40-44     0.00172  0.00856  2.71   97022     831  483205  3673706  37.86
1980-1984     45-49     0.00299  0.01486  2.71   96191    1429  477686  3190501  33.17
1980-1984     50-54     0.00505  0.02496  2.68   94762    2365  468317  2712815  28.63
1980-1984     55-59     0.00819  0.04018  2.67   92396    3712  453322  2244498  24.29
1980-1984     60-64     0.01338  0.06488  2.66   88684    5754  429972  1791176  20.20
1980-1984     65-69     0.02166  0.10303  2.64   82930    8544  394517  1361204  16.41
1980-1984     70-74     0.03491  0.16119  2.63   74386   11991  343475   966687  13.00
1980-1984     75-79     0.05683  0.24971  2.57   62396   15581  274179   623212   9.99
1980-1984     80-84     0.09154  0.37273  2.51   46815   17449  190618   349033   7.46
1980-1984     85-89     0.14869  0.53538  2.39   29366   15722  105735   158415   5.39
1980-1984     90-94     0.23118  0.70352  2.22   13644    9599   41520    52680   3.86
1980-1984     95-99     0.34568  0.84134  1.95    4045    3403    9845    11160   2.76
1980-1984    100-104    0.47993  0.92511  1.68     642     594    1237     1314   2.05
1980-1984    105-109    0.61950  0.96573  1.44      48      46      75       77   1.61
1980-1984    110+       0.72765  1.00000  1.37       2       2       2        2   1.37
1985-1989        0      0.00747  0.00741  0.07  100000     741   99310  7667012  76.67
1985-1989      1-4      0.00042  0.00167  1.59   99259     166  396633  7567702  76.24
1985-1989      5-9      0.00018  0.00092  2.37   99092      91  495223  7171069  72.37
1985-1989     10-14     0.00019  0.00095  2.59   99001      94  494780  6675846  67.43
1985-1989     15-19     0.00041  0.00203  2.78   98907     201  494091  6181066  62.49
1985-1989     20-24     0.00054  0.00272  2.52   98707     268  492869  5686975  57.61
1985-1989     25-29     0.00056  0.00279  2.55   98438     274  491519  5194106  52.77
1985-1989     30-34     0.00072  0.00361  2.64   98164     355  489984  4702587  47.91
1985-1989     35-39     0.00102  0.00506  2.62   97809     495  487869  4212603  43.07
1985-1989     40-44     0.00166  0.00826  2.71   97314     804  484727  3724734  38.28
1985-1989     45-49     0.00276  0.01370  2.70   96510    1322  479504  3240007  33.57
1985-1989     50-54     0.00473  0.02338  2.73   95187    2225  470881  2760503  29.00
1985-1989     55-59     0.00793  0.03893  2.69   92962    3619  456453  2289622  24.63
1985-1989     60-64     0.01273  0.06180  2.66   89343    5521  433819  1833169  20.52
1985-1989     65-69     0.02077  0.09900  2.65   83821    8298  399596  1399351  16.69
1985-1989     70-74     0.03322  0.15401  2.63   75523   11631  350077   999754  13.24
1985-1989     75-79     0.05427  0.23998  2.59   63892   15333  282537   649678  10.17
1985-1989     80-84     0.08909  0.36498  2.53   48559   17723  198948   367141   7.56
1985-1989     85-89     0.14514  0.52686  2.40   30836   16246  111937   168193   5.45
1985-1989     90-94     0.23112  0.70155  2.20   14590   10235   44285    56256   3.86
1985-1989     95-99     0.34673  0.84273  1.95    4354    3670   10583    11971   2.75
1985-1989    100-104    0.48518  0.92764  1.67     685     635    1309     1388   2.03
1985-1989    105-109    0.62884  0.96767  1.42      50      48      76       78   1.58
1985-1989    110+       0.73933  1.00000  1.35       2       2       2        2   1.35
1990-1994        0      0.00639  0.00635  0.07  100000     635   99407  7721002  77.21
1990-1994      1-4      0.00036  0.00145  1.53   99365     144  397104  7621595  76.70
1990-1994      5-9      0.00017  0.00084  2.29   99221      84  495878  7224492  72.81
1990-1994     10-14     0.00019  0.00094  2.70   99137      93  495472  6728614  67.87
1990-1994     15-19     0.00039  0.00196  2.73   99044     194  494782  6233142  62.93
1990-1994     20-24     0.00049  0.00246  2.50   98850     243  493645  5738361  58.05
1990-1994     25-29     0.00057  0.00283  2.57   98607     279  492358  5244715  53.19
1990-1994     30-34     0.00075  0.00372  2.65   98328     366  490779  4752357  48.33
1990-1994     35-39     0.00105  0.00521  2.63   97962     511  488597  4261579  43.50
1990-1994     40-44     0.00162  0.00809  2.71   97451     788  485449  3772982  38.72
1990-1994     45-49     0.00266  0.01320  2.70   96663    1276  480378  3287533  34.01
1990-1994     50-54     0.00425  0.02104  2.69   95387    2007  472302  2807155  29.43
1990-1994     55-59     0.00720  0.03540  2.69   93380    3306  459262  2334852  25.00
1990-1994     60-64     0.01205  0.05860  2.68   90074    5279  438106  1875590  20.82
1990-1994     65-69     0.01943  0.09294  2.66   84795    7881  405530  1437484  16.95
1990-1994     70-74     0.03183  0.14798  2.63   76915   11382  357631  1031954  13.42
1990-1994     75-79     0.05216  0.23177  2.60   65533   15189  291206   674323  10.29
1990-1994     80-84     0.08666  0.35696  2.53   50344   17971  207380   383117   7.61
1990-1994     85-89     0.14492  0.52708  2.41   32373   17063  117741   175737   5.43
1990-1994     90-94     0.23514  0.71022  2.21   15310   10873   46242    57996   3.79
1990-1994     95-99     0.36104  0.85575  1.93    4436    3797   10516    11754   2.65
1990-1994    100-104    0.50932  0.93743  1.63     640     600    1178     1238   1.94
1990-1994    105-109    0.65938  0.97303  1.38      40      39      59       60   1.51
1990-1994    110+       0.77109  1.00000  1.30       1       1       1        1   1.30
1995-1999        0      0.00533  0.00530  0.06  100000     530   99504  7779672  77.80
1995-1999      1-4      0.00030  0.00119  1.59   99470     118  397596  7680169  77.21
1995-1999      5-9      0.00014  0.00070  2.30   99352      69  496572  7282573  73.30
1995-1999     10-14     0.00016  0.00079  2.86   99283      78  496246  6786001  68.35
1995-1999     15-19     0.00037  0.00182  2.75   99205     181  495615  6289755  63.40
1995-1999     20-24     0.00048  0.00240  2.52   99024     238  494528  5794140  58.51
1995-1999     25-29     0.00053  0.00264  2.52   98786     261  493283  5299611  53.65
1995-1999     30-34     0.00066  0.00331  2.65   98525     327  491858  4806328  48.78
1995-1999     35-39     0.00098  0.00487  2.69   98199     478  489889  4314471  43.94
1995-1999     40-44     0.00161  0.00801  2.69   97720     782  486791  3824581  39.14
1995-1999     45-49     0.00255  0.01267  2.69   96938    1228  481859  3337790  34.43
1995-1999     50-54     0.00411  0.02037  2.68   95710    1950  474019  2855931  29.84
1995-1999     55-59     0.00653  0.03217  2.68   93760    3016  461812  2381912  25.40
1995-1999     60-64     0.01112  0.05419  2.69   90744    4917  442361  1920101  21.16
1995-1999     65-69     0.01857  0.08896  2.66   85827    7635  411261  1477739  17.22
1995-1999     70-74     0.03008  0.14046  2.64   78191   10983  365086  1066479  13.64
1995-1999     75-79     0.05009  0.22359  2.60   67209   15027  300026   701393  10.44
1995-1999     80-84     0.08457  0.35021  2.55   52182   18274  216073   401366   7.69
1995-1999     85-89     0.14272  0.52208  2.43   33907   17702  124035   185294   5.46
1995-1999     90-94     0.23505  0.70974  2.21   16205   11501   48932    61258   3.78
1995-1999     95-99     0.36521  0.85970  1.92    4704    4044   11072    12326   2.62
1995-1999    100-104    0.51914  0.94117  1.61     660     621    1196     1254   1.90
1995-1999    105-109    0.67324  0.97520  1.36      39      38      56       57   1.48
1995-1999    110+       0.78593  1.00000  1.27       1       1       1        1   1.27
2000-2004        0      0.00491  0.00489  0.06  100000     489   99541  7855342  78.55
2000-2004      1-4      0.00026  0.00102  1.60   99511     102  397799  7755801  77.94
2000-2004      5-9      0.00012  0.00060  2.45   99409      60  496892  7358001  74.02
2000-2004     10-14     0.00014  0.00072  2.71   99349      71  496582  6861109  69.06
2000-2004     15-19     0.00034  0.00171  2.81   99278     170  496016  6364528  64.11
2000-2004     20-24     0.00043  0.00214  2.53   99108     212  495016  5868512  59.21
2000-2004     25-29     0.00046  0.00231  2.57   98896     228  493925  5373496  54.33
2000-2004     30-34     0.00060  0.00298  2.63   98667     294  492641  4879571  49.45
2000-2004     35-39     0.00088  0.00437  2.69   98374     430  490876  4386930  44.59
2000-2004     40-44     0.00146  0.00730  2.73   97944     715  488099  3896054  39.78
2000-2004     45-49     0.00251  0.01250  2.68   97229    1215  483324  3407955  35.05
2000-2004     50-54     0.00392  0.01944  2.67   96013    1867  475714  2924630  30.46
2000-2004     55-59     0.00623  0.03069  2.67   94147    2889  464010  2448916  26.01
2000-2004     60-64     0.00982  0.04799  2.67   91257    4379  446081  1984906  21.75
2000-2004     65-69     0.01637  0.07886  2.68   86878    6851  418496  1538825  17.71
2000-2004     70-74     0.02773  0.13015  2.65   80027   10416  375658  1120329  14.00
2000-2004     75-79     0.04669  0.21013  2.62   69611   14627  313285   744671  10.70
2000-2004     80-84     0.08089  0.33784  2.56   54984   18576  229644   431385   7.85
2000-2004     85-89     0.13905  0.51284  2.44   36408   18671  134274   201742   5.54
2000-2004     90-94     0.23288  0.70677  2.22   17737   12536   53829    67468   3.80
2000-2004     95-99     0.36473  0.85970  1.93    5201    4471   12259    13639   2.62
2000-2004    100-104    0.52174  0.94223  1.61     730     688    1318     1380   1.89
2000-2004    105-109    0.67819  0.97596  1.35      42      41      61       62   1.47
2000-2004    110+       0.79165  1.00000  1.26       1       1       1        1   1.26
2005-2009        0      0.00420  0.00419  0.06  100000     419   99607  8012561  80.13
2005-2009      1-4      0.00021  0.00082  1.63   99581      82  398131  7912954  79.46
2005-2009      5-9      0.00009  0.00045  2.36   99499      45  497378  7514823  75.53
2005-2009     10-14     0.00011  0.00056  2.72   99454      55  497146  7017445  70.56
2005-2009     15-19     0.00024  0.00120  2.83   99399     119  496737  6520299  65.60
2005-2009     20-24     0.00035  0.00174  2.46   99280     173  495962  6023562  60.67
2005-2009     25-29     0.00038  0.00188  2.62   99108     186  495096  5527600  55.77
2005-2009     30-34     0.00049  0.00247  2.60   98922     244  494021  5032504  50.87
2005-2009     35-39     0.00074  0.00367  2.64   98677     362  492534  4538483  45.99
2005-2009     40-44     0.00119  0.00592  2.69   98315     582  490234  4045949  41.15
2005-2009     45-49     0.00205  0.01019  2.73   97733     996  486408  3555716  36.38
2005-2009     50-54     0.00345  0.01710  2.66   96737    1654  479815  3069307  31.73
2005-2009     55-59     0.00539  0.02659  2.65   95082    2529  469481  2589492  27.23
2005-2009     60-64     0.00863  0.04231  2.66   92554    3916  453599  2120011  22.91
2005-2009     65-69     0.01357  0.06576  2.67   88638    5829  429582  1666413  18.80
2005-2009     70-74     0.02295  0.10892  2.68   82809    9020  393093  1236831  14.94
2005-2009     75-79     0.04010  0.18319  2.65   73789   13518  337128   843738  11.43
2005-2009     80-84     0.07100  0.30303  2.59   60272   18264  257253   506610   8.41
2005-2009     85-89     0.12474  0.47429  2.47   42008   19924  159718   249357   5.94
2005-2009     90-94     0.21399  0.67564  2.27   22084   14921   69728    89639   4.06
2005-2009     95-99     0.34091  0.83997  1.98    7163    6017   17649    19911   2.78
2005-2009    100-104    0.49836  0.93432  1.66    1146    1071    2149     2263   1.97
2005-2009    105-109    0.65960  0.97343  1.38      75      73     111      114   1.51
2005-2009    110+       0.77862  1.00000  1.28       2       2       3        3   1.28
2010-2014        0      0.00368  0.00366  0.06  100000     366   99655  8118524  81.19
2010-2014      1-4      0.00015  0.00061  1.65   99634      61  398391  8018869  80.48
2010-2014      5-9      0.00008  0.00041  2.38   99573      40  497758  7620478  76.53
2010-2014     10-14     0.00010  0.00049  2.60   99532      48  497545  7122720  71.56
2010-2014     15-19     0.00021  0.00106  2.83   99484     106  497190  6625175  66.60
2010-2014     20-24     0.00029  0.00146  2.55   99378     145  496536  6127985  61.66
2010-2014     25-29     0.00034  0.00172  2.65   99233     171  495766  5631449  56.75
2010-2014     30-34     0.00045  0.00223  2.64   99062     221  494792  5135683  51.84
2010-2014     35-39     0.00064  0.00320  2.69   98842     317  493476  4640891  46.95
2010-2014     40-44     0.00104  0.00518  2.67   98525     511  491435  4147415  42.09
2010-2014     45-49     0.00178  0.00887  2.73   98014     870  488097  3655980  37.30
2010-2014     50-54     0.00307  0.01523  2.70   97144    1480  482324  3167884  32.61
2010-2014     55-59     0.00502  0.02483  2.68   95665    2375  472817  2685560  28.07
2010-2014     60-64     0.00781  0.03833  2.66   93289    3576  458086  2212743  23.72
2010-2014     65-69     0.01248  0.06064  2.67   89714    5440  435875  1754657  19.56
2010-2014     70-74     0.01995  0.09532  2.66   84274    8033  402592  1318782  15.65
2010-2014     75-79     0.03491  0.16137  2.66   76240   12303  352432   916190  12.02
2010-2014     80-84     0.06387  0.27699  2.61   63937   17710  277275   563758   8.82
2010-2014     85-89     0.11566  0.44877  2.50   46227   20746  179373   286482   6.20
2010-2014     90-94     0.20369  0.65595  2.29   25482   16715   82058   107109   4.20
2010-2014     95-99     0.32984  0.83020  2.01    8767    7278   22066    25052   2.86
2010-2014    100-104    0.48982  0.93138  1.67    1489    1386    2830     2986   2.01
2010-2014    105-109    0.65521  0.97290  1.39     102      99     152      155   1.52
2010-2014    110+       0.77751  1.00000  1.29       3       3       4        4   1.29
