Norway, Life tables (period 5x5), Total     Last modified: 28-Aug-2015, MPv5 (May07)

  Year          Age         mx       qx    ax      lx      dx      Lx       Tx     ex
1846-1849        0      0.11778  0.10927  0.34  100000   10927   92776  4643317  46.43
1846-1849      1-4      0.03021  0.11221  1.45   89073    9994  330840  4550541  51.09
1846-1849      5-9      0.00797  0.03896  2.17   79078    3081  386670  4219701  53.36
1846-1849     10-14     0.00405  0.02004  2.47   75998    1523  376128  3833030  50.44
1846-1849     15-19     0.00529  0.02614  2.66   74474    1947  367811  3456903  46.42
1846-1849     20-24     0.00699  0.03434  2.49   72527    2490  356377  3089092  42.59
1846-1849     25-29     0.00700  0.03439  2.51   70037    2409  344196  2732715  39.02
1846-1849     30-34     0.00831  0.04074  2.58   67628    2755  331481  2388518  35.32
1846-1849     35-39     0.01007  0.04914  2.52   64873    3188  316464  2057038  31.71
1846-1849     40-44     0.01096  0.05336  2.57   61685    3292  300424  1740574  28.22
1846-1849     45-49     0.01317  0.06385  2.60   58394    3728  283028  1440150  24.66
1846-1849     50-54     0.01713  0.08220  2.54   54665    4493  262286  1157122  21.17
1846-1849     55-59     0.02260  0.10722  2.62   50172    5379  238055   894835  17.84
1846-1849     60-64     0.03302  0.15290  2.58   44793    6849  207419   656780  14.66
1846-1849     65-69     0.04536  0.20412  2.55   37944    7745  170748   449361  11.84
1846-1849     70-74     0.06688  0.28885  2.64   30199    8723  130421   278613   9.23
1846-1849     75-79     0.11995  0.45831  2.43   21476    9843   82054   148192   6.90
1846-1849     80-84     0.14278  0.52002  2.39   11633    6049   42367    66138   5.69
1846-1849     85-89     0.20514  0.65606  2.25    5584    3663   17857    23771   4.26
1846-1849     90-94     0.30865  0.79487  1.95    1920    1526    4946     5914   3.08
1846-1849     95-99     0.39543  0.87696  1.83     394     345     874      968   2.46
1846-1849    100-104    0.50734  0.93370  1.62      48      45      89       94   1.95
1846-1849    105-109    0.61871  0.96431  1.43       3       3       5        5   1.61
1846-1849    110+       0.70512  1.00000  1.42       0       0       0        0   1.42
1850-1854        0      0.10208  0.09548  0.32  100000    9548   93529  4944724  49.45
1850-1854      1-4      0.02123  0.08056  1.45   90452    7287  343244  4851196  53.63
1850-1854      5-9      0.00602  0.02959  2.13   83166    2461  408763  4507952  54.20
1850-1854     10-14     0.00416  0.02058  2.50   80705    1661  399367  4099189  50.79
1850-1854     15-19     0.00512  0.02531  2.70   79044    2000  390613  3699822  46.81
1850-1854     20-24     0.00761  0.03734  2.48   77043    2877  377965  3309209  42.95
1850-1854     25-29     0.00758  0.03719  2.50   74166    2759  363939  2931244  39.52
1850-1854     30-34     0.00851  0.04166  2.49   71408    2975  349565  2567305  35.95
1850-1854     35-39     0.01035  0.05049  2.56   68433    3455  333752  2217740  32.41
1850-1854     40-44     0.01121  0.05452  2.46   64978    3542  315892  1883988  28.99
1850-1854     45-49     0.01217  0.05909  2.59   61436    3630  298430  1568096  25.52
1850-1854     50-54     0.01582  0.07617  2.59   57805    4403  278398  1269667  21.96
1850-1854     55-59     0.02069  0.09847  2.55   53402    5259  254149   991269  18.56
1850-1854     60-64     0.02951  0.13790  2.63   48143    6639  224977   737120  15.31
1850-1854     65-69     0.04399  0.19859  2.55   41504    8242  187358   512143  12.34
1850-1854     70-74     0.06233  0.27044  2.55   33262    8995  144307   324784   9.76
1850-1854     75-79     0.10909  0.42800  2.48   24267   10386   95204   180477   7.44
1850-1854     80-84     0.12676  0.47911  2.45   13881    6650   52463    85273   6.14
1850-1854     85-89     0.18944  0.62452  2.27    7230    4515   23836    32811   4.54
1850-1854     90-94     0.28060  0.77067  2.08    2715    2092    7456     8975   3.31
1850-1854     95-99     0.39771  0.87988  1.83     623     548    1377     1519   2.44
1850-1854    100-104    0.52281  0.94009  1.59      75      70     134      141   1.89
1850-1854    105-109    0.64592  0.96985  1.39       4       4       7        7   1.54
1850-1854    110+       0.73938  1.00000  1.35       0       0       0        0   1.35
1855-1859        0      0.09776  0.09165  0.32  100000    9165   93747  5049591  50.50
1855-1859      1-4      0.02170  0.08225  1.46   90835    7471  344347  4955844  54.56
1855-1859      5-9      0.00598  0.02938  2.15   83364    2449  409848  4611497  55.32
1855-1859     10-14     0.00390  0.01929  2.46   80915    1560  400609  4201649  51.93
1855-1859     15-19     0.00498  0.02464  2.71   79354    1955  392296  3801040  47.90
1855-1859     20-24     0.00718  0.03525  2.48   77399    2729  380116  3408744  44.04
1855-1859     25-29     0.00698  0.03431  2.50   74671    2562  366946  3028629  40.56
1855-1859     30-34     0.00799  0.03916  2.51   72109    2824  353517  2661683  36.91
1855-1859     35-39     0.00898  0.04390  2.51   69285    3042  338856  2308166  33.31
1855-1859     40-44     0.01011  0.04933  2.59   66243    3268  323355  1969309  29.73
1855-1859     45-49     0.01229  0.05964  2.51   62976    3756  305523  1645954  26.14
1855-1859     50-54     0.01361  0.06588  2.59   59220    3902  286708  1340431  22.63
1855-1859     55-59     0.01888  0.09031  2.59   55318    4996  264567  1053724  19.05
1855-1859     60-64     0.02752  0.12903  2.59   50323    6493  235966   789157  15.68
1855-1859     65-69     0.04080  0.18551  2.56   43830    8131  199297   553190  12.62
1855-1859     70-74     0.06140  0.26745  2.59   35699    9548  155510   353893   9.91
1855-1859     75-79     0.10154  0.40437  2.48   26151   10575  104147   198383   7.59
1855-1859     80-84     0.12481  0.47327  2.45   15576    7372   59065    94235   6.05
1855-1859     85-89     0.20502  0.65654  2.26    8205    5387   26274    35171   4.29
1855-1859     90-94     0.29605  0.78898  2.04    2818    2223    7510     8896   3.16
1855-1859     95-99     0.41743  0.89305  1.80     595     531    1272     1387   2.33
1855-1859    100-104    0.55038  0.94908  1.55      64      60     110      114   1.80
1855-1859    105-109    0.67784  0.97501  1.35       3       3       5        5   1.47
1855-1859    110+       0.77190  1.00000  1.30       0       0       0        0   1.30
1860-1864        0      0.11049  0.10292  0.33  100000   10292   93144  4718388  47.18
1860-1864      1-4      0.03254  0.12029  1.48   89708   10791  331594  4625244  51.56
1860-1864      5-9      0.00947  0.04609  2.18   78918    3638  384317  4293650  54.41
1860-1864     10-14     0.00451  0.02228  2.51   75280    1677  372221  3909334  51.93
1860-1864     15-19     0.00603  0.02975  2.63   73603    2189  362835  3537113  48.06
1860-1864     20-24     0.00759  0.03725  2.48   71413    2660  350370  3174278  44.45
1860-1864     25-29     0.00725  0.03559  2.50   68753    2447  337640  2823908  41.07
1860-1864     30-34     0.00779  0.03817  2.47   66307    2531  325121  2486268  37.50
1860-1864     35-39     0.00817  0.04004  2.56   63775    2554  312635  2161146  33.89
1860-1864     40-44     0.00937  0.04578  2.50   61222    2803  299100  1848511  30.19
1860-1864     45-49     0.01161  0.05647  2.63   58419    3299  284273  1549412  26.52
1860-1864     50-54     0.01386  0.06699  2.54   55120    3693  266500  1265139  22.95
1860-1864     55-59     0.01749  0.08393  2.61   51427    4316  246802   998639  19.42
1860-1864     60-64     0.02603  0.12252  2.61   47111    5772  221764   751837  15.96
1860-1864     65-69     0.04021  0.18313  2.57   41339    7571  188270   530073  12.82
1860-1864     70-74     0.05826  0.25539  2.59   33768    8624  148030   341803  10.12
1860-1864     75-79     0.09330  0.37893  2.52   25144    9528  102124   193773   7.71
1860-1864     80-84     0.13692  0.50326  2.37   15616    7859   57398    91649   5.87
1860-1864     85-89     0.20023  0.64784  2.28    7757    5025   25098    34251   4.42
1860-1864     90-94     0.27762  0.76944  2.10    2732    2102    7571     9152   3.35
1860-1864     95-99     0.38625  0.87075  1.85     630     548    1420     1581   2.51
1860-1864    100-104    0.49944  0.93091  1.63      81      76     152      161   1.98
1860-1864    105-109    0.61363  0.96342  1.44       6       5       9        9   1.62
1860-1864    110+       0.70288  1.00000  1.42       0       0       0        0   1.42
1865-1869        0      0.10673  0.09959  0.33  100000    9959   93311  4892087  48.92
1865-1869      1-4      0.02501  0.09401  1.43   90041    8465  338452  4798777  53.30
1865-1869      5-9      0.00655  0.03214  2.21   81577    2622  400561  4460325  54.68
1865-1869     10-14     0.00416  0.02059  2.47   78954    1625  390661  4059764  51.42
1865-1869     15-19     0.00553  0.02729  2.65   77329    2110  381683  3669103  47.45
1865-1869     20-24     0.00743  0.03651  2.55   75219    2746  369371  3287420  43.70
1865-1869     25-29     0.00829  0.04061  2.48   72473    2943  354942  2918049  40.26
1865-1869     30-34     0.00791  0.03876  2.51   69530    2695  340936  2563107  36.86
1865-1869     35-39     0.00911  0.04452  2.52   66835    2976  326789  2222171  33.25
1865-1869     40-44     0.01003  0.04891  2.51   63859    3123  311523  1895382  29.68
1865-1869     45-49     0.01110  0.05401  2.53   60736    3280  295580  1583858  26.08
1865-1869     50-54     0.01459  0.07052  2.63   57456    4051  277683  1288279  22.42
1865-1869     55-59     0.02047  0.09747  2.56   53404    5205  254312  1010595  18.92
1865-1869     60-64     0.02660  0.12505  2.61   48199    6027  226584   756284  15.69
1865-1869     65-69     0.04148  0.18850  2.58   42171    7949  191629   529699  12.56
1865-1869     70-74     0.06317  0.27335  2.54   34222    9355  148078   338071   9.88
1865-1869     75-79     0.09431  0.38134  2.49   24867    9483  100547   189993   7.64
1865-1869     80-84     0.14211  0.51764  2.38   15385    7964   56039    89446   5.81
1865-1869     85-89     0.19481  0.63235  2.23    7421    4693   24088    33407   4.50
1865-1869     90-94     0.27320  0.76265  2.10    2728    2081    7616     9319   3.42
1865-1869     95-99     0.36771  0.85570  1.88     648     554    1507     1703   2.63
1865-1869    100-104    0.46907  0.91728  1.68      93      86     183      196   2.10
1865-1869    105-109    0.57315  0.95351  1.50       8       7      13       13   1.73
1865-1869    110+       0.65601  1.00000  1.52       0       0       1        1   1.52
1870-1874        0      0.10319  0.09645  0.32  100000    9645   93476  4958163  49.58
1870-1874      1-4      0.02400  0.09047  1.46   90355    8175  340646  4864687  53.84
1870-1874      5-9      0.00648  0.03179  2.14   82180    2612  403421  4524042  55.05
1870-1874     10-14     0.00398  0.01969  2.46   79568    1567  393865  4120621  51.79
1870-1874     15-19     0.00546  0.02698  2.67   78001    2104  385101  3726755  47.78
1870-1874     20-24     0.00754  0.03700  2.54   75897    2808  372588  3341655  44.03
1870-1874     25-29     0.00792  0.03884  2.49   73088    2839  358320  2969066  40.62
1870-1874     30-34     0.00819  0.04014  2.49   70250    2820  344184  2610746  37.16
1870-1874     35-39     0.00897  0.04389  2.53   67430    2960  329828  2266562  33.61
1870-1874     40-44     0.00955  0.04662  2.50   64470    3006  314843  1936734  30.04
1870-1874     45-49     0.01135  0.05525  2.60   61465    3396  299185  1621891  26.39
1870-1874     50-54     0.01396  0.06745  2.52   58069    3917  280612  1322706  22.78
1870-1874     55-59     0.01874  0.08968  2.62   54152    4857  259188  1042094  19.24
1870-1874     60-64     0.02704  0.12675  2.53   49296    6248  231047   782906  15.88
1870-1874     65-69     0.03994  0.18227  2.60   43047    7846  196440   551859  12.82
1870-1874     70-74     0.05905  0.25761  2.53   35201    9068  153582   355418  10.10
1870-1874     75-79     0.09384  0.38171  2.56   26133    9975  106295   201837   7.72
1870-1874     80-84     0.13581  0.50166  2.40   16158    8106   59684    95541   5.91
1870-1874     85-89     0.20229  0.64730  2.22    8052    5212   25765    35857   4.45
1870-1874     90-94     0.25644  0.73834  2.13    2840    2097    8177    10092   3.55
1870-1874     95-99     0.37550  0.86236  1.87     743     641    1707     1915   2.58
1870-1874    100-104    0.48304  0.92386  1.66     102      94     196      209   2.04
1870-1874    105-109    0.59212  0.95843  1.47       8       7      13       13   1.68
1870-1874    110+       0.67796  1.00000  1.48       0       0       0        0   1.48
1875-1879        0      0.10427  0.09741  0.32  100000    9741   93421  4978405  49.78
1875-1879      1-4      0.02368  0.08928  1.42   90259    8058  340268  4884984  54.12
1875-1879      5-9      0.00662  0.03247  2.18   82201    2669  403475  4544716  55.29
1875-1879     10-14     0.00417  0.02064  2.47   79531    1641  393506  4141241  52.07
1875-1879     15-19     0.00580  0.02860  2.68   77890    2227  384274  3747735  48.12
1875-1879     20-24     0.00766  0.03758  2.51   75662    2844  371229  3363460  44.45
1875-1879     25-29     0.00803  0.03934  2.51   72819    2865  356946  2992231  41.09
1875-1879     30-34     0.00798  0.03913  2.49   69954    2737  342886  2635285  37.67
1875-1879     35-39     0.00904  0.04420  2.54   67217    2971  328771  2292399  34.10
1875-1879     40-44     0.00968  0.04726  2.51   64246    3036  313680  1963628  30.56
1875-1879     45-49     0.01108  0.05394  2.58   61210    3302  298067  1649949  26.96
1875-1879     50-54     0.01315  0.06369  2.56   57908    3688  280525  1351882  23.35
1875-1879     55-59     0.01731  0.08307  2.60   54220    4504  260267  1071357  19.76
1875-1879     60-64     0.02454  0.11594  2.63   49715    5764  234923   811090  16.31
1875-1879     65-69     0.03774  0.17319  2.63   43951    7612  201687   576167  13.11
1875-1879     70-74     0.05720  0.25098  2.56   36339    9120  159442   374480  10.31
1875-1879     75-79     0.08851  0.36254  2.51   27219    9868  111482   215038   7.90
1875-1879     80-84     0.13297  0.49435  2.41   17351    8578   64507   103556   5.97
1875-1879     85-89     0.19819  0.64366  2.28    8774    5647   28494    39049   4.45
1875-1879     90-94     0.27422  0.76176  2.08    3126    2382    8685    10555   3.38
1875-1879     95-99     0.38593  0.87072  1.85     745     649    1680     1870   2.51
1875-1879    100-104    0.50064  0.93145  1.63      96      90     179      190   1.97
1875-1879    105-109    0.61560  0.96384  1.44       7       6      10       11   1.62
1875-1879    110+       0.70488  1.00000  1.42       0       0       0        0   1.42
1880-1884        0      0.09873  0.09251  0.32  100000    9251   93699  4998528  49.99
1880-1884      1-4      0.02436  0.09183  1.50   90749    8333  342130  4904829  54.05
1880-1884      5-9      0.00754  0.03691  2.11   82416    3042  403273  4562699  55.36
1880-1884     10-14     0.00446  0.02205  2.49   79374    1751  392485  4159426  52.40
1880-1884     15-19     0.00578  0.02850  2.67   77624    2212  382953  3766942  48.53
1880-1884     20-24     0.00760  0.03727  2.52   75411    2811  370076  3383989  44.87
1880-1884     25-29     0.00775  0.03802  2.49   72600    2761  356080  3013913  41.51
1880-1884     30-34     0.00794  0.03892  2.48   69840    2718  342348  2657833  38.06
1880-1884     35-39     0.00853  0.04178  2.50   67121    2804  328607  2315484  34.50
1880-1884     40-44     0.00929  0.04542  2.52   64317    2921  314341  1986877  30.89
1880-1884     45-49     0.01051  0.05123  2.58   61396    3145  299358  1672537  27.24
1880-1884     50-54     0.01329  0.06436  2.55   58250    3749  282052  1373178  23.57
1880-1884     55-59     0.01652  0.07944  2.58   54502    4330  262018  1091127  20.02
1880-1884     60-64     0.02419  0.11440  2.63   50172    5740  237243   829109  16.53
1880-1884     65-69     0.03605  0.16584  2.59   44432    7369  204410   591866  13.32
1880-1884     70-74     0.05376  0.23755  2.55   37064    8805  163766   387456  10.45
1880-1884     75-79     0.08582  0.35333  2.50   28259    9985  116340   223690   7.92
1880-1884     80-84     0.13483  0.50041  2.42   18274    9145   67821   107350   5.87
1880-1884     85-89     0.20529  0.65529  2.24    9130    5983   29142    39529   4.33
1880-1884     90-94     0.28057  0.77259  2.09    3147    2431    8666    10387   3.30
1880-1884     95-99     0.40429  0.88372  1.82     716     632    1564     1721   2.40
1880-1884    100-104    0.52528  0.94060  1.59      83      78     149      157   1.88
1880-1884    105-109    0.64400  0.96936  1.39       5       5       7        8   1.55
1880-1884    110+       0.73442  1.00000  1.36       0       0       0        0   1.36
1885-1889        0      0.09327  0.08759  0.30  100000    8759   93911  5075896  50.76
1885-1889      1-4      0.02298  0.08692  1.49   91241    7930  345087  4981984  54.60
1885-1889      5-9      0.00741  0.03626  2.15   83311    3021  407955  4636897  55.66
1885-1889     10-14     0.00461  0.02280  2.45   80290    1831  396771  4228942  52.67
1885-1889     15-19     0.00585  0.02888  2.69   78459    2266  387055  3832171  48.84
1885-1889     20-24     0.00785  0.03851  2.52   76193    2934  373701  3445116  45.22
1885-1889     25-29     0.00814  0.03986  2.47   73259    2920  358916  3071415  41.93
1885-1889     30-34     0.00797  0.03907  2.50   70339    2748  344830  2712499  38.56
1885-1889     35-39     0.00842  0.04121  2.49   67591    2786  330975  2367668  35.03
1885-1889     40-44     0.00872  0.04266  2.51   64805    2765  317134  2036694  31.43
1885-1889     45-49     0.00973  0.04753  2.56   62040    2949  302996  1719559  27.72
1885-1889     50-54     0.01230  0.05973  2.58   59091    3530  286922  1416563  23.97
1885-1889     55-59     0.01605  0.07721  2.56   55562    4290  267324  1129642  20.33
1885-1889     60-64     0.02259  0.10720  2.62   51272    5497  243291   862318  16.82
1885-1889     65-69     0.03440  0.15880  2.58   45775    7269  211293   619028  13.52
1885-1889     70-74     0.05209  0.23164  2.61   38506    8919  171223   407735  10.59
1885-1889     75-79     0.08200  0.34086  2.53   29587   10085  122992   236512   7.99
1885-1889     80-84     0.13278  0.49463  2.42   19502    9646   72646   113520   5.82
1885-1889     85-89     0.21405  0.67208  2.23    9856    6624   30945    40874   4.15
1885-1889     90-94     0.30411  0.79604  2.01    3232    2573    8460     9929   3.07
1885-1889     95-99     0.43846  0.90509  1.76     659     597    1361     1469   2.23
1885-1889    100-104    0.57400  0.95552  1.51      63      60     104      108   1.73
1885-1889    105-109    0.70098  0.97811  1.31       3       3       4        4   1.42
1885-1889    110+       0.79275  1.00000  1.26       0       0       0        0   1.26
1890-1894        0      0.09562  0.08972  0.31  100000    8972   93825  5000571  50.01
1890-1894      1-4      0.02201  0.08336  1.45   91028    7588  344732  4906746  53.90
1890-1894      5-9      0.00709  0.03475  2.21   83441    2899  409104  4562015  54.67
1890-1894     10-14     0.00481  0.02377  2.50   80541    1915  397921  4152911  51.56
1890-1894     15-19     0.00681  0.03351  2.67   78626    2635  386985  3754990  47.76
1890-1894     20-24     0.00869  0.04254  2.49   75992    3232  371833  3368005  44.32
1890-1894     25-29     0.00855  0.04185  2.47   72759    3045  356082  2996172  41.18
1890-1894     30-34     0.00869  0.04251  2.50   69715    2963  341152  2640090  37.87
1890-1894     35-39     0.00898  0.04391  2.52   66751    2931  326487  2298938  34.44
1890-1894     40-44     0.00983  0.04799  2.49   63820    3063  311413  1972452  30.91
1890-1894     45-49     0.01054  0.05137  2.55   60758    3121  296153  1661039  27.34
1890-1894     50-54     0.01301  0.06308  2.57   57636    3636  279349  1364886  23.68
1890-1894     55-59     0.01651  0.07934  2.56   54001    4285  259544  1085538  20.10
1890-1894     60-64     0.02399  0.11342  2.60   49716    5639  235029   825994  16.61
1890-1894     65-69     0.03429  0.15831  2.58   44078    6978  203495   590965  13.41
1890-1894     70-74     0.05380  0.23822  2.60   37100    8838  164268   387470  10.44
1890-1894     75-79     0.08454  0.34944  2.52   28262    9876  116814   223201   7.90
1890-1894     80-84     0.13336  0.49600  2.42   18386    9119   68381   106387   5.79
1890-1894     85-89     0.21585  0.67910  2.27    9266    6293   29153    38006   4.10
1890-1894     90-94     0.31599  0.81459  2.03    2974    2422    7666     8853   2.98
1890-1894     95-99     0.45491  0.91379  1.73     551     504    1107     1187   2.15
1890-1894    100-104    0.59409  0.96040  1.48      48      46      77       79   1.67
1890-1894    105-109    0.72084  0.98047  1.29       2       2       3        3   1.38
1890-1894    110+       0.81014  1.00000  1.23       0       0       0        0   1.23
1895-1899        0      0.09432  0.08854  0.31  100000    8854   93879  5315594  53.16
1895-1899      1-4      0.01606  0.06159  1.32   91146    5614  349550  5221715  57.29
1895-1899      5-9      0.00448  0.02213  2.26   85532    1893  422473  4872165  56.96
1895-1899     10-14     0.00366  0.01815  2.56   83639    1518  414496  4449692  53.20
1895-1899     15-19     0.00616  0.03037  2.69   82121    2494  404852  4035196  49.14
1895-1899     20-24     0.00815  0.03992  2.48   79627    3179  390129  3630343  45.59
1895-1899     25-29     0.00819  0.04013  2.48   76448    3068  374502  3240214  42.38
1895-1899     30-34     0.00776  0.03804  2.43   73380    2791  359737  2865712  39.05
1895-1899     35-39     0.00816  0.04000  2.52   70589    2824  345940  2505976  35.50
1895-1899     40-44     0.00879  0.04301  2.50   67765    2914  331527  2160036  31.88
1895-1899     45-49     0.00954  0.04662  2.55   64851    3023  316853  1828509  28.20
1895-1899     50-54     0.01163  0.05655  2.56   61828    3497  300602  1511656  24.45
1895-1899     55-59     0.01512  0.07299  2.61   58331    4257  281485  1211054  20.76
1895-1899     60-64     0.02133  0.10156  2.64   54074    5492  257413   929569  17.19
1895-1899     65-69     0.03230  0.14977  2.58   48582    7276  225269   672156  13.84
1895-1899     70-74     0.04954  0.22146  2.61   41306    9148  184645   446887  10.82
1895-1899     75-79     0.08080  0.33648  2.52   32158   10821  133916   262242   8.15
1895-1899     80-84     0.12763  0.48127  2.45   21338   10269   80462   128326   6.01
1895-1899     85-89     0.20024  0.64947  2.30   11068    7189   35900    47864   4.32
1895-1899     90-94     0.30430  0.80394  2.07    3880    3119   10250    11964   3.08
1895-1899     95-99     0.43320  0.90239  1.77     761     686    1585     1714   2.25
1895-1899    100-104    0.56975  0.95447  1.52      74      71     124      129   1.74
1895-1899    105-109    0.69741  0.97766  1.32       3       3       5        5   1.43
1895-1899    110+       0.78951  1.00000  1.27       0       0       0        0   1.27
1900-1904        0      0.07837  0.07410  0.26  100000    7410   94552  5511218  55.11
1900-1904      1-4      0.01298  0.05018  1.31   92590    4646  357857  5416666  58.50
1900-1904      5-9      0.00370  0.01833  2.33   87944    1612  435410  5058809  57.52
1900-1904     10-14     0.00344  0.01707  2.58   86332    1473  428095  4623399  53.55
1900-1904     15-19     0.00604  0.02981  2.73   84859    2530  418539  4195303  49.44
1900-1904     20-24     0.00799  0.03916  2.50   82329    3224  403585  3776764  45.87
1900-1904     25-29     0.00764  0.03747  2.46   79105    2964  388005  3373179  42.64
1900-1904     30-34     0.00759  0.03725  2.48   76140    2837  373551  2985173  39.21
1900-1904     35-39     0.00786  0.03856  2.51   73304    2827  359485  2611622  35.63
1900-1904     40-44     0.00847  0.04149  2.52   70477    2924  345126  2252137  31.96
1900-1904     45-49     0.00942  0.04605  2.52   67553    3111  330065  1907011  28.23
1900-1904     50-54     0.01179  0.05731  2.56   64442    3693  313183  1576946  24.47
1900-1904     55-59     0.01483  0.07159  2.58   60749    4349  293222  1263763  20.80
1900-1904     60-64     0.02131  0.10135  2.59   56400    5716  268252   970542  17.21
1900-1904     65-69     0.03190  0.14824  2.61   50684    7513  235488   702290  13.86
1900-1904     70-74     0.04949  0.22117  2.60   43171    9548  192912   466801  10.81
1900-1904     75-79     0.07988  0.33327  2.52   33623   11205  140275   273889   8.15
1900-1904     80-84     0.12854  0.48437  2.46   22417   10858   84474   133614   5.96
1900-1904     85-89     0.20654  0.66235  2.29   11559    7656   37068    49139   4.25
1900-1904     90-94     0.30154  0.80089  2.07    3903    3126   10366    12072   3.09
1900-1904     95-99     0.44548  0.90918  1.75     777     707    1586     1706   2.19
1900-1904    100-104    0.58537  0.95846  1.49      71      68     116      120   1.70
1900-1904    105-109    0.71390  0.97971  1.30       3       3       4        4   1.40
1900-1904    110+       0.80498  1.00000  1.24       0       0       0        0   1.24
1905-1909        0      0.06905  0.06560  0.24  100000    6560   95006  5644210  56.44
1905-1909      1-4      0.01109  0.04311  1.35   93440    4028  363101  5549204  59.39
1905-1909      5-9      0.00367  0.01815  2.31   89412    1623  442692  5186103  58.00
1905-1909     10-14     0.00339  0.01681  2.58   87789    1476  435373  4743411  54.03
1905-1909     15-19     0.00582  0.02871  2.74   86314    2478  425976  4308038  49.91
1905-1909     20-24     0.00784  0.03846  2.50   83835    3224  411116  3882062  46.31
1905-1909     25-29     0.00752  0.03689  2.47   80611    2974  395522  3470946  43.06
1905-1909     30-34     0.00729  0.03579  2.51   77638    2779  381262  3075424  39.61
1905-1909     35-39     0.00754  0.03700  2.48   74859    2770  367302  2694162  35.99
1905-1909     40-44     0.00796  0.03904  2.55   72089    2814  353558  2326860  32.28
1905-1909     45-49     0.00897  0.04387  2.56   69275    3039  338955  1973302  28.48
1905-1909     50-54     0.01129  0.05494  2.56   66236    3639  322302  1634346  24.67
1905-1909     55-59     0.01455  0.07027  2.57   62597    4399  302299  1312044  20.96
1905-1909     60-64     0.02048  0.09770  2.65   58198    5686  277648  1009746  17.35
1905-1909     65-69     0.03162  0.14705  2.62   52513    7722  244179   732098  13.94
1905-1909     70-74     0.04865  0.21768  2.59   44791    9750  200412   487919  10.89
1905-1909     75-79     0.07974  0.33355  2.55   35040   11688  146570   287507   8.21
1905-1909     80-84     0.12539  0.47409  2.43   23353   11071   88297   140938   6.04
1905-1909     85-89     0.20216  0.65302  2.29   12282    8020   39672    52641   4.29
1905-1909     90-94     0.30883  0.80938  2.06    4261    3449   11168    12969   3.04
1905-1909     95-99     0.44073  0.90681  1.76     812     737    1671     1801   2.22
1905-1909    100-104    0.58154  0.95762  1.50      76      72     125      129   1.71
1905-1909    105-109    0.71164  0.97949  1.30       3       3       4        4   1.40
1905-1909    110+       0.80401  1.00000  1.24       0       0       0        0   1.24
1910-1914        0      0.06228  0.05939  0.22  100000    5939   95368  5796521  57.97
1910-1914      1-4      0.00952  0.03714  1.34   94061    3493  366963  5701153  60.61
1910-1914      5-9      0.00329  0.01631  2.33   90568    1477  448894  5334190  58.90
1910-1914     10-14     0.00292  0.01450  2.62   89090    1291  442370  4885296  54.84
1910-1914     15-19     0.00530  0.02620  2.72   87799    2301  433755  4442926  50.60
1910-1914     20-24     0.00715  0.03513  2.51   85498    3004  420014  4009171  46.89
1910-1914     25-29     0.00704  0.03456  2.46   82494    2851  405231  3589156  43.51
1910-1914     30-34     0.00646  0.03180  2.48   79643    2533  391832  3183925  39.98
1910-1914     35-39     0.00705  0.03462  2.53   77110    2670  378947  2792093  36.21
1910-1914     40-44     0.00770  0.03777  2.52   74441    2812  365236  2413146  32.42
1910-1914     45-49     0.00861  0.04217  2.55   71629    3020  350741  2047910  28.59
1910-1914     50-54     0.01089  0.05305  2.55   68608    3639  334114  1697169  24.74
1910-1914     55-59     0.01483  0.07160  2.59   64969    4652  313617  1363055  20.98
1910-1914     60-64     0.02074  0.09883  2.61   60317    5961  287352  1049438  17.40
1910-1914     65-69     0.03085  0.14372  2.62   54356    7812  253185   762087  14.02
1910-1914     70-74     0.04900  0.21921  2.60   46544   10203  208215   508902  10.93
1910-1914     75-79     0.07763  0.32595  2.54   36341   11846  152595   300686   8.27
1910-1914     80-84     0.12594  0.47619  2.44   24496   11665   92621   148092   6.05
1910-1914     85-89     0.19898  0.64561  2.28   12831    8284   41631    55471   4.32
1910-1914     90-94     0.30965  0.81265  2.08    4547    3695   11934    13840   3.04
1910-1914     95-99     0.43642  0.90439  1.76     852     770    1765     1906   2.24
1910-1914    100-104    0.57569  0.95612  1.51      81      78     135      140   1.72
1910-1914    105-109    0.70519  0.97869  1.31       4       3       5        5   1.41
1910-1914    110+       0.79782  1.00000  1.25       0       0       0        0   1.25
1915-1919        0      0.06126  0.05845  0.22  100000    5845   95425  5589460  55.89
1915-1919      1-4      0.00993  0.03870  1.39   94155    3644  367102  5494034  58.35
1915-1919      5-9      0.00349  0.01727  2.33   90510    1563  448382  5126932  56.64
1915-1919     10-14     0.00324  0.01608  2.63   88947    1430  441353  4678550  52.60
1915-1919     15-19     0.00668  0.03293  2.76   87517    2882  431120  4237198  48.42
1915-1919     20-24     0.00948  0.04631  2.53   84635    3920  413479  3806077  44.97
1915-1919     25-29     0.00951  0.04640  2.45   80715    3745  394028  3392598  42.03
1915-1919     30-34     0.00871  0.04262  2.44   76970    3280  376456  2998570  38.96
1915-1919     35-39     0.00820  0.04019  2.51   73690    2962  361061  2622114  35.58
1915-1919     40-44     0.00821  0.04026  2.53   70728    2847  346604  2261053  31.97
1915-1919     45-49     0.00938  0.04586  2.55   67881    3113  331790  1914450  28.20
1915-1919     50-54     0.01131  0.05503  2.56   64767    3564  315140  1582660  24.44
1915-1919     55-59     0.01498  0.07233  2.62   61203    4427  295460  1267520  20.71
1915-1919     60-64     0.02090  0.09950  2.59   56777    5649  270279   972059  17.12
1915-1919     65-69     0.03199  0.14864  2.62   51128    7600  237546   701781  13.73
1915-1919     70-74     0.05028  0.22430  2.60   43528    9764  194190   464234  10.67
1915-1919     75-79     0.08263  0.34301  2.53   33765   11582  140167   270044   8.00
1915-1919     80-84     0.13247  0.49424  2.43   22183   10964   82767   129877   5.85
1915-1919     85-89     0.20875  0.66422  2.26   11219    7452   35697    47110   4.20
1915-1919     90-94     0.31081  0.81181  2.06    3767    3058    9840    11413   3.03
1915-1919     95-99     0.44035  0.90616  1.75     709     642    1459     1573   2.22
1915-1919    100-104    0.57655  0.95616  1.51      67      64     110      114   1.72
1915-1919    105-109    0.70332  0.97839  1.31       3       3       4        4   1.42
1915-1919    110+       0.79449  1.00000  1.26       0       0       0        0   1.26
1920-1924        0      0.04991  0.04797  0.19  100000    4797   96097  6101562  61.02
1920-1924      1-4      0.00685  0.02689  1.32   95203    2560  373948  6005466  63.08
1920-1924      5-9      0.00222  0.01102  2.37   92643    1021  460531  5631518  60.79
1920-1924     10-14     0.00221  0.01100  2.66   91622    1008  455750  5170987  56.44
1920-1924     15-19     0.00473  0.02342  2.78   90615    2122  448362  4715237  52.04
1920-1924     20-24     0.00643  0.03162  2.48   88493    2798  435420  4266875  48.22
1920-1924     25-29     0.00594  0.02926  2.48   85694    2507  422150  3831455  44.71
1920-1924     30-34     0.00571  0.02814  2.48   83187    2341  410029  3409305  40.98
1920-1924     35-39     0.00578  0.02851  2.51   80847    2305  398492  2999276  37.10
1920-1924     40-44     0.00635  0.03127  2.56   78542    2456  386707  2600784  33.11
1920-1924     45-49     0.00773  0.03795  2.56   76085    2888  373390  2214077  29.10
1920-1924     50-54     0.00995  0.04861  2.63   73198    3558  357539  1840687  25.15
1920-1924     55-59     0.01339  0.06489  2.61   69639    4519  337387  1483149  21.30
1920-1924     60-64     0.01990  0.09503  2.63   65120    6189  310935  1145761  17.59
1920-1924     65-69     0.02988  0.13944  2.61   58931    8217  275007   834827  14.17
1920-1924     70-74     0.04765  0.21365  2.58   50714   10835  227401   559820  11.04
1920-1924     75-79     0.07743  0.32523  2.54   39879   12970  167508   332418   8.34
1920-1924     80-84     0.12332  0.46861  2.44   26909   12610  102249   164910   6.13
1920-1924     85-89     0.19692  0.64364  2.31   14299    9204   46738    62661   4.38
1920-1924     90-94     0.29952  0.79663  2.06    5096    4059   13553    15923   3.12
1920-1924     95-99     0.42624  0.89866  1.78    1036     931    2185     2369   2.29
1920-1924    100-104    0.56417  0.95313  1.53     105     100     177      184   1.76
1920-1924    105-109    0.69421  0.97732  1.32       5       5       7        7   1.44
1920-1924    110+       0.78834  1.00000  1.27       0       0       0        0   1.27
1925-1929        0      0.04671  0.04498  0.18  100000    4498   96301  6288896  62.89
1925-1929      1-4      0.00526  0.02075  1.31   95502    1982  376668  6192595  64.84
1925-1929      5-9      0.00169  0.00841  2.38   93520     787  465535  5815927  62.19
1925-1929     10-14     0.00169  0.00842  2.71   92733     781  461881  5350391  57.70
1925-1929     15-19     0.00366  0.01816  2.75   91952    1670  456002  4888510  53.16
1925-1929     20-24     0.00532  0.02626  2.54   90282    2370  445569  4432509  49.10
1925-1929     25-29     0.00533  0.02632  2.47   87912    2314  433708  3986940  45.35
1925-1929     30-34     0.00478  0.02360  2.48   85598    2020  422901  3553233  41.51
1925-1929     35-39     0.00508  0.02508  2.53   83578    2096  412718  3130332  37.45
1925-1929     40-44     0.00596  0.02937  2.58   81482    2393  401613  2717613  33.35
1925-1929     45-49     0.00731  0.03592  2.58   79089    2841  388560  2316001  29.28
1925-1929     50-54     0.00963  0.04707  2.59   76248    3589  372597  1927440  25.28
1925-1929     55-59     0.01325  0.06422  2.63   72659    4666  352223  1554843  21.40
1925-1929     60-64     0.01955  0.09342  2.63   67993    6352  324913  1202620  17.69
1925-1929     65-69     0.02978  0.13909  2.64   61641    8574  287935   877707  14.24
1925-1929     70-74     0.04690  0.21073  2.59   53067   11183  238428   589772  11.11
1925-1929     75-79     0.07576  0.31936  2.54   41885   13376  176559   351344   8.39
1925-1929     80-84     0.12372  0.47002  2.44   28509   13400  108306   174786   6.13
1925-1929     85-89     0.19350  0.63414  2.28   15109    9581   49514    66479   4.40
1925-1929     90-94     0.30677  0.80368  2.04    5528    4443   14482    16965   3.07
1925-1929     95-99     0.42593  0.89839  1.78    1085     975    2289     2483   2.29
1925-1929    100-104    0.56290  0.95273  1.53     110     105     187      194   1.76
1925-1929    105-109    0.69204  0.97700  1.33       5       5       7        8   1.44
1925-1929    110+       0.78568  1.00000  1.27       0       0       0        0   1.27
1930-1934        0      0.04235  0.04091  0.17  100000    4091   96587  6489576  64.90
1930-1934      1-4      0.00440  0.01738  1.34   95909    1667  379206  6392990  66.66
1930-1934      5-9      0.00141  0.00703  2.38   94242     662  469474  6013784  63.81
1930-1934     10-14     0.00137  0.00681  2.59   93580     638  466363  5544309  59.25
1930-1934     15-19     0.00277  0.01376  2.77   92942    1279  461855  5077946  54.64
1930-1934     20-24     0.00405  0.02005  2.56   91663    1838  453840  4616092  50.36
1930-1934     25-29     0.00437  0.02162  2.48   89825    1942  444230  4162252  46.34
1930-1934     30-34     0.00433  0.02141  2.49   87884    1881  434704  3718022  42.31
1930-1934     35-39     0.00447  0.02212  2.52   86002    1903  425294  3283318  38.18
1930-1934     40-44     0.00510  0.02519  2.55   84100    2119  415315  2858024  33.98
1930-1934     45-49     0.00642  0.03159  2.59   81981    2590  403672  2442709  29.80
1930-1934     50-54     0.00877  0.04293  2.60   79391    3408  388786  2039037  25.68
1930-1934     55-59     0.01225  0.05953  2.62   75983    4523  369148  1650251  21.72
1930-1934     60-64     0.01829  0.08765  2.64   71460    6263  342503  1281103  17.93
1930-1934     65-69     0.02861  0.13404  2.65   65197    8739  305415   938600  14.40
1930-1934     70-74     0.04592  0.20697  2.62   56458   11685  254479   633185  11.22
1930-1934     75-79     0.07581  0.31939  2.54   44773   14300  188622   378706   8.46
1930-1934     80-84     0.11907  0.45630  2.44   30473   13905  116783   190084   6.24
1930-1934     85-89     0.19423  0.63624  2.29   16568   10541   54274    73301   4.42
1930-1934     90-94     0.29529  0.78859  2.05    6027    4753   16095    19027   3.16
1930-1934     95-99     0.42322  0.89704  1.79    1274    1143    2701     2932   2.30
1930-1934    100-104    0.56206  0.95262  1.53     131     125     222      231   1.76
1930-1934    105-109    0.69303  0.97719  1.33       6       6       9        9   1.44
1930-1934    110+       0.78776  1.00000  1.27       0       0       0        0   1.27
1935-1939        0      0.03887  0.03764  0.16  100000    3764   96824  6642571  66.43
1935-1939      1-4      0.00378  0.01495  1.34   96236    1439  381110  6545747  68.02
1935-1939      5-9      0.00121  0.00601  2.30   94797     570  472447  6164637  65.03
1935-1939     10-14     0.00114  0.00567  2.60   94227     535  469853  5692189  60.41
1935-1939     15-19     0.00205  0.01022  2.74   93693     957  466296  5222337  55.74
1935-1939     20-24     0.00301  0.01496  2.54   92735    1387  460265  4756041  51.29
1935-1939     25-29     0.00328  0.01628  2.50   91348    1488  453020  4295775  47.03
1935-1939     30-34     0.00348  0.01724  2.51   89860    1549  445443  3842755  42.76
1935-1939     35-39     0.00387  0.01918  2.55   88311    1694  437409  3397313  38.47
1935-1939     40-44     0.00456  0.02257  2.58   86617    1955  428346  2959904  34.17
1935-1939     45-49     0.00590  0.02910  2.62   84663    2464  417449  2531557  29.90
1935-1939     50-54     0.00828  0.04059  2.60   82199    3336  402994  2114109  25.72
1935-1939     55-59     0.01179  0.05736  2.66   78862    4524  383727  1711115  21.70
1935-1939     60-64     0.01803  0.08648  2.64   74338    6429  356508  1327387  17.86
1935-1939     65-69     0.02842  0.13311  2.62   67909    9040  318029   970879  14.30
1935-1939     70-74     0.04628  0.20836  2.61   58870   12266  265044   652850  11.09
1935-1939     75-79     0.07719  0.32494  2.57   46604   15144  196189   387807   8.32
1935-1939     80-84     0.12359  0.46938  2.44   31460   14767  119482   191617   6.09
1935-1939     85-89     0.20023  0.64820  2.28   16693   10821   54040    72135   4.32
1935-1939     90-94     0.30421  0.80004  2.04    5873    4698   15445    18095   3.08
1935-1939     95-99     0.43220  0.90204  1.77    1174    1059    2451     2651   2.26
1935-1939    100-104    0.57085  0.95488  1.52     115     110     192      200   1.74
1935-1939    105-109    0.70043  0.97810  1.32       5       5       7        7   1.42
1935-1939    110+       0.79355  1.00000  1.26       0       0       0        0   1.26
1940-1944        0      0.03644  0.03535  0.15  100000    3535   96992  6585851  65.86
1940-1944      1-4      0.00476  0.01880  1.48   96465    1813  381283  6488859  67.27
1940-1944      5-9      0.00182  0.00908  2.29   94652     859  470933  6107576  64.53
1940-1944     10-14     0.00150  0.00747  2.54   93793     701  467242  5636643  60.10
1940-1944     15-19     0.00254  0.01261  2.81   93092    1174  462894  5169401  55.53
1940-1944     20-24     0.00404  0.02000  2.55   91918    1838  455089  4706507  51.20
1940-1944     25-29     0.00393  0.01944  2.46   90080    1751  445961  4251418  47.20
1940-1944     30-34     0.00383  0.01895  2.49   88329    1673  437441  3805457  43.08
1940-1944     35-39     0.00424  0.02097  2.54   86656    1817  428801  3368016  38.87
1940-1944     40-44     0.00481  0.02378  2.58   84839    2017  419314  2939215  34.64
1940-1944     45-49     0.00609  0.03000  2.58   82821    2485  408088  2519901  30.43
1940-1944     50-54     0.00830  0.04068  2.60   80337    3268  393837  2111813  26.29
1940-1944     55-59     0.01130  0.05504  2.63   77069    4242  375285  1717976  22.29
1940-1944     60-64     0.01680  0.08083  2.66   72827    5886  350348  1342691  18.44
1940-1944     65-69     0.02627  0.12364  2.63   66941    8277  315060   992343  14.82
1940-1944     70-74     0.04224  0.19179  2.61   58664   11251  266387   677283  11.55
1940-1944     75-79     0.07142  0.30400  2.55   47413   14413  201818   410896   8.67
1940-1944     80-84     0.11696  0.45081  2.46   32999   14876  127190   209078   6.34
1940-1944     85-89     0.18826  0.62377  2.30   18123   11304   60047    81889   4.52
1940-1944     90-94     0.29103  0.78675  2.08    6818    5364   18432    21842   3.20
1940-1944     95-99     0.41458  0.89190  1.81    1454    1297    3128     3410   2.34
1940-1944    100-104    0.55281  0.95009  1.55     157     149     270      282   1.79
1940-1944    105-109    0.68471  0.97610  1.34       8       8      11       11   1.46
1940-1944    110+       0.78096  1.00000  1.28       0       0       0        0   1.28
1945-1949        0      0.03043  0.02965  0.13  100000    2965   97429  7006927  70.07
1945-1949      1-4      0.00315  0.01250  1.36   97035    1213  384943  6909498  71.21
1945-1949      5-9      0.00100  0.00497  2.24   95822     476  477798  6524555  68.09
1945-1949     10-14     0.00078  0.00388  2.65   95346     370  475861  6046757  63.42
1945-1949     15-19     0.00143  0.00711  2.77   94976     675  473378  5570897  58.66
1945-1949     20-24     0.00207  0.01032  2.60   94301     973  469166  5097519  54.06
1945-1949     25-29     0.00216  0.01074  2.52   93328    1002  464153  4628353  49.59
1945-1949     30-34     0.00225  0.01121  2.50   92326    1035  459044  4164199  45.10
1945-1949     35-39     0.00253  0.01257  2.60   91291    1148  453696  3705156  40.59
1945-1949     40-44     0.00337  0.01671  2.59   90143    1506  447092  3251460  36.07
1945-1949     45-49     0.00454  0.02245  2.61   88637    1989  438427  2804368  31.64
1945-1949     50-54     0.00642  0.03160  2.63   86648    2738  426739  2365940  27.31
1945-1949     55-59     0.00927  0.04537  2.63   83909    3807  410538  1939201  23.11
1945-1949     60-64     0.01449  0.07005  2.65   80103    5611  387324  1528664  19.08
1945-1949     65-69     0.02362  0.11192  2.66   74492    8337  352977  1141340  15.32
1945-1949     70-74     0.03950  0.18064  2.64   66154   11950  302534   788363  11.92
1945-1949     75-79     0.06651  0.28624  2.57   54204   15516  233291   485829   8.96
1945-1949     80-84     0.11167  0.43568  2.48   38689   16856  150948   252538   6.53
1945-1949     85-89     0.18113  0.60868  2.31   21833   13289   73366   101590   4.65
1945-1949     90-94     0.27983  0.77267  2.10    8544    6601   23591    28225   3.30
1945-1949     95-99     0.40674  0.88719  1.82    1942    1723    4236     4634   2.39
1945-1949    100-104    0.54592  0.94821  1.56     219     208     381      397   1.81
1945-1949    105-109    0.67964  0.97545  1.35      11      11      16       17   1.47
1945-1949    110+       0.77753  1.00000  1.29       0       0       0        0   1.29
1950-1954        0      0.02275  0.02230  0.11  100000    2230   98019  7262002  72.62
1950-1954      1-4      0.00189  0.00753  1.37   97770     736  389146  7163983  73.27
1950-1954      5-9      0.00065  0.00324  2.27   97034     314  484316  6774837  69.82
1950-1954     10-14     0.00049  0.00244  2.53   96720     236  483018  6290521  65.04
1950-1954     15-19     0.00076  0.00381  2.73   96484     368  481587  5807503  60.19
1950-1954     20-24     0.00107  0.00536  2.48   96117     515  479286  5325916  55.41
1950-1954     25-29     0.00117  0.00585  2.55   95602     560  476637  4846630  50.70
1950-1954     30-34     0.00133  0.00664  2.56   95042     631  473670  4369994  45.98
1950-1954     35-39     0.00171  0.00850  2.58   94411     803  470114  3896323  41.27
1950-1954     40-44     0.00238  0.01182  2.69   93608    1107  465488  3426210  36.60
1950-1954     45-49     0.00369  0.01828  2.68   92502    1691  458583  2960722  32.01
1950-1954     50-54     0.00570  0.02815  2.68   90811    2556  448120  2502139  27.55
1950-1954     55-59     0.00882  0.04318  2.64   88255    3811  432263  2054019  23.27
1950-1954     60-64     0.01380  0.06687  2.67   84444    5647  409083  1621756  19.21
1950-1954     65-69     0.02278  0.10809  2.63   78797    8517  373827  1212673  15.39
1950-1954     70-74     0.03899  0.17860  2.65   70280   12552  321944   838846  11.94
1950-1954     75-79     0.06669  0.28725  2.59   57727   16582  248629   516902   8.95
1950-1954     80-84     0.11223  0.43767  2.49   41145   18008  160451   268274   6.52
1950-1954     85-89     0.18201  0.61058  2.31   23137   14127   77619   107823   4.66
1950-1954     90-94     0.27486  0.76672  2.12    9010    6908   25134    30203   3.35
1950-1954     95-99     0.40203  0.88394  1.83    2102    1858    4621     5069   2.41
1950-1954    100-104    0.53881  0.94596  1.57     244     231     428      448   1.84
1950-1954    105-109    0.67122  0.97420  1.36      13      13      19       20   1.48
1950-1954    110+       0.76903  1.00000  1.30       0       0       0        0   1.30
1955-1959        0      0.01922  0.01889  0.10  100000    1889   98303  7346111  73.46
1955-1959      1-4      0.00146  0.00583  1.42   98111     572  390968  7247808  73.87
1955-1959      5-9      0.00052  0.00258  2.27   97539     252  487006  6856840  70.30
1955-1959     10-14     0.00040  0.00200  2.64   97287     194  485978  6369834  65.47
1955-1959     15-19     0.00068  0.00337  2.62   97093     328  484685  5883856  60.60
1955-1959     20-24     0.00086  0.00432  2.58   96765     418  482816  5399172  55.80
1955-1959     25-29     0.00094  0.00468  2.52   96348     451  480620  4916355  51.03
1955-1959     30-34     0.00110  0.00546  2.63   95897     524  478244  4435735  46.26
1955-1959     35-39     0.00145  0.00721  2.62   95373     687  475231  3957490  41.49
1955-1959     40-44     0.00219  0.01092  2.65   94686    1034  471005  3482259  36.78
1955-1959     45-49     0.00337  0.01674  2.72   93652    1568  464689  3011254  32.15
1955-1959     50-54     0.00540  0.02664  2.67   92085    2453  454716  2546565  27.65
1955-1959     55-59     0.00863  0.04230  2.68   89631    3792  439341  2091849  23.34
1955-1959     60-64     0.01399  0.06773  2.65   85840    5814  415552  1652508  19.25
1955-1959     65-69     0.02274  0.10792  2.65   80025    8637  379821  1236956  15.46
1955-1959     70-74     0.03841  0.17596  2.62   71389   12562  327084   857135  12.01
1955-1959     75-79     0.06567  0.28350  2.59   58827   16677  253942   530051   9.01
1955-1959     80-84     0.10997  0.43075  2.49   42150   18156  165093   276109   6.55
1955-1959     85-89     0.18084  0.60863  2.31   23994   14604   80753   111015   4.63
1955-1959     90-94     0.28877  0.78544  2.10    9390    7376   25542    30262   3.22
1955-1959     95-99     0.41470  0.89250  1.81    2015    1798    4336     4721   2.34
1955-1959    100-104    0.55798  0.95181  1.54     217     206     369      384   1.78
1955-1959    105-109    0.69360  0.97739  1.33      10      10      15       15   1.44
1955-1959    110+       0.79123  1.00000  1.26       0       0       0        0   1.26
1960-1964        0      0.01707  0.01681  0.10  100000    1681   98479  7345337  73.45
1960-1964      1-4      0.00122  0.00486  1.48   98319     478  392071  7246857  73.71
1960-1964      5-9      0.00049  0.00244  2.24   97840     239  488543  6854786  70.06
1960-1964     10-14     0.00034  0.00169  2.53   97601     165  487602  6366243  65.23
1960-1964     15-19     0.00066  0.00330  2.69   97437     322  486441  5878642  60.33
1960-1964     20-24     0.00080  0.00397  2.48   97115     385  484604  5392201  55.52
1960-1964     25-29     0.00084  0.00418  2.54   96730     404  482654  4907596  50.74
1960-1964     30-34     0.00105  0.00524  2.61   96325     505  480423  4424942  45.94
1960-1964     35-39     0.00151  0.00751  2.66   95821     720  477420  3944519  41.17
1960-1964     40-44     0.00215  0.01069  2.69   95101    1017  473159  3467099  36.46
1960-1964     45-49     0.00328  0.01626  2.66   94084    1530  466847  2993940  31.82
1960-1964     50-54     0.00534  0.02639  2.70   92554    2443  457153  2527093  27.30
1960-1964     55-59     0.00887  0.04344  2.67   90111    3914  441428  2069939  22.97
1960-1964     60-64     0.01466  0.07089  2.69   86197    6110  416865  1628511  18.89
1960-1964     65-69     0.02403  0.11374  2.66   80087    9109  379093  1211646  15.13
1960-1964     70-74     0.04040  0.18425  2.62   70978   13078  323735   832552  11.73
1960-1964     75-79     0.06838  0.29336  2.58   57900   16986  248411   508817   8.79
1960-1964     80-84     0.11580  0.44803  2.48   40915   18331  158295   260406   6.36
1960-1964     85-89     0.18825  0.62468  2.31   22584   14108   74941   102111   4.52
1960-1964     90-94     0.28956  0.78271  2.07    8476    6634   22912    27169   3.21
1960-1964     95-99     0.42102  0.89604  1.80    1842    1650    3920     4257   2.31
1960-1964    100-104    0.56258  0.95294  1.53     191     182     324      337   1.76
1960-1964    105-109    0.69621  0.97768  1.32       9       9      13       13   1.43
1960-1964    110+       0.79244  1.00000  1.26       0       0       0        0   1.26
1965-1969        0      0.01410  0.01392  0.09  100000    1392   98730  7388028  73.88
1965-1969      1-4      0.00099  0.00394  1.62   98608     389  393508  7289299  73.92
1965-1969      5-9      0.00045  0.00224  2.25   98219     220  490490  6895791  70.21
1965-1969     10-14     0.00034  0.00170  2.75   97999     166  489620  6405301  65.36
1965-1969     15-19     0.00066  0.00331  2.67   97832     324  488407  5915681  60.47
1965-1969     20-24     0.00074  0.00369  2.52   97508     360  486646  5427274  55.66
1965-1969     25-29     0.00079  0.00396  2.53   97148     384  484793  4940628  50.86
1965-1969     30-34     0.00097  0.00485  2.63   96764     469  482708  4455835  46.05
1965-1969     35-39     0.00140  0.00698  2.68   96294     672  479915  3973127  41.26
1965-1969     40-44     0.00222  0.01103  2.72   95622    1055  475706  3493213  36.53
1965-1969     45-49     0.00351  0.01739  2.68   94568    1645  469024  3017507  31.91
1965-1969     50-54     0.00550  0.02715  2.66   92923    2523  458720  2548482  27.43
1965-1969     55-59     0.00887  0.04347  2.68   90400    3930  442866  2089762  23.12
1965-1969     60-64     0.01465  0.07083  2.67   86470    6125  418096  1646896  19.05
1965-1969     65-69     0.02423  0.11463  2.65   80345    9210  380055  1228800  15.29
1965-1969     70-74     0.04007  0.18295  2.63   71135   13014  324782   848745  11.93
1965-1969     75-79     0.06642  0.28597  2.57   58121   16621  250226   523963   9.02
1965-1969     80-84     0.11101  0.43392  2.49   41500   18008  162220   273737   6.60
1965-1969     85-89     0.17650  0.59923  2.32   23492   14077   79759   111517   4.75
1965-1969     90-94     0.27345  0.76290  2.10    9415    7183   26266    31758   3.37
1965-1969     95-99     0.39329  0.87807  1.85    2232    1960    4984     5492   2.46
1965-1969    100-104    0.52907  0.94292  1.59     272     257     485      508   1.87
1965-1969    105-109    0.66228  0.97289  1.37      16      15      23       23   1.50
1965-1969    110+       0.76170  1.00000  1.31       0       0       1        1   1.31
1970-1974        0      0.01143  0.01131  0.08  100000    1131   98960  7435605  74.36
1970-1974      1-4      0.00085  0.00340  1.65   98869     337  394685  7336645  74.21
1970-1974      5-9      0.00042  0.00212  2.27   98533     208  492093  6941959  70.45
1970-1974     10-14     0.00030  0.00150  2.61   98324     147  491268  6449866  65.60
1970-1974     15-19     0.00071  0.00356  2.78   98177     350  490108  5958598  60.69
1970-1974     20-24     0.00076  0.00379  2.48   97827     371  488201  5468490  55.90
1970-1974     25-29     0.00074  0.00370  2.55   97457     361  486398  4980289  51.10
1970-1974     30-34     0.00099  0.00495  2.60   97096     481  484324  4493891  46.28
1970-1974     35-39     0.00142  0.00708  2.64   96615     684  481459  4009567  41.50
1970-1974     40-44     0.00212  0.01057  2.70   95931    1014  477323  3528108  36.78
1970-1974     45-49     0.00347  0.01723  2.70   94916    1635  470829  3050785  32.14
1970-1974     50-54     0.00550  0.02713  2.68   93281    2531  460544  2579956  27.66
1970-1974     55-59     0.00881  0.04319  2.67   90750    3919  444619  2119412  23.35
1970-1974     60-64     0.01406  0.06807  2.67   86831    5911  420406  1674793  19.29
1970-1974     65-69     0.02299  0.10906  2.65   80920    8825  383850  1254387  15.50
1970-1974     70-74     0.03925  0.17952  2.63   72095   12943  329777   870537  12.07
1970-1974     75-79     0.06469  0.27955  2.57   59152   16536  255626   540761   9.14
1970-1974     80-84     0.10791  0.42448  2.49   42616   18090  167631   285135   6.69
1970-1974     85-89     0.17495  0.59662  2.34   24527   14633   83643   117504   4.79
1970-1974     90-94     0.26845  0.75767  2.13    9893    7496   27924    33861   3.42
1970-1974     95-99     0.39032  0.87625  1.86    2397    2101    5382     5937   2.48
1970-1974    100-104    0.52805  0.94275  1.59     297     280     530      555   1.87
1970-1974    105-109    0.66359  0.97317  1.37      17      17      25       26   1.50
1970-1974    110+       0.76460  1.00000  1.31       0       0       1        1   1.31
1975-1979        0      0.00910  0.00902  0.07  100000     902   99164  7521906  75.22
1975-1979      1-4      0.00068  0.00273  1.64   99098     271  395752  7422742  74.90
1975-1979      5-9      0.00032  0.00158  2.25   98827     157  493705  7026990  71.10
1975-1979     10-14     0.00029  0.00143  2.66   98671     141  493021  6533284  66.21
1975-1979     15-19     0.00066  0.00329  2.82   98529     325  491939  6040263  61.30
1975-1979     20-24     0.00075  0.00374  2.43   98204     368  490078  5548324  56.50
1975-1979     25-29     0.00072  0.00359  2.56   97837     351  488327  5058246  51.70
1975-1979     30-34     0.00083  0.00412  2.62   97486     402  486474  4569918  46.88
1975-1979     35-39     0.00124  0.00619  2.68   97084     601  484028  4083444  42.06
1975-1979     40-44     0.00193  0.00958  2.69   96483     925  480278  3599416  37.31
1975-1979     45-49     0.00333  0.01652  2.70   95559    1578  474168  3119137  32.64
1975-1979     50-54     0.00548  0.02703  2.67   93980    2540  463990  2644969  28.14
1975-1979     55-59     0.00856  0.04194  2.64   91440    3835  448146  2180979  23.85
1975-1979     60-64     0.01370  0.06636  2.67   87605    5814  424481  1732833  19.78
1975-1979     65-69     0.02186  0.10398  2.66   81791    8505  389030  1308352  16.00
1975-1979     70-74     0.03592  0.16550  2.63   73286   12129  337670   919321  12.54
1975-1979     75-79     0.06096  0.26570  2.59   61157   16249  266561   581651   9.51
1975-1979     80-84     0.10030  0.40082  2.50   44908   18000  179453   315090   7.02
1975-1979     85-89     0.16280  0.56994  2.37   26908   15336   94200   135637   5.04
1975-1979     90-94     0.25375  0.73658  2.15   11572    8524   33592    41437   3.58
1975-1979     95-99     0.37399  0.86441  1.89    3048    2635    7046     7845   2.57
1975-1979    100-104    0.51006  0.93662  1.62     413     387     759      799   1.93
1975-1979    105-109    0.64621  0.97040  1.39      26      25      39       40   1.54
1975-1979    110+       0.74902  1.00000  1.34       1       1       1        1   1.34
1980-1984        0      0.00799  0.00793  0.07  100000     793   99263  7598048  75.98
1980-1984      1-4      0.00048  0.00194  1.70   99207     192  396387  7498785  75.59
1980-1984      5-9      0.00023  0.00116  2.20   99015     115  494752  7102398  71.73
1980-1984     10-14     0.00022  0.00112  2.84   98900     110  494260  6607646  66.81
1980-1984     15-19     0.00065  0.00326  2.91   98789     322  493272  6113386  61.88
1980-1984     20-24     0.00076  0.00379  2.44   98467     373  491382  5620114  57.08
1980-1984     25-29     0.00068  0.00339  2.55   98094     333  489653  5128732  52.28
1980-1984     30-34     0.00079  0.00395  2.58   97761     386  487869  4639080  47.45
1980-1984     35-39     0.00116  0.00579  2.63   97374     564  485536  4151210  42.63
1980-1984     40-44     0.00183  0.00910  2.75   96811     881  482072  3665675  37.86
1980-1984     45-49     0.00313  0.01552  2.69   95930    1489  476213  3183603  33.19
1980-1984     50-54     0.00511  0.02527  2.67   94441    2386  466645  2707390  28.67
1980-1984     55-59     0.00824  0.04042  2.67   92055    3721  451621  2240744  24.34
1980-1984     60-64     0.01316  0.06385  2.66   88334    5641  428468  1789123  20.25
1980-1984     65-69     0.02101  0.10006  2.63   82693    8275  393881  1360655  16.45
1980-1984     70-74     0.03429  0.15856  2.62   74418   11799  344064   966774  12.99
1980-1984     75-79     0.05610  0.24726  2.60   62619   15483  276011   622710   9.94
1980-1984     80-84     0.09333  0.37891  2.52   47136   17860  191369   346699   7.36
1980-1984     85-89     0.15159  0.54276  2.38   29276   15890  104821   155330   5.31
1980-1984     90-94     0.23817  0.71225  2.18   13386    9534   40031    50509   3.77
1980-1984     95-99     0.35128  0.84616  1.94    3852    3259    9278    10478   2.72
1980-1984    100-104    0.48566  0.92741  1.67     593     550    1132     1200   2.03
1980-1984    105-109    0.62427  0.96660  1.43      43      42      67       69   1.59
1980-1984    110+       0.73123  1.00000  1.37       1       1       2        2   1.37
1985-1989        0      0.00825  0.00819  0.07  100000     819   99240  7621802  76.22
1985-1989      1-4      0.00044  0.00177  1.54   99181     175  396294  7522563  75.85
1985-1989      5-9      0.00021  0.00105  2.29   99006     104  494749  7126268  71.98
1985-1989     10-14     0.00019  0.00095  2.73   98902      94  494298  6631519  67.05
1985-1989     15-19     0.00063  0.00314  2.95   98808     310  493406  6137221  62.11
1985-1989     20-24     0.00076  0.00379  2.54   98498     373  491574  5643815  57.30
1985-1989     25-29     0.00069  0.00347  2.51   98125     340  489780  5152242  52.51
1985-1989     30-34     0.00086  0.00428  2.59   97785     419  487915  4662462  47.68
1985-1989     35-39     0.00115  0.00575  2.66   97366     560  485522  4174546  42.87
1985-1989     40-44     0.00187  0.00932  2.72   96806     902  481978  3689024  38.11
1985-1989     45-49     0.00309  0.01534  2.66   95904    1471  476070  3207045  33.44
1985-1989     50-54     0.00491  0.02429  2.68   94433    2294  466852  2730975  28.92
1985-1989     55-59     0.00800  0.03928  2.67   92139    3620  452261  2264123  24.57
1985-1989     60-64     0.01290  0.06260  2.65   88519    5542  429565  1811863  20.47
1985-1989     65-69     0.02008  0.09590  2.66   82977    7957  396245  1382297  16.66
1985-1989     70-74     0.03336  0.15459  2.64   75020   11597  347676   986052  13.14
1985-1989     75-79     0.05516  0.24345  2.59   63423   15440  279905   638375  10.07
1985-1989     80-84     0.09029  0.36894  2.52   47982   17703  196065   358471   7.47
1985-1989     85-89     0.14906  0.53739  2.40   30280   16272  109162   162406   5.36
1985-1989     90-94     0.23486  0.70664  2.18   14008    9898   42147    53244   3.80
1985-1989     95-99     0.35382  0.84890  1.94    4109    3488    9859    11097   2.70
1985-1989    100-104    0.49354  0.93097  1.66     621     578    1171     1238   1.99
1985-1989    105-109    0.63691  0.96910  1.41      43      42      65       67   1.56
1985-1989    110+       0.74624  1.00000  1.34       1       1       2        2   1.34
1990-1994        0      0.00584  0.00581  0.06  100000     581   99457  7716837  77.17
1990-1994      1-4      0.00038  0.00150  1.44   99419     149  397294  7617380  76.62
1990-1994      5-9      0.00017  0.00083  2.35   99270      83  496130  7220086  72.73
1990-1994     10-14     0.00019  0.00092  2.59   99187      92  495715  6723956  67.79
1990-1994     15-19     0.00052  0.00258  2.96   99096     256  494956  6228241  62.85
1990-1994     20-24     0.00060  0.00300  2.50   98840     297  493455  5733285  58.01
1990-1994     25-29     0.00068  0.00338  2.63   98543     333  491923  5239830  53.17
1990-1994     30-34     0.00085  0.00424  2.62   98209     417  490054  4747907  48.34
1990-1994     35-39     0.00113  0.00562  2.59   97793     549  487638  4257853  43.54
1990-1994     40-44     0.00169  0.00843  2.64   97243     820  484282  3770215  38.77
1990-1994     45-49     0.00273  0.01355  2.67   96423    1306  479075  3285932  34.08
1990-1994     50-54     0.00420  0.02077  2.64   95117    1976  470923  2806857  29.51
1990-1994     55-59     0.00712  0.03504  2.69   93141    3264  458168  2335934  25.08
1990-1994     60-64     0.01179  0.05737  2.69   89877    5156  437462  1877766  20.89
1990-1994     65-69     0.01888  0.09041  2.66   84721    7660  405685  1440304  17.00
1990-1994     70-74     0.03119  0.14524  2.64   77061   11193  358847  1034619  13.43
1990-1994     75-79     0.05195  0.23095  2.60   65868   15212  292848   675772  10.26
1990-1994     80-84     0.08761  0.36026  2.54   50656   18249  208304   382924   7.56
1990-1994     85-89     0.14671  0.53214  2.42   32407   17245  117547   174620   5.39
1990-1994     90-94     0.23803  0.71529  2.21   15162   10845   45561    57073   3.76
1990-1994     95-99     0.35844  0.85351  1.93    4317    3684   10278    11511   2.67
1990-1994    100-104    0.50525  0.93588  1.64     632     592    1171     1233   1.95
1990-1994    105-109    0.65437  0.97222  1.39      41      39      60       62   1.52
1990-1994    110+       0.76601  1.00000  1.31       1       1       1        1   1.31
1995-1999        0      0.00402  0.00400  0.06  100000     400   99623  7820796  78.21
1995-1999      1-4      0.00029  0.00115  1.56   99600     114  398119  7721173  77.52
1995-1999      5-9      0.00014  0.00069  2.27   99485      68  497240  7323054  73.61
1995-1999     10-14     0.00015  0.00074  2.84   99417      73  496927  6825814  68.66
1995-1999     15-19     0.00048  0.00240  2.89   99344     239  496217  6328887  63.71
1995-1999     20-24     0.00062  0.00311  2.58   99105     308  494781  5832671  58.85
1995-1999     25-29     0.00067  0.00335  2.55   98797     331  493172  5337890  54.03
1995-1999     30-34     0.00080  0.00398  2.65   98466     392  491409  4844717  49.20
1995-1999     35-39     0.00103  0.00513  2.65   98074     503  489190  4353308  44.39
1995-1999     40-44     0.00154  0.00769  2.59   97571     750  486050  3864118  39.60
1995-1999     45-49     0.00248  0.01235  2.68   96821    1196  481329  3378068  34.89
1995-1999     50-54     0.00403  0.01996  2.64   95625    1909  473615  2896739  30.29
1995-1999     55-59     0.00614  0.03029  2.70   93717    2838  462050  2423124  25.86
1995-1999     60-64     0.01030  0.05030  2.69   90878    4571  443841  1961074  21.58
1995-1999     65-69     0.01694  0.08150  2.67   86307    7034  415178  1517233  17.58
1995-1999     70-74     0.02819  0.13220  2.65   79273   10480  371690  1102055  13.90
1995-1999     75-79     0.04759  0.21367  2.61   68794   14699  308898   730365  10.62
1995-1999     80-84     0.08200  0.34157  2.56   54094   18477  225322   421467   7.79
1995-1999     85-89     0.14088  0.51762  2.44   35617   18436  130862   196145   5.51
1995-1999     90-94     0.23344  0.70819  2.22   17181   12168   52122    65283   3.80
1995-1999     95-99     0.36447  0.85921  1.92    5014    4308   11819    13161   2.63
1995-1999    100-104    0.51899  0.94115  1.61     706     664    1280     1342   1.90
1995-1999    105-109    0.67339  0.97523  1.36      42      41      60       61   1.48
1995-1999    110+       0.78616  1.00000  1.27       1       1       1        1   1.27
2000-2004        0      0.00354  0.00353  0.06  100000     353   99667  7919887  79.20
2000-2004      1-4      0.00025  0.00099  1.61   99647      99  398351  7820220  78.48
2000-2004      5-9      0.00012  0.00060  2.43   99548      60  497587  7421868  74.56
2000-2004     10-14     0.00013  0.00063  2.80   99488      63  497302  6924282  69.60
2000-2004     15-19     0.00049  0.00243  2.98   99425     242  496636  6426980  64.64
2000-2004     20-24     0.00071  0.00355  2.47   99183     352  495025  5930344  59.79
2000-2004     25-29     0.00073  0.00363  2.50   98831     359  493261  5435319  55.00
2000-2004     30-34     0.00078  0.00387  2.60   98472     381  491449  4942058  50.19
2000-2004     35-39     0.00103  0.00512  2.63   98091     502  489268  4450609  45.37
2000-2004     40-44     0.00142  0.00709  2.66   97589     692  486328  3961341  40.59
2000-2004     45-49     0.00215  0.01069  2.67   96897    1036  482071  3475013  35.86
2000-2004     50-54     0.00355  0.01760  2.73   95861    1687  475478  2992942  31.22
2000-2004     55-59     0.00565  0.02789  2.65   94174    2626  464704  2517464  26.73
2000-2004     60-64     0.00892  0.04371  2.69   91548    4001  448486  2052759  22.42
2000-2004     65-69     0.01472  0.07115  2.67   87547    6229  423235  1604274  18.32
2000-2004     70-74     0.02462  0.11639  2.66   81318    9464  384446  1181039  14.52
2000-2004     75-79     0.04232  0.19239  2.64   71854   13824  326668   796593  11.09
2000-2004     80-84     0.07558  0.31944  2.58   58030   18537  245255   469925   8.10
2000-2004     85-89     0.13328  0.49789  2.46   39493   19663  147539   224670   5.69
2000-2004     90-94     0.22609  0.69619  2.24   19830   13805   61062    77131   3.89
2000-2004     95-99     0.35758  0.85424  1.94    6024    5146   14392    16069   2.67
2000-2004    100-104    0.51641  0.94064  1.62     878     826    1599     1676   1.91
2000-2004    105-109    0.67558  0.97568  1.36      52      51      75       77   1.47
2000-2004    110+       0.79110  1.00000  1.26       1       1       2        2   1.26
2005-2009        0      0.00304  0.00303  0.06  100000     303   99714  8052584  80.53
2005-2009      1-4      0.00017  0.00070  1.59   99697      70  398621  7952870  79.77
2005-2009      5-9      0.00010  0.00051  2.41   99627      51  498006  7554249  75.82
2005-2009     10-14     0.00010  0.00050  2.62   99577      50  497765  7056243  70.86
2005-2009     15-19     0.00036  0.00179  3.02   99527     178  497282  6558479  65.90
2005-2009     20-24     0.00059  0.00294  2.49   99349     292  496010  6061197  61.01
2005-2009     25-29     0.00063  0.00313  2.58   99056     310  494533  5565186  56.18
2005-2009     30-34     0.00063  0.00316  2.62   98747     312  492993  5070654  51.35
2005-2009     35-39     0.00084  0.00420  2.60   98435     413  491184  4577660  46.50
2005-2009     40-44     0.00117  0.00582  2.68   98022     571  488785  4086476  41.69
2005-2009     45-49     0.00194  0.00964  2.70   97451     939  485091  3597691  36.92
2005-2009     50-54     0.00317  0.01571  2.68   96512    1517  479045  3112601  32.25
2005-2009     55-59     0.00491  0.02428  2.69   94995    2306  469659  2633555  27.72
2005-2009     60-64     0.00817  0.04008  2.68   92689    3715  454828  2163896  23.35
2005-2009     65-69     0.01285  0.06236  2.65   88974    5548  431860  1709068  19.21
2005-2009     70-74     0.02102  0.10021  2.68   83426    8360  397727  1277208  15.31
2005-2009     75-79     0.03723  0.17123  2.66   75066   12854  345283   879481  11.72
2005-2009     80-84     0.06721  0.28944  2.60   62212   18007  267906   534198   8.59
2005-2009     85-89     0.12149  0.46482  2.47   44206   20548  169130   266292   6.02
2005-2009     90-94     0.20999  0.66784  2.28   23658   15800   75241    97162   4.11
2005-2009     95-99     0.33936  0.83888  1.99    7858    6592   19426    21921   2.79
2005-2009    100-104    0.49909  0.93477  1.65    1266    1184    2371     2495   1.97
2005-2009    105-109    0.66237  0.97391  1.38      83      80     121      124   1.50
2005-2009    110+       0.78231  1.00000  1.28       2       2       3        3   1.28
2010-2014        0      0.00249  0.00248  0.06  100000     248   99765  8149262  81.49
2010-2014      1-4      0.00013  0.00051  1.55   99752      51  398882  8049496  80.70
2010-2014      5-9      0.00008  0.00039  2.37   99701      39  498403  7650614  76.74
2010-2014     10-14     0.00009  0.00045  2.62   99662      44  498205  7152211  71.76
2010-2014     15-19     0.00030  0.00149  2.95   99618     148  497783  6654007  66.80
2010-2014     20-24     0.00047  0.00233  2.45   99469     232  496753  6156224  61.89
2010-2014     25-29     0.00051  0.00256  2.56   99237     254  495565  5659470  57.03
2010-2014     30-34     0.00059  0.00297  2.55   98983     294  494194  5163905  52.17
2010-2014     35-39     0.00073  0.00365  2.59   98689     360  492578  4669711  47.32
2010-2014     40-44     0.00103  0.00512  2.64   98329     503  490456  4177133  42.48
2010-2014     45-49     0.00168  0.00838  2.71   97826     819  487252  3686676  37.69
2010-2014     50-54     0.00282  0.01402  2.69   97006    1360  481886  3199424  32.98
2010-2014     55-59     0.00455  0.02251  2.66   95646    2153  473196  2717538  28.41
2010-2014     60-64     0.00732  0.03597  2.66   93493    3363  459608  2244341  24.01
2010-2014     65-69     0.01193  0.05802  2.66   90130    5229  438409  1784734  19.80
2010-2014     70-74     0.01901  0.09103  2.68   84900    7729  406553  1346325  15.86
2010-2014     75-79     0.03369  0.15618  2.67   77172   12053  357727   939772  12.18
2010-2014     80-84     0.06197  0.27013  2.63   65119   17591  283857   582045   8.94
2010-2014     85-89     0.11240  0.43910  2.51   47529   20870  185675   298188   6.27
2010-2014     90-94     0.20223  0.65369  2.30   26659   17427   86174   112513   4.22
2010-2014     95-99     0.33023  0.83097  2.01    9232    7672   23231    26339   2.85
2010-2014    100-104    0.49339  0.93300  1.67    1560    1456    2951     3108   1.99
2010-2014    105-109    0.66142  0.97393  1.38     105     102     154      157   1.51
2010-2014    110+       0.78458  1.00000  1.27       3       3       3        3   1.27
