New Zealand -- Maori, Life tables (period 5x5), Total     Last modified: 08-Jul-2013, MPv5 (May07)

  Year          Age         mx       qx    ax      lx      dx      Lx       Tx     ex
1948-1949        0      0.08681  0.08176  0.29  100000    8176   94175  5184107  51.84
1948-1949      1-4      0.01006  0.03920  1.40   91824    3600  357953  5089933  55.43
1948-1949      5-9      0.00296  0.01468  2.09   88224    1296  437346  4731980  53.64
1948-1949     10-14     0.00385  0.01909  2.62   86929    1660  430687  4294634  49.40
1948-1949     15-19     0.00562  0.02777  2.78   85269    2368  421088  3863947  45.31
1948-1949     20-24     0.00717  0.03527  2.70   82901    2924  407769  3442860  41.53
1948-1949     25-29     0.00665  0.03268  2.31   79977    2614  392855  3035090  37.95
1948-1949     30-34     0.00556  0.02740  2.41   77363    2120  381327  2642235  34.15
1948-1949     35-39     0.00852  0.04170  2.43   75243    3138  368154  2260908  30.05
1948-1949     40-44     0.01095  0.05323  2.36   72105    3838  350402  1892754  26.25
1948-1949     45-49     0.01621  0.07811  2.66   68267    5332  328843  1542351  22.59
1948-1949     50-54     0.01849  0.08859  2.66   62935    5575  301610  1213508  19.28
1948-1949     55-59     0.03263  0.15001  2.31   57360    8604  263663   911898  15.90
1948-1949     60-64     0.04019  0.18359  2.65   48755    8951  222731   648235  13.30
1948-1949     65-69     0.06115  0.26258  2.31   39805   10452  170918   425504  10.69
1948-1949     70-74     0.07443  0.31275  2.45   29353    9180  123341   254586   8.67
1948-1949     75-79     0.17147  0.59492  2.43   20173   12001   69991   131246   6.51
1948-1949     80-84     0.11010  0.42692  2.37    8171    3489   31686    61254   7.50
1948-1949     85-89     0.13765  0.50229  2.31    4683    2352   17088    29568   6.31
1948-1949     90-94     0.16932  0.57691  2.24    2331    1345    7941    12480   5.35
1948-1949     95-99     0.20353  0.64500  2.16     986     636    3125     4538   4.60
1948-1949    100-104    0.23784  0.70207  2.08     350     246    1033     1413   4.04
1948-1949    105-109    0.26956  0.74641  2.01     104      78     289      380   3.64
1948-1949    110+       0.28973  1.00000  3.45      26      26      91       91   3.45
1950-1954        0      0.07653  0.07242  0.26  100000    7242   94637  5586968  55.87
1950-1954      1-4      0.00620  0.02438  1.26   92758    2261  364828  5492331  59.21
1950-1954      5-9      0.00211  0.01047  2.32   90496     948  449947  5127503  56.66
1950-1954     10-14     0.00187  0.00932  2.31   89549     834  445500  4677556  52.23
1950-1954     15-19     0.00274  0.01361  2.70   88715    1207  440794  4232056  47.70
1950-1954     20-24     0.00478  0.02363  2.61   87508    2068  432605  3791261  43.32
1950-1954     25-29     0.00458  0.02266  2.60   85440    1936  422555  3358657  39.31
1950-1954     30-34     0.00460  0.02274  2.50   83503    1899  412768  2936101  35.16
1950-1954     35-39     0.00788  0.03870  2.62   81604    3158  400511  2523333  30.92
1950-1954     40-44     0.00896  0.04384  2.56   78446    3439  383834  2122822  27.06
1950-1954     45-49     0.01468  0.07106  2.76   75007    5330  363121  1738988  23.18
1950-1954     50-54     0.01894  0.09065  2.64   69677    6316  333495  1375867  19.75
1950-1954     55-59     0.03218  0.15016  2.77   63361    9515  295626  1042372  16.45
1950-1954     60-64     0.04264  0.19203  2.41   53846   10340  242490   746746  13.87
1950-1954     65-69     0.05367  0.23386  2.25   43506   10174  189576   504256  11.59
1950-1954     70-74     0.06844  0.29166  2.47   33332    9722  142044   314679   9.44
1950-1954     75-79     0.15159  0.53555  2.26   23610   12644   83412   172635   7.31
1950-1954     80-84     0.10023  0.39703  2.38   10966    4354   43439    89224   8.14
1950-1954     85-89     0.12334  0.46410  2.33    6612    3069   24879    45785   6.92
1950-1954     90-94     0.15042  0.53351  2.28    3543    1890   12567    20905   5.90
1950-1954     95-99     0.18159  0.60261  2.21    1653     996    5485     8338   5.04
1950-1954    100-104    0.21681  0.66876  2.14     657     439    2026     2852   4.34
1950-1954    105-109    0.25587  0.72961  2.06     218     159     620      826   3.80
1950-1954    110+       0.28572  1.00000  3.50      59      59     206      206   3.50
1955-1959        0      0.05973  0.05705  0.21  100000    5705   95515  5896087  58.96
1955-1959      1-4      0.00454  0.01793  1.45   94295    1691  372873  5800572  61.52
1955-1959      5-9      0.00150  0.00749  2.40   92604     694  461213  5427699  58.61
1955-1959     10-14     0.00140  0.00695  2.51   91910     639  457961  4966486  54.04
1955-1959     15-19     0.00196  0.00977  2.73   91271     892  454330  4508525  49.40
1955-1959     20-24     0.00296  0.01467  2.45   90379    1326  448510  4054195  44.86
1955-1959     25-29     0.00301  0.01494  2.42   89053    1330  441835  3605685  40.49
1955-1959     30-34     0.00387  0.01917  2.52   87722    1682  434437  3163850  36.07
1955-1959     35-39     0.00552  0.02722  2.63   86041    2342  424656  2729413  31.72
1955-1959     40-44     0.00753  0.03703  2.74   83698    3099  411496  2304757  27.54
1955-1959     45-49     0.01355  0.06569  2.66   80599    5294  390611  1893261  23.49
1955-1959     50-54     0.01790  0.08592  2.69   75305    6471  361553  1502649  19.95
1955-1959     55-59     0.02864  0.13433  2.69   68835    9247  322839  1141096  16.58
1955-1959     60-64     0.04036  0.18269  2.41   59588   10886  269720   818258  13.73
1955-1959     65-69     0.06072  0.26088  2.30   48702   12705  209257   548538  11.26
1955-1959     70-74     0.08075  0.33702  2.55   35997   12131  150242   339280   9.43
1955-1959     75-79     0.11572  0.43963  2.27   23865   10492   90663   189038   7.92
1955-1959     80-84     0.12320  0.46218  2.30   13373    6181   50171    98376   7.36
1955-1959     85-89     0.13752  0.49981  2.27    7193    3595   26141    48205   6.70
1955-1959     90-94     0.15255  0.53650  2.24    3598    1930   12653    22063   6.13
1955-1959     95-99     0.16806  0.57157  2.20    1668     953    5671     9411   5.64
1955-1959    100-104    0.18380  0.60443  2.17     714     432    2349     3740   5.23
1955-1959    105-109    0.19950  0.63471  2.14     283     179     899     1390   4.92
1955-1959    110+       0.21010  1.00000  4.76     103     103     491      491   4.76
1960-1964        0      0.04044  0.03911  0.16  100000    3911   96718  6175726  61.76
1960-1964      1-4      0.00266  0.01057  1.38   96089    1016  381690  6079008  63.26
1960-1964      5-9      0.00096  0.00481  2.39   95073     458  474171  5697318  59.93
1960-1964     10-14     0.00078  0.00389  2.82   94615     368  472275  5223146  55.20
1960-1964     15-19     0.00163  0.00814  2.85   94248     768  469591  4750871  50.41
1960-1964     20-24     0.00212  0.01052  2.40   93480     983  464845  4281281  45.80
1960-1964     25-29     0.00253  0.01256  2.61   92497    1161  459707  3816436  41.26
1960-1964     30-34     0.00317  0.01573  2.90   91336    1437  453658  3356729  36.75
1960-1964     35-39     0.00510  0.02521  2.74   89899    2267  444371  2903071  32.29
1960-1964     40-44     0.00725  0.03561  2.49   87632    3120  430343  2458700  28.06
1960-1964     45-49     0.01307  0.06345  2.69   84512    5362  410148  2028357  24.00
1960-1964     50-54     0.01853  0.08904  2.80   79150    7047  380211  1618209  20.44
1960-1964     55-59     0.02598  0.12260  2.70   72103    8840  340220  1237998  17.17
1960-1964     60-64     0.03789  0.17391  2.64   63263   11002  290334   897778  14.19
1960-1964     65-69     0.05878  0.25547  2.44   52261   13351  227136   607443  11.62
1960-1964     70-74     0.06894  0.29550  2.59   38910   11498  166785   380308   9.77
1960-1964     75-79     0.11493  0.44058  2.35   27412   12077  105082   213522   7.79
1960-1964     80-84     0.12004  0.45499  2.34   15335    6977   58122   108440   7.07
1960-1964     85-89     0.14665  0.52440  2.28    8358    4383   29886    50318   6.02
1960-1964     90-94     0.17741  0.59397  2.22    3975    2361   13308    20432   5.14
1960-1964     95-99     0.21206  0.66045  2.15    1614    1066    5027     7124   4.41
1960-1964    100-104    0.24992  0.72091  2.07     548     395    1581     2097   3.83
1960-1964    105-109    0.28998  0.77334  1.98     153     118     408      516   3.38
1960-1964    110+       0.31966  1.00000  3.13      35      35     108      108   3.13
1965-1969        0      0.02806  0.02739  0.13  100000    2739   97608  6297484  62.97
1965-1969      1-4      0.00216  0.00858  1.59   97261     834  387032  6199876  63.74
1965-1969      5-9      0.00067  0.00333  2.41   96427     321  481304  5812844  60.28
1965-1969     10-14     0.00072  0.00360  2.86   96106     346  479792  5331539  55.48
1965-1969     15-19     0.00150  0.00746  2.92   95761     714  477314  4851747  50.67
1965-1969     20-24     0.00190  0.00945  2.49   95046     898  472974  4374433  46.02
1965-1969     25-29     0.00217  0.01079  2.64   94148    1016  468342  3901459  41.44
1965-1969     30-34     0.00307  0.01523  2.70   93132    1418  462401  3433117  36.86
1965-1969     35-39     0.00442  0.02186  2.54   91714    2004  453642  2970716  32.39
1965-1969     40-44     0.00658  0.03234  2.48   89709    2901  441244  2517073  28.06
1965-1969     45-49     0.01132  0.05516  2.73   86808    4788  423157  2075829  23.91
1965-1969     50-54     0.01638  0.07894  2.71   82020    6475  395258  1652672  20.15
1965-1969     55-59     0.02832  0.13280  2.67   75545   10032  354305  1257413  16.64
1965-1969     60-64     0.03942  0.17937  2.49   65513   11751  298120   903109  13.79
1965-1969     65-69     0.05787  0.25043  2.31   53762   13464  232635   604989  11.25
1965-1969     70-74     0.07014  0.30025  2.60   40298   12099  172508   372353   9.24
1965-1969     75-79     0.12231  0.46169  2.35   28199   13019  106442   199845   7.09
1965-1969     80-84     0.14921  0.52911  2.25   15180    8032   53828    93403   6.15
1965-1969     85-89     0.16865  0.57349  2.21    7148    4099   24306    39575   5.54
1965-1969     90-94     0.18916  0.61581  2.17    3049    1877    9925    15268   5.01
1965-1969     95-99     0.21026  0.65501  2.12    1171     767    3649     5343   4.56
1965-1969    100-104    0.23144  0.69031  2.08     404     279    1205     1694   4.19
1965-1969    105-109    0.25210  0.72126  2.03     125      90     358      489   3.91
1965-1969    110+       0.26611  1.00000  3.76      35      35     131      131   3.76
1970-1974        0      0.02299  0.02253  0.11  100000    2253   97999  6341538  63.42
1970-1974      1-4      0.00154  0.00612  1.41   97747     598  389438  6243539  63.87
1970-1974      5-9      0.00062  0.00312  2.38   97149     303  484953  5854101  60.26
1970-1974     10-14     0.00058  0.00288  3.04   96846     279  483684  5369148  55.44
1970-1974     15-19     0.00181  0.00902  2.78   96567     871  480902  4885464  50.59
1970-1974     20-24     0.00206  0.01026  2.57   95696     981  476099  4404562  46.03
1970-1974     25-29     0.00210  0.01043  2.59   94715     988  471194  3928463  41.48
1970-1974     30-34     0.00276  0.01373  2.69   93727    1287  465659  3457270  36.89
1970-1974     35-39     0.00452  0.02237  2.61   92440    2068  457247  2991611  32.36
1970-1974     40-44     0.00703  0.03456  2.52   90372    3123  444116  2534363  28.04
1970-1974     45-49     0.01108  0.05401  2.71   87249    4713  425476  2090247  23.96
1970-1974     50-54     0.01713  0.08229  2.62   82536    6792  396515  1664771  20.17
1970-1974     55-59     0.02857  0.13355  2.57   75744   10116  354098  1268255  16.74
1970-1974     60-64     0.03935  0.17996  2.63   65628   11811  300112   914158  13.93
1970-1974     65-69     0.05529  0.24200  2.43   53818   13024  235565   614046  11.41
1970-1974     70-74     0.07679  0.32215  2.50   40794   13142  171132   378481   9.28
1970-1974     75-79     0.10701  0.41762  2.37   27652   11548  107915   207349   7.50
1970-1974     80-84     0.13940  0.50707  2.31   16104    8166   58578    99435   6.17
1970-1974     85-89     0.17456  0.58882  2.24    7938    4674   26777    40857   5.15
1970-1974     90-94     0.21530  0.66711  2.15    3264    2177   10114    14080   4.31
1970-1974     95-99     0.26076  0.73730  2.05    1087     801    3072     3966   3.65
1970-1974    100-104    0.30945  0.79634  1.95     285     227     735      894   3.13
1970-1974    105-109    0.35947  0.84334  1.85      58      49     136      159   2.74
1970-1974    110+       0.39688  1.00000  2.52       9       9      23       23   2.52
1975-1979        0      0.01803  0.01774  0.10  100000    1774   98400  6568681  65.69
1975-1979      1-4      0.00094  0.00376  1.70   98226     369  392053  6470281  65.87
1975-1979      5-9      0.00045  0.00227  2.16   97856     222  488651  6078228  62.11
1975-1979     10-14     0.00040  0.00199  3.01   97634     194  487783  5589577  57.25
1975-1979     15-19     0.00123  0.00614  2.75   97440     599  485851  5101795  52.36
1975-1979     20-24     0.00164  0.00815  2.50   96841     789  482233  4615944  47.67
1975-1979     25-29     0.00192  0.00955  2.63   96052     917  478082  4133711  43.04
1975-1979     30-34     0.00217  0.01081  2.84   95134    1028  473455  3655629  38.43
1975-1979     35-39     0.00354  0.01756  2.67   94106    1653  466688  3182173  33.81
1975-1979     40-44     0.00608  0.02996  2.70   92453    2770  455885  2715486  29.37
1975-1979     45-49     0.01014  0.04955  2.70   89683    4444  438193  2259601  25.20
1975-1979     50-54     0.01541  0.07433  2.61   85239    6336  411080  1821408  21.37
1975-1979     55-59     0.02419  0.11433  2.60   78904    9021  372897  1410328  17.87
1975-1979     60-64     0.03318  0.15388  2.64   69883   10754  324056  1037431  14.85
1975-1979     65-69     0.05060  0.22451  2.49   59129   13275  262363   713375  12.06
1975-1979     70-74     0.06699  0.28852  2.60   45854   13230  197481   451011   9.84
1975-1979     75-79     0.09057  0.36617  2.39   32624   11946  131905   253530   7.77
1975-1979     80-84     0.14569  0.52337  2.31   20678   10822   74285   121626   5.88
1975-1979     85-89     0.18711  0.61556  2.22    9856    6067   32424    47341   4.80
1975-1979     90-94     0.23662  0.70331  2.12    3789    2665   11262    14917   3.94
1975-1979     95-99     0.29400  0.78090  2.00    1124     878    2986     3655   3.25
1975-1979    100-104    0.35830  0.84451  1.87     246     208     581      669   2.72
1975-1979    105-109    0.42775  0.89304  1.74      38      34      80       88   2.31
1975-1979    110+       0.48403  1.00000  2.07       4       4       8        8   2.07
1980-1984        0      0.01841  0.01811  0.10  100000    1811   98369  6764595  67.65
1980-1984      1-4      0.00057  0.00229  1.68   98189     225  392232  6666226  67.89
1980-1984      5-9      0.00025  0.00127  2.28   97964     125  489479  6273994  64.04
1980-1984     10-14     0.00029  0.00147  3.13   97839     144  488925  5784515  59.12
1980-1984     15-19     0.00108  0.00539  2.86   97695     526  487351  5295590  54.21
1980-1984     20-24     0.00122  0.00610  2.51   97169     593  484369  4808240  49.48
1980-1984     25-29     0.00145  0.00721  2.57   96576     696  481190  4323870  44.77
1980-1984     30-34     0.00189  0.00939  2.73   95880     900  477356  3842680  40.08
1980-1984     35-39     0.00283  0.01407  2.69   94980    1337  471813  3365325  35.43
1980-1984     40-44     0.00435  0.02154  2.62   93643    2017  463420  2893511  30.90
1980-1984     45-49     0.00809  0.03966  2.58   91626    3634  449319  2430091  26.52
1980-1984     50-54     0.01214  0.05902  2.66   87992    5193  427795  1980772  22.51
1980-1984     55-59     0.02003  0.09567  2.67   82799    7921  395536  1552977  18.76
1980-1984     60-64     0.03022  0.14080  2.58   74878   10543  348827  1157441  15.46
1980-1984     65-69     0.04433  0.19967  2.52   64335   12846  289784   808614  12.57
1980-1984     70-74     0.06147  0.26733  2.57   51489   13765  223933   518830  10.08
1980-1984     75-79     0.08363  0.34667  2.54   37724   13078  156386   294897   7.82
1980-1984     80-84     0.15449  0.54439  2.29   24646   13417   86849   138511   5.62
1980-1984     85-89     0.19679  0.63445  2.20   11229    7124   36202    51662   4.60
1980-1984     90-94     0.24843  0.72140  2.09    4105    2961   11920    15460   3.77
1980-1984     95-99     0.30975  0.79895  1.97    1144     914    2950     3540   3.10
1980-1984    100-104    0.38001  0.86226  1.83     230     198     522      590   2.57
1980-1984    105-109    0.45714  0.90948  1.69      32      29      63       69   2.16
1980-1984    110+       0.52098  1.00000  1.92       3       3       6        6   1.92
1985-1989        0      0.01309  0.01293  0.08  100000    1293   98816  7018168  70.18
1985-1989      1-4      0.00047  0.00186  1.65   98707     184  394394  6919352  70.10
1985-1989      5-9      0.00019  0.00096  2.47   98523      94  492374  6524957  66.23
1985-1989     10-14     0.00027  0.00137  3.02   98428     135  491874  6032583  61.29
1985-1989     15-19     0.00092  0.00461  2.82   98294     453  490482  5540709  56.37
1985-1989     20-24     0.00119  0.00592  2.50   97841     579  487758  5050227  51.62
1985-1989     25-29     0.00113  0.00561  2.47   97261     546  484924  4562470  46.91
1985-1989     30-34     0.00145  0.00720  2.61   96716     697  481913  4077545  42.16
1985-1989     35-39     0.00201  0.00998  2.62   96019     958  477815  3595632  37.45
1985-1989     40-44     0.00348  0.01728  2.84   95061    1643  471752  3117817  32.80
1985-1989     45-49     0.00628  0.03093  2.66   93418    2890  460326  2646065  28.32
1985-1989     50-54     0.00970  0.04741  2.65   90529    4292  442563  2185739  24.14
1985-1989     55-59     0.01658  0.07976  2.62   86237    6878  414812  1743176  20.21
1985-1989     60-64     0.02714  0.12727  2.56   79358   10100  372160  1328364  16.74
1985-1989     65-69     0.03774  0.17286  2.57   69258   11972  317231   956204  13.81
1985-1989     70-74     0.05201  0.23096  2.58   57286   13231  254412   638973  11.15
1985-1989     75-79     0.07288  0.30806  2.49   44056   13572  186210   384561   8.73
1985-1989     80-84     0.12374  0.46721  2.38   30484   14242  115099   198351   6.51
1985-1989     85-89     0.16897  0.57895  2.28   16241    9403   55647    83253   5.13
1985-1989     90-94     0.22651  0.68900  2.16    6839    4712   20802    27605   4.04
1985-1989     95-99     0.29673  0.78617  2.01    2127    1672    5635     6804   3.20
1985-1989    100-104    0.37828  0.86238  1.85     455     392    1037     1169   2.57
1985-1989    105-109    0.46774  0.91560  1.68      63      57     123      132   2.11
1985-1989    110+       0.54159  1.00000  1.85       5       5      10       10   1.85
1990-1994        0      0.01348  0.01331  0.09  100000    1331   98783  7137392  71.37
1990-1994      1-4      0.00036  0.00144  1.46   98669     142  394313  7038609  71.34
1990-1994      5-9      0.00019  0.00092  1.91   98526      91  492351  6644296  67.44
1990-1994     10-14     0.00024  0.00121  2.67   98435     119  491899  6151945  62.50
1990-1994     15-19     0.00083  0.00415  2.98   98316     408  490758  5660046  57.57
1990-1994     20-24     0.00110  0.00547  2.60   97908     536  488255  5169288  52.80
1990-1994     25-29     0.00120  0.00597  2.38   97373     581  485341  4681034  48.07
1990-1994     30-34     0.00135  0.00673  2.54   96792     651  482357  4195693  43.35
1990-1994     35-39     0.00209  0.01041  2.73   96140    1001  478433  3713336  38.62
1990-1994     40-44     0.00347  0.01720  2.65   95140    1636  471860  3234903  34.00
1990-1994     45-49     0.00557  0.02751  2.78   93504    2573  461807  2763043  29.55
1990-1994     50-54     0.01012  0.04950  2.78   90931    4501  444666  2301237  25.31
1990-1994     55-59     0.01546  0.07454  2.61   86430    6442  416766  1856571  21.48
1990-1994     60-64     0.02380  0.11247  2.57   79988    8996  378053  1439805  18.00
1990-1994     65-69     0.03459  0.15968  2.60   70991   11336  327769  1061751  14.96
1990-1994     70-74     0.04655  0.20820  2.47   59655   12420  266833   733982  12.30
1990-1994     75-79     0.06247  0.26941  2.45   47235   12726  203702   467150   9.89
1990-1994     80-84     0.10471  0.41123  2.39   34510   14191  135535   263448   7.63
1990-1994     85-89     0.13451  0.49477  2.33   20318   10053   74739   127913   6.30
1990-1994     90-94     0.17135  0.58241  2.25   10265    5979   34893    53175   5.18
1990-1994     95-99     0.21603  0.66922  2.16    4287    2869   13280    18282   4.26
1990-1994    100-104    0.26897  0.74970  2.05    1418    1063    3952     5002   3.53
1990-1994    105-109    0.32994  0.81904  1.93     355     291     881     1050   2.96
1990-1994    110+       0.37989  1.00000  2.63      64      64     169      169   2.63
1995-1999        0      0.01028  0.01018  0.08  100000    1018   99060  7004593  70.05
1995-1999      1-4      0.00055  0.00222  1.56   98982     219  395392  6905533  69.77
1995-1999      5-9      0.00018  0.00088  2.09   98763      87  493559  6510141  65.92
1995-1999     10-14     0.00037  0.00187  2.97   98675     184  493003  6016583  60.97
1995-1999     15-19     0.00112  0.00561  2.72   98491     552  491197  5523580  56.08
1995-1999     20-24     0.00125  0.00625  2.55   97939     612  488194  5032383  51.38
1995-1999     25-29     0.00151  0.00753  2.53   97327     733  484823  4544189  46.69
1995-1999     30-34     0.00178  0.00886  2.63   96594     856  480941  4059366  42.03
1995-1999     35-39     0.00204  0.01016  2.60   95738     972  476357  3578425  37.38
1995-1999     40-44     0.00337  0.01670  2.72   94766    1582  470221  3102068  32.73
1995-1999     45-49     0.00616  0.03036  2.74   93184    2829  459520  2631847  28.24
1995-1999     50-54     0.01053  0.05141  2.70   90355    4645  441077  2172327  24.04
1995-1999     55-59     0.01652  0.07947  2.61   85710    6811  412269  1731250  20.20
1995-1999     60-64     0.02664  0.12515  2.59   78899    9875  370709  1318981  16.72
1995-1999     65-69     0.03927  0.17879  2.50   69024   12341  314226   948272  13.74
1995-1999     70-74     0.05444  0.24074  2.60   56683   13646  250649   634046  11.19
1995-1999     75-79     0.07400  0.31281  2.53   43037   13462  181926   383397   8.91
1995-1999     80-84     0.11389  0.43993  2.41   29575   13011  114240   201471   6.81
1995-1999     85-89     0.16123  0.56233  2.31   16564    9315   57772    87232   5.27
1995-1999     90-94     0.22310  0.68433  2.18    7250    4961   22237    29459   4.06
1995-1999     95-99     0.30016  0.79116  2.01    2288    1811    6032     7222   3.16
1995-1999    100-104    0.39074  0.87238  1.83     478     417    1067     1190   2.49
1995-1999    105-109    0.49025  0.92620  1.64      61      56     115      123   2.02
1995-1999    110+       0.57268  1.00000  1.75       5       5       8        8   1.75
2000-2004        0      0.00776  0.00770  0.07  100000     770   99284  7187682  71.88
2000-2004      1-4      0.00042  0.00169  1.54   99230     168  396508  7088399  71.43
2000-2004      5-9      0.00018  0.00088  2.46   99062      88  495089  6691890  67.55
2000-2004     10-14     0.00028  0.00141  2.97   98975     139  494590  6196801  62.61
2000-2004     15-19     0.00094  0.00467  2.77   98835     461  493149  5702211  57.69
2000-2004     20-24     0.00107  0.00533  2.50   98374     525  490557  5209062  52.95
2000-2004     25-29     0.00125  0.00621  2.58   97849     608  487774  4718505  48.22
2000-2004     30-34     0.00156  0.00778  2.56   97241     756  484363  4230731  43.51
2000-2004     35-39     0.00176  0.00876  2.59   96485     845  480393  3746368  38.83
2000-2004     40-44     0.00312  0.01549  2.71   95640    1482  474810  3265975  34.15
2000-2004     45-49     0.00529  0.02613  2.71   94158    2460  465144  2791165  29.64
2000-2004     50-54     0.00863  0.04230  2.73   91698    3879  449665  2326020  25.37
2000-2004     55-59     0.01433  0.06942  2.77   87819    6096  425493  1876355  21.37
2000-2004     60-64     0.02179  0.10358  2.61   81722    8465  388416  1450862  17.75
2000-2004     65-69     0.03466  0.16005  2.61   73258   11725  338313  1062447  14.50
2000-2004     70-74     0.04952  0.22016  2.48   61533   13547  273543   724134  11.77
2000-2004     75-79     0.06813  0.29134  2.52   47986   13980  205198   450591   9.39
2000-2004     80-84     0.10015  0.39971  2.48   34006   13593  135725   245393   7.22
2000-2004     85-89     0.15311  0.54492  2.36   20413   11124   72650   109668   5.37
2000-2004     90-94     0.22562  0.69054  2.19    9290    6415   28433    37018   3.98
2000-2004     95-99     0.31787  0.81216  1.99    2875    2335    7345     8585   2.99
2000-2004    100-104    0.42574  0.89609  1.77     540     484    1137     1240   2.30
2000-2004    105-109    0.54074  0.94506  1.56      56      53      98      103   1.83
2000-2004    110+       0.63373  1.00000  1.58       3       3       5        5   1.58
2005-2008        0      0.00682  0.00678  0.07  100000     678   99368  7368902  73.69
2005-2008      1-4      0.00042  0.00168  1.52   99322     167  396874  7269534  73.19
2005-2008      5-9      0.00021  0.00107  2.34   99155     107  495492  6872660  69.31
2005-2008     10-14     0.00021  0.00107  3.08   99049     106  495040  6377168  64.38
2005-2008     15-19     0.00092  0.00457  2.63   98943     452  493645  5882127  59.45
2005-2008     20-24     0.00104  0.00520  2.39   98491     512  491118  5388482  54.71
2005-2008     25-29     0.00099  0.00491  2.41   97978     481  488643  4897364  49.98
2005-2008     30-34     0.00143  0.00713  2.69   97497     695  485876  4408720  45.22
2005-2008     35-39     0.00190  0.00946  2.70   96802     916  481903  3922844  40.52
2005-2008     40-44     0.00301  0.01495  2.76   95886    1433  476223  3440941  35.89
2005-2008     45-49     0.00430  0.02128  2.68   94453    2010  467599  2964718  31.39
2005-2008     50-54     0.00715  0.03518  2.69   92443    3253  454700  2497120  27.01
2005-2008     55-59     0.01147  0.05583  2.62   89190    4979  434102  2042420  22.90
2005-2008     60-64     0.02036  0.09711  2.63   84211    8178  401689  1608318  19.10
2005-2008     65-69     0.02739  0.12847  2.59   76033    9768  356600  1206629  15.87
2005-2008     70-74     0.04250  0.19314  2.64   66266   12798  301145   850030  12.83
2005-2008     75-79     0.05886  0.25676  2.52   53467   13728  233224   548885  10.27
2005-2008     80-84     0.09168  0.37181  2.46   39739   14775  161165   315660   7.94
2005-2008     85-89     0.13031  0.48555  2.38   24964   12121   93020   154496   6.19
2005-2008     90-94     0.18229  0.60812  2.26   12843    7810   42843    61476   4.79
2005-2008     95-99     0.24943  0.72567  2.12    5033    3652   14642    18632   3.70
2005-2008    100-104    0.33169  0.82394  1.95    1381    1138    3430     3990   2.89
2005-2008    105-109    0.42626  0.89498  1.76     243     218     510      561   2.31
2005-2008    110+       0.50588  1.00000  1.98      26      26      50       50   1.98
