New Zealand -- Non-Maori, Life tables (period 5x5), Total     Last modified: 08-Jul-2013, MPv5 (May07)

  Year          Age         mx       qx    ax      lx      dx      Lx       Tx     ex
1901-1904        0      0.08147  0.07692  0.27  100000    7692   94409  5887445  58.87
1901-1904      1-4      0.00650  0.02558  1.43   92308    2362  363173  5793037  62.76
1901-1904      5-9      0.00221  0.01101  2.31   89947     990  447073  5429863  60.37
1901-1904     10-14     0.00174  0.00867  2.60   88957     771  442932  4982790  56.01
1901-1904     15-19     0.00282  0.01401  2.69   88186    1236  438069  4539858  51.48
1901-1904     20-24     0.00382  0.01891  2.57   86950    1644  430752  4101790  47.17
1901-1904     25-29     0.00458  0.02265  2.54   85306    1932  421781  3671038  43.03
1901-1904     30-34     0.00487  0.02407  2.55   83374    2006  411949  3249257  38.97
1901-1904     35-39     0.00631  0.03107  2.58   81368    2528  400730  2837308  34.87
1901-1904     40-44     0.00725  0.03561  2.54   78840    2807  387281  2436578  30.91
1901-1904     45-49     0.00919  0.04496  2.62   76032    3418  372039  2049298  26.95
1901-1904     50-54     0.01343  0.06505  2.60   72614    4724  351723  1677259  23.10
1901-1904     55-59     0.01731  0.08306  2.58   67890    5639  325796  1325536  19.52
1901-1904     60-64     0.02495  0.11775  2.62   62252    7330  293824   999740  16.06
1901-1904     65-69     0.03918  0.17906  2.60   54922    9834  250997   705916  12.85
1901-1904     70-74     0.06187  0.26914  2.59   45087   12135  196135   454919  10.09
1901-1904     75-79     0.09170  0.37580  2.60   32952   12384  135051   258784   7.85
1901-1904     80-84     0.13181  0.48969  2.38   20569   10072   76415   123733   6.02
1901-1904     85-89     0.19276  0.63111  2.27   10497    6624   34366    47318   4.51
1901-1904     90-94     0.27805  0.76716  2.08    3872    2971   10684    12952   3.34
1901-1904     95-99     0.38465  0.87040  1.86     902     785    2040     2268   2.52
1901-1904    100-104    0.50541  0.93379  1.62     117     109     216      228   1.95
1901-1904    105-109    0.62749  0.96652  1.42       8       7      12       12   1.59
1901-1904    110+       0.72218  1.00000  1.38       0       0       0        0   1.38
1905-1909        0      0.07447  0.07055  0.25  100000    7055   94739  6048305  60.48
1905-1909      1-4      0.00549  0.02166  1.37   92945    2013  366480  5953566  64.05
1905-1909      5-9      0.00193  0.00958  2.49   90931     871  452467  5587086  61.44
1905-1909     10-14     0.00164  0.00815  2.50   90060     734  448465  5134619  57.01
1905-1909     15-19     0.00241  0.01201  2.70   89326    1072  444165  4686154  52.46
1905-1909     20-24     0.00352  0.01743  2.59   88254    1538  437565  4241989  48.07
1905-1909     25-29     0.00415  0.02053  2.53   86715    1780  429175  3804424  43.87
1905-1909     30-34     0.00452  0.02237  2.56   84935    1900  420038  3375248  39.74
1905-1909     35-39     0.00565  0.02789  2.56   83034    2315  409522  2955210  35.59
1905-1909     40-44     0.00645  0.03173  2.57   80719    2561  397380  2545688  31.54
1905-1909     45-49     0.00888  0.04345  2.59   78158    3396  382618  2148308  27.49
1905-1909     50-54     0.01137  0.05532  2.60   74761    4136  363868  1765690  23.62
1905-1909     55-59     0.01613  0.07767  2.61   70625    5485  340023  1401822  19.85
1905-1909     60-64     0.02322  0.11003  2.62   65140    7168  308659  1061799  16.30
1905-1909     65-69     0.03765  0.17277  2.62   57973   10016  266030   753139  12.99
1905-1909     70-74     0.05976  0.26109  2.58   47957   12521  209525   487109  10.16
1905-1909     75-79     0.09476  0.38371  2.52   35436   13597  143491   277585   7.83
1905-1909     80-84     0.12764  0.47884  2.39   21839   10457   81929   134093   6.14
1905-1909     85-89     0.18978  0.62426  2.26   11381    7105   37439    52164   4.58
1905-1909     90-94     0.26947  0.75539  2.09    4277    3230   11988    14726   3.44
1905-1909     95-99     0.36879  0.85775  1.88    1046     897    2433     2738   2.62
1905-1909    100-104    0.48111  0.92354  1.66     149     137     286      305   2.05
1905-1909    105-109    0.59641  0.95976  1.47      11      11      18       19   1.67
1905-1909    110+       0.68755  1.00000  1.45       0       0       1        1   1.45
1910-1914        0      0.05958  0.05691  0.21  100000    5691   95522  6190053  61.90
1910-1914      1-4      0.00457  0.01809  1.47   94309    1706  372927  6094531  64.62
1910-1914      5-9      0.00173  0.00862  2.28   92603     798  460845  5721603  61.79
1910-1914     10-14     0.00132  0.00657  2.60   91805     603  457573  5260758  57.30
1910-1914     15-19     0.00233  0.01158  2.69   91201    1056  453562  4803185  52.67
1910-1914     20-24     0.00311  0.01544  2.58   90145    1391  447354  4349622  48.25
1910-1914     25-29     0.00369  0.01828  2.56   88754    1623  439803  3902268  43.97
1910-1914     30-34     0.00435  0.02151  2.58   87131    1874  431116  3462465  39.74
1910-1914     35-39     0.00548  0.02706  2.56   85257    2307  420656  3031350  35.56
1910-1914     40-44     0.00614  0.03027  2.56   82950    2511  408618  2610694  31.47
1910-1914     45-49     0.00819  0.04016  2.61   80439    3230  394482  2202075  27.38
1910-1914     50-54     0.01144  0.05569  2.62   77209    4300  375816  1807593  23.41
1910-1914     55-59     0.01635  0.07865  2.60   72909    5734  350753  1431777  19.64
1910-1914     60-64     0.02314  0.10967  2.63   67174    7367  318441  1081025  16.09
1910-1914     65-69     0.03814  0.17482  2.62   59807   10455  274137   762584  12.75
1910-1914     70-74     0.06130  0.26681  2.57   49352   13168  214799   488447   9.90
1910-1914     75-79     0.09749  0.39212  2.51   36184   14189  145535   273648   7.56
1910-1914     80-84     0.13906  0.51121  2.41   21995   11244   80860   128112   5.82
1910-1914     85-89     0.20134  0.64548  2.22   10751    6940   34467    47252   4.40
1910-1914     90-94     0.27876  0.76670  2.07    3812    2922   10483    12785   3.35
1910-1914     95-99     0.37389  0.86089  1.87     889     766    2047     2302   2.59
1910-1914    100-104    0.47885  0.92184  1.66     124     114     238      255   2.06
1910-1914    105-109    0.58492  0.95653  1.48      10       9      16       16   1.70
1910-1914    110+       0.66811  1.00000  1.50       0       0       1        1   1.50
1915-1919        0      0.04960  0.04767  0.19  100000    4767   96119  6057401  60.57
1915-1919      1-4      0.00523  0.02066  1.61   95233    1968  376225  5961282  62.60
1915-1919      5-9      0.00220  0.01095  2.29   93265    1021  463555  5585057  59.88
1915-1919     10-14     0.00155  0.00770  2.58   92244     711  459498  5121502  55.52
1915-1919     15-19     0.00281  0.01395  2.85   91533    1277  454916  4662004  50.93
1915-1919     20-24     0.00448  0.02215  2.64   90256    1999  446570  4207088  46.61
1915-1919     25-29     0.00599  0.02951  2.52   88257    2604  434836  3760518  42.61
1915-1919     30-34     0.00646  0.03180  2.50   85653    2724  421463  3325682  38.83
1915-1919     35-39     0.00707  0.03477  2.54   82929    2883  407548  2904219  35.02
1915-1919     40-44     0.00730  0.03587  2.51   80046    2871  393074  2496671  31.19
1915-1919     45-49     0.00907  0.04438  2.56   77175    3425  377503  2103597  27.26
1915-1919     50-54     0.01196  0.05812  2.61   73750    4286  358493  1726094  23.40
1915-1919     55-59     0.01620  0.07804  2.65   69464    5421  334598  1367601  19.69
1915-1919     60-64     0.02425  0.11460  2.60   64043    7339  302630  1033003  16.13
1915-1919     65-69     0.03675  0.16914  2.65   56703    9591  260983   730373  12.88
1915-1919     70-74     0.05922  0.25906  2.58   47112   12205  206080   469390   9.96
1915-1919     75-79     0.09764  0.39214  2.49   34907   13688  140196   263310   7.54
1915-1919     80-84     0.13616  0.50419  2.43   21219   10698   78572   123115   5.80
1915-1919     85-89     0.21278  0.66870  2.22   10521    7035   33063    44543   4.23
1915-1919     90-94     0.28384  0.77380  2.06    3485    2697    9502    11480   3.29
1915-1919     95-99     0.38647  0.87104  1.85     788     687    1777     1977   2.51
1915-1919    100-104    0.50081  0.93150  1.63     102      95     189      200   1.97
1915-1919    105-109    0.61565  0.96384  1.44       7       7      11       11   1.62
1915-1919    110+       0.70481  1.00000  1.42       0       0       0        0   1.42
1920-1924        0      0.04735  0.04558  0.18  100000    4558   96260  6357785  63.58
1920-1924      1-4      0.00437  0.01730  1.57   95442    1652  377751  6261525  65.61
1920-1924      5-9      0.00177  0.00881  2.32   93790     827  466731  5883775  62.73
1920-1924     10-14     0.00127  0.00631  2.63   92963     587  463426  5417044  58.27
1920-1924     15-19     0.00198  0.00986  2.69   92377     911  459780  4953618  53.62
1920-1924     20-24     0.00296  0.01471  2.62   91466    1346  454125  4493838  49.13
1920-1924     25-29     0.00347  0.01722  2.54   90120    1552  446781  4039712  44.83
1920-1924     30-34     0.00404  0.01999  2.54   88568    1770  438477  3592931  40.57
1920-1924     35-39     0.00474  0.02342  2.59   86798    2033  429087  3154454  36.34
1920-1924     40-44     0.00566  0.02792  2.61   84765    2367  418159  2725367  32.15
1920-1924     45-49     0.00745  0.03660  2.58   82398    3016  404682  2307208  28.00
1920-1924     50-54     0.01062  0.05181  2.64   79382    4113  387184  1902526  23.97
1920-1924     55-59     0.01456  0.07037  2.63   75269    5296  363774  1515342  20.13
1920-1924     60-64     0.02258  0.10716  2.63   69973    7498  332064  1151568  16.46
1920-1924     65-69     0.03539  0.16294  2.57   62474   10180  287604   819504  13.12
1920-1924     70-74     0.05682  0.24993  2.59   52295   13070  230025   531901  10.17
1920-1924     75-79     0.09308  0.37833  2.53   39225   14840  159430   301875   7.70
1920-1924     80-84     0.13306  0.49588  2.43   24385   12092   90871   142445   5.84
1920-1924     85-89     0.21331  0.67149  2.24   12293    8255   38697    51574   4.20
1920-1924     90-94     0.29463  0.78538  2.03    4038    3172   10765    12877   3.19
1920-1924     95-99     0.39859  0.87976  1.83     867     762    1913     2112   2.44
1920-1924    100-104    0.51716  0.93770  1.60     104      98     189      199   1.91
1920-1924    105-109    0.63449  0.96760  1.41       6       6      10       10   1.57
1920-1924    110+       0.72454  1.00000  1.38       0       0       0        0   1.38
1925-1929        0      0.03874  0.03752  0.16  100000    3752   96833  6510136  65.10
1925-1929      1-4      0.00371  0.01469  1.55   96248    1414  381529  6413303  66.63
1925-1929      5-9      0.00157  0.00780  2.16   94834     739  472074  6031774  63.60
1925-1929     10-14     0.00120  0.00600  2.59   94095     565  469117  5559700  59.09
1925-1929     15-19     0.00177  0.00880  2.73   93531     823  465782  5090583  54.43
1925-1929     20-24     0.00259  0.01289  2.59   92707    1195  460655  4624801  49.89
1925-1929     25-29     0.00291  0.01442  2.53   91512    1320  454302  4164146  45.50
1925-1929     30-34     0.00318  0.01576  2.60   90192    1422  447544  3709844  41.13
1925-1929     35-39     0.00418  0.02067  2.55   88770    1835  439355  3262301  36.75
1925-1929     40-44     0.00492  0.02430  2.54   86935    2112  429478  2822946  32.47
1925-1929     45-49     0.00719  0.03533  2.60   84823    2996  416930  2393468  28.22
1925-1929     50-54     0.00996  0.04862  2.59   81827    3978  399554  1976538  24.16
1925-1929     55-59     0.01427  0.06904  2.66   77848    5374  376686  1576984  20.26
1925-1929     60-64     0.02193  0.10422  2.63   72474    7553  344457  1200298  16.56
1925-1929     65-69     0.03483  0.16071  2.60   64921   10434  299530   855841  13.18
1925-1929     70-74     0.05534  0.24455  2.62   54487   13325  240760   556311  10.21
1925-1929     75-79     0.09223  0.37326  2.45   41163   15364  166579   315551   7.67
1925-1929     80-84     0.13528  0.50385  2.47   25798   12999   96085   148972   5.77
1925-1929     85-89     0.21667  0.67333  2.19   12800    8619   39778    52887   4.13
1925-1929     90-94     0.29917  0.79502  2.05    4181    3324   11111    13109   3.14
1925-1929     95-99     0.41813  0.89266  1.79     857     765    1830     1997   2.33
1925-1929    100-104    0.54325  0.94650  1.56      92      87     160      168   1.82
1925-1929    105-109    0.66406  0.97274  1.37       5       5       7        7   1.50
1925-1929    110+       0.75457  1.00000  1.33       0       0       0        0   1.33
1930-1934        0      0.03284  0.03194  0.14  100000    3194   97252  6676599  66.77
1930-1934      1-4      0.00274  0.01090  1.57   96806    1055  384660  6579347  67.96
1930-1934      5-9      0.00122  0.00610  2.41   95751     584  477244  6194687  64.70
1930-1934     10-14     0.00088  0.00439  2.52   95167     418  474797  5717444  60.08
1930-1934     15-19     0.00166  0.00826  2.72   94749     783  471964  5242647  55.33
1930-1934     20-24     0.00222  0.01105  2.60   93966    1038  467339  4770683  50.77
1930-1934     25-29     0.00261  0.01298  2.57   92928    1207  461706  4303344  46.31
1930-1934     30-34     0.00284  0.01410  2.60   91722    1293  455499  3841638  41.88
1930-1934     35-39     0.00360  0.01784  2.65   90428    1613  448345  3386138  37.45
1930-1934     40-44     0.00440  0.02180  2.62   88815    1936  439477  2937793  33.08
1930-1934     45-49     0.00647  0.03189  2.66   86879    2770  427926  2498316  28.76
1930-1934     50-54     0.00928  0.04539  2.62   84109    3818  411473  2070390  24.62
1930-1934     55-59     0.01320  0.06400  2.62   80291    5139  389250  1658916  20.66
1930-1934     60-64     0.02090  0.09962  2.66   75152    7487  358231  1269666  16.89
1930-1934     65-69     0.03301  0.15288  2.59   67665   10345  313392   911435  13.47
1930-1934     70-74     0.05286  0.23469  2.61   57321   13453  254483   598044  10.43
1930-1934     75-79     0.09033  0.36822  2.49   43868   16153  178831   343561   7.83
1930-1934     80-84     0.12892  0.48426  2.43   27715   13421  104101   164730   5.94
1930-1934     85-89     0.20938  0.66192  2.22   14294    9461   45186    60629   4.24
1930-1934     90-94     0.29173  0.78688  2.07    4832    3803   13035    15443   3.20
1930-1934     95-99     0.41647  0.89199  1.80    1030     919    2206     2408   2.34
1930-1934    100-104    0.54456  0.94708  1.56     111     105     193      202   1.82
1930-1934    105-109    0.66790  0.97341  1.36       6       6       9        9   1.49
1930-1934    110+       0.75984  1.00000  1.32       0       0       0        0   1.32
1935-1939        0      0.03341  0.03248  0.14  100000    3248   97210  6702680  67.03
1935-1939      1-4      0.00258  0.01025  1.54   96752     992  384567  6605470  68.27
1935-1939      5-9      0.00121  0.00605  2.20   95761     579  477182  6220903  64.96
1935-1939     10-14     0.00092  0.00457  2.51   95181     435  474824  5743721  60.35
1935-1939     15-19     0.00143  0.00713  2.76   94746     676  472217  5268898  55.61
1935-1939     20-24     0.00215  0.01067  2.54   94071    1004  467881  4796680  50.99
1935-1939     25-29     0.00229  0.01138  2.53   93067    1059  462716  4328799  46.51
1935-1939     30-34     0.00246  0.01223  2.60   92007    1125  457332  3866083  42.02
1935-1939     35-39     0.00325  0.01613  2.64   90883    1466  450950  3408751  37.51
1935-1939     40-44     0.00445  0.02203  2.60   89417    1970  442357  2957801  33.08
1935-1939     45-49     0.00614  0.03025  2.60   87447    2645  430894  2515443  28.77
1935-1939     50-54     0.00895  0.04383  2.70   84802    3717  415453  2084549  24.58
1935-1939     55-59     0.01403  0.06792  2.67   81085    5507  392585  1669096  20.58
1935-1939     60-64     0.02104  0.10025  2.65   75578    7577  360112  1276511  16.89
1935-1939     65-69     0.03373  0.15613  2.62   68001   10617  314752   916399  13.48
1935-1939     70-74     0.05317  0.23608  2.63   57384   13547  254795   601646  10.48
1935-1939     75-79     0.08717  0.35740  2.48   43837   15667  179729   346852   7.91
1935-1939     80-84     0.13071  0.49015  2.45   28170   13807  105633   167123   5.93
1935-1939     85-89     0.20559  0.65483  2.23   14362    9405   45745    61490   4.28
1935-1939     90-94     0.29535  0.78614  2.03    4957    3897   13195    15744   3.18
1935-1939     95-99     0.40433  0.88388  1.82    1060     937    2318     2549   2.40
1935-1939    100-104    0.52633  0.94098  1.59     123     116     220      231   1.88
1935-1939    105-109    0.64523  0.96956  1.39       7       7      11       11   1.54
1935-1939    110+       0.73523  1.00000  1.36       0       0       0        0   1.36
1940-1944        0      0.03107  0.03026  0.13  100000    3026   97382  6755416  67.55
1940-1944      1-4      0.00225  0.00895  1.55   96974     868  385774  6658034  68.66
1940-1944      5-9      0.00091  0.00456  2.36   96107     438  479377  6272260  65.26
1940-1944     10-14     0.00083  0.00414  2.55   95668     396  477373  5792883  60.55
1940-1944     15-19     0.00123  0.00615  2.65   95272     586  474987  5315510  55.79
1940-1944     20-24     0.00211  0.01049  2.57   94687     993  471020  4840522  51.12
1940-1944     25-29     0.00224  0.01114  2.48   93693    1044  465831  4369502  46.64
1940-1944     30-34     0.00234  0.01165  2.54   92649    1079  460586  3903672  42.13
1940-1944     35-39     0.00278  0.01379  2.58   91570    1262  454797  3443086  37.60
1940-1944     40-44     0.00374  0.01851  2.60   90307    1672  447525  2988288  33.09
1940-1944     45-49     0.00571  0.02817  2.64   88636    2497  437283  2540764  28.67
1940-1944     50-54     0.00884  0.04333  2.72   86139    3732  422200  2103481  24.42
1940-1944     55-59     0.01384  0.06702  2.66   82406    5523  399124  1681281  20.40
1940-1944     60-64     0.02141  0.10198  2.68   76883    7840  366212  1282156  16.68
1940-1944     65-69     0.03481  0.16061  2.60   69043   11089  318587   915944  13.27
1940-1944     70-74     0.05528  0.24444  2.63   57954   14166  256251   597357  10.31
1940-1944     75-79     0.09017  0.36814  2.51   43787   16120  178772   341105   7.79
1940-1944     80-84     0.13192  0.49434  2.47   27667   13677  103675   162334   5.87
1940-1944     85-89     0.21081  0.66490  2.22   13990    9302   44126    58658   4.19
1940-1944     90-94     0.30195  0.80009  2.06    4688    3751   12422    14532   3.10
1940-1944     95-99     0.43386  0.90243  1.76     937     846    1949     2109   2.25
1940-1944    100-104    0.56739  0.95371  1.52      91      87     154      160   1.75
1940-1944    105-109    0.69306  0.97705  1.33       4       4       6        6   1.44
1940-1944    110+       0.78453  1.00000  1.27       0       0       0        0   1.27
1945-1949        0      0.02611  0.02552  0.12  100000    2552   97756  6947151  69.47
1945-1949      1-4      0.00165  0.00659  1.54   97448     642  388212  6849395  70.29
1945-1949      5-9      0.00068  0.00339  2.17   96805     328  483095  6461183  66.74
1945-1949     10-14     0.00064  0.00318  2.59   96477     306  481646  5978088  61.96
1945-1949     15-19     0.00104  0.00517  2.75   96170     497  479734  5496442  57.15
1945-1949     20-24     0.00150  0.00747  2.53   95673     715  476597  5016708  52.44
1945-1949     25-29     0.00160  0.00795  2.60   94958     755  472980  4540111  47.81
1945-1949     30-34     0.00168  0.00837  2.63   94203     788  469146  4067131  43.17
1945-1949     35-39     0.00229  0.01139  2.64   93415    1064  464562  3597985  38.52
1945-1949     40-44     0.00294  0.01461  2.70   92351    1349  458655  3133423  33.93
1945-1949     45-49     0.00530  0.02618  2.72   91002    2383  449577  2674768  29.39
1945-1949     50-54     0.00811  0.03982  2.67   88619    3529  434873  2225191  25.11
1945-1949     55-59     0.01254  0.06097  2.72   85090    5188  413621  1790318  21.04
1945-1949     60-64     0.02018  0.09646  2.71   79902    7707  381842  1376697  17.23
1945-1949     65-69     0.03179  0.14768  2.60   72195   10662  335431   994855  13.78
1945-1949     70-74     0.05184  0.23089  2.63   61533   14207  274035   659424  10.72
1945-1949     75-79     0.08428  0.34973  2.57   47326   16551  196381   385389   8.14
1945-1949     80-84     0.12451  0.47353  2.47   30775   14573  117043   189008   6.14
1945-1949     85-89     0.19838  0.64254  2.26   16202   10410   52477    71965   4.44
1945-1949     90-94     0.27524  0.76998  2.14    5792    4459   16202    19488   3.36
1945-1949     95-99     0.39306  0.87650  1.84    1332    1168    2971     3286   2.47
1945-1949    100-104    0.51547  0.93738  1.61     165     154     299      315   1.92
1945-1949    105-109    0.63625  0.96805  1.41      10      10      16       16   1.57
1945-1949    110+       0.72839  1.00000  1.37       0       0       0        0   1.37
1950-1954        0      0.02199  0.02157  0.11  100000    2157   98079  7069624  70.70
1950-1954      1-4      0.00130  0.00518  1.59   97843     507  390149  6971545  71.25
1950-1954      5-9      0.00052  0.00259  2.36   97336     252  486014  6581396  67.62
1950-1954     10-14     0.00046  0.00230  2.67   97084     223  484899  6095382  62.78
1950-1954     15-19     0.00094  0.00471  2.80   96861     456  483303  5610483  57.92
1950-1954     20-24     0.00124  0.00618  2.44   96405     596  480500  5127180  53.18
1950-1954     25-29     0.00125  0.00622  2.54   95809     596  477582  4646680  48.50
1950-1954     30-34     0.00141  0.00701  2.57   95213     668  474446  4169097  43.79
1950-1954     35-39     0.00190  0.00946  2.67   94546     894  470642  3694652  39.08
1950-1954     40-44     0.00275  0.01366  2.69   93651    1279  465309  3224010  34.43
1950-1954     45-49     0.00472  0.02333  2.70   92373    2155  456911  2758701  29.86
1950-1954     50-54     0.00761  0.03741  2.72   90217    3375  443399  2301790  25.51
1950-1954     55-59     0.01227  0.05967  2.72   86842    5182  422384  1858391  21.40
1950-1954     60-64     0.01939  0.09278  2.67   81661    7577  390683  1436007  17.59
1950-1954     65-69     0.03060  0.14249  2.59   74084   10556  344964  1045325  14.11
1950-1954     70-74     0.04899  0.21957  2.64   63528   13949  284742   700361  11.02
1950-1954     75-79     0.07951  0.33210  2.52   49579   16465  207089   415619   8.38
1950-1954     80-84     0.11903  0.45825  2.49   33114   15175  127481   208530   6.30
1950-1954     85-89     0.19224  0.63120  2.28   17939   11323   58903    81049   4.52
1950-1954     90-94     0.27478  0.76723  2.12    6616    5076   18473    22146   3.35
1950-1954     95-99     0.40718  0.88692  1.82    1540    1366    3354     3673   2.38
1950-1954    100-104    0.54131  0.94654  1.56     174     165     305      318   1.83
1950-1954    105-109    0.67105  0.97409  1.36       9       9      14       14   1.49
1950-1954    110+       0.76713  1.00000  1.30       0       0       0        0   1.30
1955-1959        0      0.02035  0.01999  0.10  100000    1999   98210  7146221  71.46
1955-1959      1-4      0.00115  0.00457  1.55   98001     448  390907  7048011  71.92
1955-1959      5-9      0.00045  0.00222  2.28   97553     217  487175  6657104  68.24
1955-1959     10-14     0.00042  0.00208  2.64   97336     202  486205  6169929  63.39
1955-1959     15-19     0.00082  0.00410  2.81   97134     398  484799  5683724  58.51
1955-1959     20-24     0.00110  0.00546  2.48   96736     529  482350  5198925  53.74
1955-1959     25-29     0.00108  0.00536  2.56   96207     516  479780  4716575  49.03
1955-1959     30-34     0.00123  0.00613  2.54   95691     586  477014  4236795  44.28
1955-1959     35-39     0.00175  0.00869  2.63   95105     826  473565  3759781  39.53
1955-1959     40-44     0.00246  0.01222  2.66   94279    1152  468701  3286216  34.86
1955-1959     45-49     0.00431  0.02135  2.71   93126    1988  461086  2817515  30.25
1955-1959     50-54     0.00698  0.03435  2.71   91138    3131  448531  2356429  25.86
1955-1959     55-59     0.01149  0.05593  2.67   88007    4922  428588  1907898  21.68
1955-1959     60-64     0.01844  0.08847  2.72   83085    7350  398644  1479310  17.80
1955-1959     65-69     0.02964  0.13840  2.61   75735   10482  353669  1080665  14.27
1955-1959     70-74     0.04751  0.21371  2.65   65253   13945  293502   726996  11.14
1955-1959     75-79     0.07914  0.33121  2.54   51308   16994  214723   433494   8.45
1955-1959     80-84     0.11788  0.45467  2.49   34314   15601  132353   218771   6.38
1955-1959     85-89     0.18716  0.61961  2.27   18713   11595   61949    86418   4.62
1955-1959     90-94     0.26623  0.75854  2.16    7118    5399   20281    24469   3.44
1955-1959     95-99     0.39780  0.88055  1.84    1719    1513    3804     4188   2.44
1955-1959    100-104    0.52865  0.94241  1.59     205     193     366      384   1.87
1955-1959    105-109    0.65688  0.97186  1.38      12      11      17       18   1.52
1955-1959    110+       0.75320  1.00000  1.33       0       0       0        0   1.33
1960-1964        0      0.01879  0.01848  0.10  100000    1848   98338  7181634  71.82
1960-1964      1-4      0.00099  0.00396  1.51   98152     389  391639  7083296  72.17
1960-1964      5-9      0.00039  0.00196  2.34   97763     191  488304  6691658  68.45
1960-1964     10-14     0.00036  0.00181  2.61   97572     176  487435  6203353  63.58
1960-1964     15-19     0.00075  0.00373  2.78   97395     364  486168  5715918  58.69
1960-1964     20-24     0.00096  0.00481  2.48   97031     467  483983  5229750  53.90
1960-1964     25-29     0.00089  0.00444  2.55   96565     429  481773  4745767  49.15
1960-1964     30-34     0.00114  0.00567  2.67   96136     545  479409  4263993  44.35
1960-1964     35-39     0.00168  0.00837  2.74   95591     800  476145  3784584  39.59
1960-1964     40-44     0.00248  0.01233  2.70   94791    1169  471264  3308439  34.90
1960-1964     45-49     0.00437  0.02164  2.72   93622    2026  463489  2837175  30.30
1960-1964     50-54     0.00693  0.03411  2.71   91596    3125  450812  2373685  25.91
1960-1964     55-59     0.01156  0.05630  2.70   88472    4981  430880  1922874  21.73
1960-1964     60-64     0.01856  0.08900  2.69   83491    7431  400316  1491993  17.87
1960-1964     65-69     0.02881  0.13480  2.62   76060   10253  355918  1091677  14.35
1960-1964     70-74     0.04656  0.20981  2.65   65807   13807  296526   735759  11.18
1960-1964     75-79     0.07875  0.32960  2.53   52000   17139  217643   439233   8.45
1960-1964     80-84     0.11803  0.45486  2.48   34861   15857  134350   221589   6.36
1960-1964     85-89     0.18867  0.62369  2.28   19004   11853   62822    87239   4.59
1960-1964     90-94     0.26861  0.75718  2.12    7151    5415   20159    24417   3.41
1960-1964     95-99     0.39516  0.87873  1.84    1737    1526    3862     4258   2.45
1960-1964    100-104    0.52544  0.94136  1.59     211     198     377      396   1.88
1960-1964    105-109    0.65379  0.97137  1.38      12      12      18       19   1.52
1960-1964    110+       0.75062  1.00000  1.33       0       0       0        0   1.33
1965-1969        0      0.01697  0.01672  0.10  100000    1672   98488  7177254  71.77
1965-1969      1-4      0.00092  0.00365  1.64   98328     359  392465  7078765  71.99
1965-1969      5-9      0.00039  0.00195  2.33   97969     191  489337  6686301  68.25
1965-1969     10-14     0.00035  0.00173  2.65   97778     169  488496  6196963  63.38
1965-1969     15-19     0.00088  0.00440  2.81   97610     429  487106  5708467  58.48
1965-1969     20-24     0.00101  0.00502  2.37   97180     488  484615  5221362  53.73
1965-1969     25-29     0.00095  0.00476  2.56   96692     460  482338  4736747  48.99
1965-1969     30-34     0.00118  0.00588  2.64   96232     566  479823  4254409  44.21
1965-1969     35-39     0.00166  0.00825  2.70   95666     789  476510  3774586  39.46
1965-1969     40-44     0.00268  0.01331  2.74   94876    1263  471524  3298076  34.76
1965-1969     45-49     0.00458  0.02267  2.71   93614    2122  463203  2826553  30.19
1965-1969     50-54     0.00731  0.03597  2.72   91492    3291  449941  2363350  25.83
1965-1969     55-59     0.01202  0.05848  2.70   88201    5158  429148  1913409  21.69
1965-1969     60-64     0.01918  0.09176  2.66   83043    7620  397362  1484261  17.87
1965-1969     65-69     0.03007  0.14024  2.61   75423   10577  351810  1086899  14.41
1965-1969     70-74     0.04661  0.20974  2.61   64846   13601  291787   735089  11.34
1965-1969     75-79     0.07505  0.31662  2.53   51245   16225  216195   443302   8.65
1965-1969     80-84     0.11353  0.44201  2.50   35020   15479  136338   227107   6.49
1965-1969     85-89     0.18489  0.61643  2.30   19541   12046   65150    90769   4.65
1965-1969     90-94     0.26804  0.75689  2.12    7495    5673   21165    25619   3.42
1965-1969     95-99     0.39612  0.87996  1.84    1822    1603    4048     4454   2.44
1965-1969    100-104    0.53207  0.94390  1.58     219     206     388      406   1.86
1965-1969    105-109    0.66560  0.97342  1.37      12      12      18       18   1.50
1965-1969    110+       0.76523  1.00000  1.31       0       0       0        0   1.31
1970-1974        0      0.01537  0.01516  0.09  100000    1516   98622  7218883  72.19
1970-1974      1-4      0.00085  0.00340  1.57   98484     335  393123  7120261  72.30
1970-1974      5-9      0.00038  0.00189  2.36   98149     186  490256  6727137  68.54
1970-1974     10-14     0.00036  0.00180  2.76   97964     177  489422  6236882  63.67
1970-1974     15-19     0.00105  0.00524  2.89   97787     512  487856  5747460  58.78
1970-1974     20-24     0.00104  0.00517  2.30   97275     503  485014  5259604  54.07
1970-1974     25-29     0.00090  0.00450  2.45   96772     436  482747  4774590  49.34
1970-1974     30-34     0.00109  0.00544  2.57   96336     524  480408  4291842  44.55
1970-1974     35-39     0.00162  0.00805  2.72   95812     771  477303  3811435  39.78
1970-1974     40-44     0.00258  0.01282  2.70   95041    1218  472406  3334132  35.08
1970-1974     45-49     0.00443  0.02193  2.70   93823    2058  464377  2861726  30.50
1970-1974     50-54     0.00703  0.03460  2.70   91765    3175  451517  2397349  26.12
1970-1974     55-59     0.01150  0.05602  2.67   88590    4962  431379  1945832  21.96
1970-1974     60-64     0.01859  0.08911  2.68   83628    7452  400829  1514453  18.11
1970-1974     65-69     0.02925  0.13672  2.61   76176   10415  356006  1113624  14.62
1970-1974     70-74     0.04564  0.20584  2.62   65761   13536  296621   757618  11.52
1970-1974     75-79     0.07268  0.30812  2.53   52224   16091  221404   460997   8.83
1970-1974     80-84     0.11053  0.43333  2.51   36133   15658  141657   239593   6.63
1970-1974     85-89     0.17776  0.60238  2.33   20476   12334   69386    97936   4.78
1970-1974     90-94     0.26042  0.74469  2.13    8141    6063   23282    28550   3.51
1970-1974     95-99     0.38067  0.86891  1.87    2079    1806    4745     5268   2.53
1970-1974    100-104    0.51348  0.93759  1.61     272     255     498      524   1.92
1970-1974    105-109    0.64665  0.97038  1.39      17      17      26       26   1.54
1970-1974    110+       0.74784  1.00000  1.34       1       1       1        1   1.34
1975-1979        0      0.01359  0.01342  0.09  100000    1342   98774  7295048  72.95
1975-1979      1-4      0.00079  0.00316  1.66   98658     312  393903  7196274  72.94
1975-1979      5-9      0.00035  0.00174  2.34   98346     171  491274  6802371  69.17
1975-1979     10-14     0.00034  0.00172  2.68   98175     169  490482  6311097  64.28
1975-1979     15-19     0.00109  0.00542  2.83   98006     531  488879  5820615  59.39
1975-1979     20-24     0.00117  0.00584  2.34   97475     569  485862  5331736  54.70
1975-1979     25-29     0.00097  0.00481  2.53   96906     466  483376  4845873  50.01
1975-1979     30-34     0.00102  0.00506  2.57   96440     488  481013  4362497  45.24
1975-1979     35-39     0.00147  0.00732  2.68   95951     702  478125  3881485  40.45
1975-1979     40-44     0.00247  0.01226  2.73   95249    1168  473594  3403360  35.73
1975-1979     45-49     0.00427  0.02117  2.71   94082    1991  465840  2929766  31.14
1975-1979     50-54     0.00677  0.03331  2.70   92091    3067  453398  2463926  26.76
1975-1979     55-59     0.01068  0.05211  2.70   89023    4639  434427  2010528  22.58
1975-1979     60-64     0.01759  0.08446  2.66   84384    7127  405251  1576101  18.68
1975-1979     65-69     0.02688  0.12636  2.63   77257    9762  363122  1170850  15.16
1975-1979     70-74     0.04446  0.20119  2.64   67494   13579  305450   807728  11.97
1975-1979     75-79     0.06738  0.28921  2.55   53915   15593  231402   502278   9.32
1975-1979     80-84     0.10178  0.40572  2.50   38322   15548  152754   270876   7.07
1975-1979     85-89     0.15874  0.55888  2.35   22774   12728   80179   118122   5.19
1975-1979     90-94     0.23792  0.71034  2.16   10046    7136   29994    37943   3.78
1975-1979     95-99     0.35019  0.84440  1.93    2910    2457    7017     7949   2.73
1975-1979    100-104    0.47760  0.92351  1.68     453     418     876      932   2.06
1975-1979    105-109    0.61024  0.96359  1.45      35      33      55       56   1.63
1975-1979    110+       0.71419  1.00000  1.40       1       1       2        2   1.40
1980-1984        0      0.01123  0.01112  0.08  100000    1112   98977  7404933  74.05
1980-1984      1-4      0.00067  0.00266  1.62   98888     263  394927  7305956  73.88
1980-1984      5-9      0.00030  0.00151  2.33   98625     149  492728  6911029  70.07
1980-1984     10-14     0.00029  0.00145  2.79   98476     143  492065  6418301  65.18
1980-1984     15-19     0.00094  0.00469  2.75   98334     461  490630  5926236  60.27
1980-1984     20-24     0.00122  0.00606  2.38   97873     593  487808  5435605  55.54
1980-1984     25-29     0.00093  0.00465  2.44   97280     452  485241  4947797  50.86
1980-1984     30-34     0.00103  0.00513  2.52   96828     497  482908  4462556  46.09
1980-1984     35-39     0.00125  0.00625  2.66   96331     602  480246  3979649  41.31
1980-1984     40-44     0.00212  0.01054  2.73   95729    1009  476355  3499402  36.56
1980-1984     45-49     0.00358  0.01778  2.73   94720    1684  469773  3023047  31.92
1980-1984     50-54     0.00586  0.02893  2.72   93036    2692  459034  2553274  27.44
1980-1984     55-59     0.01006  0.04915  2.68   90344    4440  441421  2094240  23.18
1980-1984     60-64     0.01580  0.07620  2.65   85904    6546  414156  1652820  19.24
1980-1984     65-69     0.02570  0.12116  2.64   79358    9615  374091  1238664  15.61
1980-1984     70-74     0.04033  0.18393  2.61   69743   12828  318099   864572  12.40
1980-1984     75-79     0.06370  0.27526  2.53   56915   15667  245932   546474   9.60
1980-1984     80-84     0.09869  0.39470  2.46   41248   16281  164970   300542   7.29
1980-1984     85-89     0.14951  0.53581  2.36   24968   13378   89480   135572   5.43
1980-1984     90-94     0.22490  0.68940  2.19   11590    7990   35526    46091   3.98
1980-1984     95-99     0.32325  0.81863  1.99    3600    2947    9116    10565   2.93
1980-1984    100-104    0.44100  0.90554  1.75     653     591    1341     1449   2.22
1980-1984    105-109    0.56764  0.95342  1.52      62      59     104      108   1.75
1980-1984    110+       0.66989  1.00000  1.49       3       3       4        4   1.49
1985-1989        0      0.01045  0.01035  0.08  100000    1035   99045  7454470  74.54
1985-1989      1-4      0.00059  0.00236  1.62   98965     234  395305  7355424  74.32
1985-1989      5-9      0.00030  0.00147  2.26   98732     146  493260  6960120  70.50
1985-1989     10-14     0.00031  0.00157  2.79   98586     155  492589  6466860  65.60
1985-1989     15-19     0.00107  0.00533  2.89   98431     524  491047  5974272  60.69
1985-1989     20-24     0.00129  0.00640  2.44   97907     627  487926  5483224  56.00
1985-1989     25-29     0.00108  0.00537  2.42   97280     523  485050  4995298  51.35
1985-1989     30-34     0.00105  0.00522  2.55   96757     505  482545  4510249  46.61
1985-1989     35-39     0.00129  0.00644  2.58   96252     620  479761  4027704  41.85
1985-1989     40-44     0.00192  0.00955  2.71   95632     913  476065  3547942  37.10
1985-1989     45-49     0.00316  0.01569  2.72   94719    1486  470211  3071877  32.43
1985-1989     50-54     0.00568  0.02804  2.68   93233    2614  460090  2601667  27.91
1985-1989     55-59     0.00898  0.04399  2.68   90618    3986  443842  2141577  23.63
1985-1989     60-64     0.01495  0.07223  2.65   86632    6258  418475  1697735  19.60
1985-1989     65-69     0.02354  0.11145  2.62   80375    8958  380562  1279260  15.92
1985-1989     70-74     0.03807  0.17456  2.63   71417   12466  327487   898697  12.58
1985-1989     75-79     0.06098  0.26517  2.54   58951   15632  256349   571211   9.69
1985-1989     80-84     0.09718  0.39017  2.48   43319   16902  173922   314862   7.27
1985-1989     85-89     0.15195  0.54271  2.37   26417   14337   94351   140940   5.34
1985-1989     90-94     0.23328  0.70584  2.20   12080    8527   36551    46589   3.86
1985-1989     95-99     0.33697  0.83277  1.96    3554    2959    8782    10037   2.82
1985-1989    100-104    0.46443  0.91781  1.71     594     545    1174     1255   2.11
1985-1989    105-109    0.59909  0.96134  1.47      49      47      78       81   1.66
1985-1989    110+       0.70549  1.00000  1.42       2       2       3        3   1.42
1990-1994        0      0.00679  0.00674  0.07  100000     674   99371  7658577  76.59
1990-1994      1-4      0.00047  0.00188  1.63   99326     187  396859  7559206  76.11
1990-1994      5-9      0.00022  0.00109  2.40   99138     108  495410  7162347  72.25
1990-1994     10-14     0.00024  0.00118  2.80   99030     117  494893  6666937  67.32
1990-1994     15-19     0.00087  0.00434  2.92   98913     430  493669  6172044  62.40
1990-1994     20-24     0.00115  0.00573  2.45   98483     565  490978  5678375  57.66
1990-1994     25-29     0.00095  0.00473  2.47   97918     463  488421  5187397  52.98
1990-1994     30-34     0.00094  0.00468  2.51   97455     456  486141  4698976  48.22
1990-1994     35-39     0.00120  0.00600  2.59   96999     582  483594  4212835  43.43
1990-1994     40-44     0.00170  0.00846  2.66   96418     816  480176  3729240  38.68
1990-1994     45-49     0.00262  0.01304  2.71   95602    1247  475158  3249064  33.99
1990-1994     50-54     0.00457  0.02260  2.73   94355    2132  466943  2773906  29.40
1990-1994     55-59     0.00746  0.03668  2.68   92223    3383  453274  2306963  25.02
1990-1994     60-64     0.01236  0.06010  2.70   88840    5339  431905  1853689  20.87
1990-1994     65-69     0.02020  0.09641  2.64   83501    8051  398516  1421784  17.03
1990-1994     70-74     0.03239  0.15044  2.64   75450   11351  350443  1023268  13.56
1990-1994     75-79     0.05173  0.23009  2.60   64099   14748  285080   672825  10.50
1990-1994     80-84     0.08591  0.35424  2.52   49351   17482  203479   387745   7.86
1990-1994     85-89     0.13527  0.50046  2.40   31869   15949  117910   184266   5.78
1990-1994     90-94     0.21050  0.66381  2.22   15920   10568   50204    66355   4.17
1990-1994     95-99     0.31214  0.80834  2.02    5352    4326   13860    16152   3.02
1990-1994    100-104    0.43725  0.90443  1.76    1026     928    2122     2292   2.23
1990-1994    105-109    0.57301  0.95532  1.51      98      94     163      170   1.73
1990-1994    110+       0.68230  1.00000  1.47       4       4       6        6   1.47
1995-1999        0      0.00507  0.00504  0.06  100000     504   99527  7818375  78.18
1995-1999      1-4      0.00033  0.00134  1.64   99496     133  397669  7718848  77.58
1995-1999      5-9      0.00016  0.00082  2.48   99363      81  496609  7321179  73.68
1995-1999     10-14     0.00021  0.00104  2.87   99281     103  496188  6824570  68.74
1995-1999     15-19     0.00077  0.00384  2.78   99178     381  495046  6328382  63.81
1995-1999     20-24     0.00089  0.00445  2.48   98798     439  492881  5833336  59.04
1995-1999     25-29     0.00088  0.00438  2.42   98358     430  490682  5340455  54.30
1995-1999     30-34     0.00085  0.00422  2.60   97928     413  488649  4849773  49.52
1995-1999     35-39     0.00099  0.00495  2.65   97515     483  486438  4361125  44.72
1995-1999     40-44     0.00142  0.00705  2.61   97032     684  483524  3874686  39.93
1995-1999     45-49     0.00221  0.01098  2.68   96348    1057  479283  3391162  35.20
1995-1999     50-54     0.00371  0.01840  2.72   95290    1753  472459  2911879  30.56
1995-1999     55-59     0.00620  0.03059  2.73   93537    2861  461185  2439420  26.08
1995-1999     60-64     0.01040  0.05077  2.70   90676    4604  442768  1978235  21.82
1995-1999     65-69     0.01731  0.08319  2.67   86072    7160  413698  1535467  17.84
1995-1999     70-74     0.02814  0.13189  2.62   78912   10408  369804  1121769  14.22
1995-1999     75-79     0.04595  0.20680  2.59   68504   14167  308332   751965  10.98
1995-1999     80-84     0.07791  0.32720  2.55   54338   17779  228191   443633   8.16
1995-1999     85-89     0.12888  0.48406  2.43   36558   17696  137312   215442   5.89
1995-1999     90-94     0.21110  0.66663  2.24   18862   12574   59562    78130   4.14
1995-1999     95-99     0.31900  0.81700  2.01    6288    5137   16105    18567   2.95
1995-1999    100-104    0.45749  0.91579  1.73    1151    1054    2303     2463   2.14
1995-1999    105-109    0.60542  0.96331  1.46      97      93     154      159   1.64
1995-1999    110+       0.72130  1.00000  1.39       4       4       5        5   1.39
2000-2004        0      0.00470  0.00468  0.06  100000     468   99560  7978725  79.79
2000-2004      1-4      0.00031  0.00123  1.52   99532     122  397823  7879165  79.16
2000-2004      5-9      0.00013  0.00067  2.30   99409      66  496867  7481342  75.26
2000-2004     10-14     0.00016  0.00082  2.97   99343      82  496547  6984475  70.31
2000-2004     15-19     0.00058  0.00290  2.79   99261     288  495667  6487928  65.36
2000-2004     20-24     0.00065  0.00324  2.53   98973     321  494075  5992261  60.54
2000-2004     25-29     0.00067  0.00336  2.55   98653     331  492451  5498186  55.73
2000-2004     30-34     0.00073  0.00363  2.58   98321     357  490743  5005735  50.91
2000-2004     35-39     0.00093  0.00462  2.56   97964     453  488717  4514992  46.09
2000-2004     40-44     0.00123  0.00612  2.62   97512     597  486135  4026275  41.29
2000-2004     45-49     0.00191  0.00949  2.66   96915     920  482426  3540140  36.53
2000-2004     50-54     0.00306  0.01521  2.70   95995    1460  476619  3057715  31.85
2000-2004     55-59     0.00495  0.02446  2.69   94535    2312  467335  2581096  27.30
2000-2004     60-64     0.00829  0.04065  2.69   92222    3749  452436  2113760  22.92
2000-2004     65-69     0.01403  0.06797  2.72   88473    6013  428657  1661324  18.78
2000-2004     70-74     0.02401  0.11364  2.66   82460    9371  390365  1232667  14.95
2000-2004     75-79     0.04015  0.18342  2.64   73089   13406  333860   842301  11.52
2000-2004     80-84     0.06942  0.29734  2.59   59683   17746  255626   508441   8.52
2000-2004     85-89     0.12364  0.47107  2.47   41937   19755  159778   252815   6.03
2000-2004     90-94     0.20594  0.66117  2.29   22182   14666   71214    93036   4.19
2000-2004     95-99     0.32449  0.82376  2.01    7516    6191   19080    21822   2.90
2000-2004    100-104    0.47371  0.92396  1.70    1325    1224    2584     2742   2.07
2000-2004    105-109    0.63048  0.96849  1.42     101      98     155      159   1.58
2000-2004    110+       0.75004  1.00000  1.33       3       3       4        4   1.33
2005-2008        0      0.00439  0.00438  0.06  100000     438   99589  8096127  80.96
2005-2008      1-4      0.00026  0.00106  1.48   99562     105  397985  7996538  80.32
2005-2008      5-9      0.00011  0.00053  2.55   99457      53  497158  7598553  76.40
2005-2008     10-14     0.00014  0.00072  2.76   99405      72  496863  7101396  71.44
2005-2008     15-19     0.00054  0.00270  2.84   99333     269  496083  6604533  66.49
2005-2008     20-24     0.00060  0.00301  2.40   99064     298  494544  6108450  61.66
2005-2008     25-29     0.00056  0.00279  2.45   98766     276  493126  5613906  56.84
2005-2008     30-34     0.00062  0.00310  2.61   98490     305  491722  5120780  51.99
2005-2008     35-39     0.00088  0.00441  2.57   98185     433  489872  4629058  47.15
2005-2008     40-44     0.00118  0.00590  2.61   97752     577  487382  4139186  42.34
2005-2008     45-49     0.00178  0.00887  2.66   97175     862  483862  3651804  37.58
2005-2008     50-54     0.00272  0.01351  2.63   96313    1301  478490  3167943  32.89
2005-2008     55-59     0.00456  0.02254  2.66   95013    2141  470063  2689453  28.31
2005-2008     60-64     0.00705  0.03467  2.69   92871    3220  456905  2219390  23.90
2005-2008     65-69     0.01186  0.05768  2.65   89652    5171  436122  1762486  19.66
2005-2008     70-74     0.02029  0.09692  2.70   84481    8188  403584  1326363  15.70
2005-2008     75-79     0.03530  0.16313  2.68   76293   12446  352627   922780  12.10
2005-2008     80-84     0.06276  0.27289  2.61   63847   17423  277611   570153   8.93
2005-2008     85-89     0.11326  0.44129  2.50   46424   20486  180882   292541   6.30
2005-2008     90-94     0.19796  0.64272  2.27   25937   16671   84213   111659   4.30
2005-2008     95-99     0.31642  0.81651  2.04    9267    7567   23913    27447   2.96
2005-2008    100-104    0.47160  0.92369  1.71    1700    1571    3330     3533   2.08
2005-2008    105-109    0.63562  0.96968  1.42     130     126     198      203   1.57
2005-2008    110+       0.75971  1.00000  1.32       4       4       5        5   1.32
